TaskID,FinishTime_Chairs
0,1
1,0
2,1
3,0
4,1
5,0
6,1
7,0
8,1
9,0
10,1
11,0
12,1
13,0
14,1
15,0
16,1
17,0
18,1
19,0
20,1
21,0
22,1
23,0
24,1
25,0
26,1
27,0
28,1
29,0
30,1
31,0
32,1
33,0
34,2
35,1
36,1
37,0
38,1
39,0
40,1
41,0
42,1
43,0
44,1
45,0
46,1
47,0
48,1
49,0
50,1
51,0
52,1
53,0
54,1
55,0
56,1
57,0
58,1
59,0
60,1
61,0
62,1
63,0
64,1
65,0
66,1
67,0
68,1
69,0
70,1
71,0
72,1
73,0
74,1
75,0
76,1
77,0
78,1
79,0
80,1
81,0
82,1
83,0
84,1
85,0
86,1
87,0
88,1
89,0
90,1
91,0
92,1
93,0
94,1
95,0
96,1
97,0
98,1
99,0
100,1
101,0
102,1
103,0
104,1
105,0
106,1
107,0
108,1
109,0
110,1
111,0
112,1
113,0
114,1
115,0
116,1
117,0
118,1
119,0
120,1
121,0
122,1
123,0
124,1
125,0
126,1
127,0
128,1
129,0
130,1
131,0
132,1
133,0
134,1
135,0
136,1
137,0
138,1
139,0
140,1
141,0
142,1
143,0
144,1
145,0
146,1
147,0
148,1
149,0
150,1
151,0
152,1
153,0
154,1
155,0
156,1
157,0
158,1
159,0
160,1
161,0
162,1
163,0
164,1
165,0
166,1
167,0
168,1
169,0
170,1
171,0
172,1
173,0
174,1
175,0
176,1
177,0
178,1
179,0
180,1
181,0
182,1
183,0
184,1
185,0
186,1
187,0
188,1
189,0
190,1
191,0
192,1
193,0
194,1
195,0
196,1
197,0
198,1
199,0
200,1
201,0
202,1
203,0
204,1
205,0
206,1
207,0
208,1
209,0
210,1
211,0
212,1
213,0
214,1
215,0
216,1
217,0
218,1
219,0
220,1
221,0
222,1
223,0
224,1
225,0
226,1
227,0
228,1
229,0
230,1
231,0
232,1
233,0
234,1
235,0
236,1
237,0
238,1
239,0
240,1
241,0
242,1
243,0
244,1
245,0
246,1
247,0
248,1
249,0
250,1
251,0
252,1
253,0
254,1
255,0
256,1
257,0
258,1
259,0
260,1
261,0
262,1
263,0
264,1
265,0
266,1
267,0
268,1
269,0
270,1
271,0
272,1
273,0
274,1
275,0
276,1
277,0
278,1
279,0
280,1
281,0
282,1
283,0
284,1
285,0
286,1
287,0
288,1
289,0
290,1
291,0
292,1
293,0
294,1
295,0
296,1
297,0
298,1
299,0
300,1
301,0
302,1
303,0
304,1
305,0
306,1
307,0
308,1
309,0
310,1
311,0
312,1
313,0
314,1
315,0
316,1
317,0
318,1
319,0
320,1
321,0
322,1
323,0
324,1
325,0
326,1
327,0
328,1
329,0
330,1
331,0
332,1
333,0
334,1
335,0
336,1
337,0
338,1
339,0
340,1
341,0
342,1
343,0
344,1
345,0
346,1
347,0
348,1
349,0
350,1
351,0
352,1
353,0
354,1
355,0
356,1
357,0
358,1
359,0
360,1
361,0
362,1
363,0
364,1
365,0
366,1
367,0
368,1
369,0
370,1
371,0
372,1
373,0
374,1
375,0
376,1
377,0
378,1
379,0
380,1
381,0
382,1
383,0
384,1
385,0
386,1
387,0
388,1
389,0
390,1
391,0
392,1
393,0
394,1
395,0
396,1
397,0
398,1
399,0
400,1
401,0
402,1
403,0
404,1
405,0
406,1
407,0
408,1
409,0
410,1
411,0
412,1
413,0
414,1
415,0
416,1
417,0
418,1
419,0
420,1
421,0
422,-1
423,-1
424,1
425,0
426,1
427,0
428,1
429,0
430,1
431,0
432,1
433,0
434,1
435,0
436,1
437,0
438,1
439,0
440,1
441,0
442,1
443,0
444,1
445,0
446,1
447,0
448,1
449,0
450,1
451,0
452,1
453,0
454,1
455,0
456,1
457,0
458,1
459,0
460,1
461,0
462,1
463,0
464,1
465,0
466,1
467,0
468,1
469,0
470,1
471,0
472,1
473,0
474,1
475,0
476,1
477,0
478,1
479,0
480,1
481,0
482,1
483,0
484,1
485,0
486,1
487,0
488,1
489,0
490,1
491,0
492,1
493,0
494,1
495,0
496,1
497,0
498,1
499,0
500,1
501,0
502,1
503,0
504,1
505,0
506,1
507,0
508,1
509,0
510,1
511,0
512,1
513,0
514,1
515,0
516,1
517,0
518,1
519,0
520,1
521,0
522,1
523,0
524,1
525,0
526,1
527,0
528,1
529,0
530,1
531,0
532,1
533,0
534,1
535,0
536,1
537,0
538,1
539,0
540,1
541,0
542,1
543,0
544,1
545,0
546,1
547,0
548,1
549,0
550,1
551,0
552,1
553,0
554,1
555,0
556,1
557,0
558,1
559,0
560,1
561,0
562,1
563,0
564,1
565,0
566,1
567,0
568,1
569,0
570,1
571,0
572,1
573,0
574,1
575,0
576,1
577,0
578,1
579,0
580,1
581,0
582,1
583,0
584,1
585,0
586,1
587,0
588,1
589,0
590,1
591,0
592,1
593,0
594,1
595,0
596,1
597,0
598,1
599,0
600,1
601,0
602,1
603,0
604,1
605,0
606,1
607,0
608,1
609,0
610,1
611,0
612,1
613,0
614,1
615,0
616,1
617,0
618,1
619,0
620,1
621,0
622,1
623,0
624,1
625,0
626,1
627,0
628,1
629,0
630,1
631,0
632,1
633,0
634,1
635,1
636,1
637,0
638,1
639,0
640,1
641,0
642,2
643,0
644,1
645,0
646,1
647,0
648,1
649,0
650,1
651,0
652,1
653,0
654,1
655,0
656,1
657,0
658,1
659,0
660,1
661,0
662,1
663,0
664,1
665,0
666,1
667,0
668,1
669,0
670,1
671,0
672,1
673,0
674,1
675,0
676,1
677,0
678,1
679,0
680,-1
681,-1
682,1
683,0
684,1
685,0
686,1
687,0
688,1
689,0
690,1
691,0
692,1
693,0
694,1
695,0
696,1
697,0
698,1
699,0
700,1
701,0
702,1
703,0
704,1
705,0
706,1
707,0
708,1
709,0
710,1
711,0
712,1
713,0
714,1
715,0
716,1
717,0
718,1
719,0
720,1
721,0
722,1
723,0
724,1
725,0
726,1
727,0
728,1
729,0
730,1
731,0
732,1
733,0
734,1
735,0
736,1
737,0
738,1
739,0
740,1
741,0
742,1
743,0
744,1
745,0
746,1
747,0
748,1
749,0
750,2
751,1
752,1
753,0
754,1
755,0
756,1
757,0
758,1
759,0
760,1
761,0
762,1
763,0
764,1
765,0
766,1
767,0
768,1
769,0
770,1
771,0
772,1
773,0
774,1
775,0
776,1
777,0
778,1
779,0
780,1
781,0
782,1
783,0
784,1
785,0
786,1
787,0
788,1
789,0
790,1
791,0
792,1
793,0
794,1
795,0
796,1
797,0
798,1
799,0
800,1
801,0
802,1
803,0
804,1
805,0
806,1
807,0
808,1
809,0
810,1
811,0
812,1
813,0
814,1
815,0
816,1
817,0
818,1
819,0
820,1
821,0
822,1
823,0
824,-1
825,-1
826,1
827,0
828,1
829,0
830,1
831,0
832,1
833,0
834,1
835,0
836,1
837,0
838,1
839,0
840,1
841,0
842,1
843,0
844,1
845,0
846,1
847,0
848,1
849,0
850,1
851,0
852,1
853,0
854,1
855,0
856,1
857,0
858,1
859,0
860,1
861,0
862,1
863,0
864,1
865,0
866,1
867,0
868,1
869,0
870,1
871,0
872,1
873,0
874,1
875,0
876,1
877,0
878,1
879,0
880,1
881,0
882,1
883,0
884,1
885,0
886,1
887,0
888,1
889,0
890,1
891,0
892,1
893,0
894,1
895,0
896,1
897,0
898,1
899,0
900,1
901,0
902,1
903,0
904,1
905,0
906,1
907,0
908,1
909,0
910,1
911,0
912,1
913,0
914,1
915,0
916,1
917,0
918,1
919,0
920,1
921,0
922,1
923,0
924,1
925,0
926,1
927,0
928,1
929,0
930,1
931,0
932,1
933,0
934,1
935,0
936,1
937,0
938,1
939,0
940,1
941,0
942,1
943,0
944,1
945,0
946,1
947,0
948,1
949,0
950,1
951,0
952,1
953,0
954,1
955,0
956,1
957,0
958,1
959,0
960,1
961,0
962,1
963,0
964,1
965,0
966,1
967,0
968,1
969,0
970,1
971,0
972,1
973,0
974,1
975,0
976,1
977,0
978,1
979,0
980,1
981,0
982,1
983,0
984,1
985,0
986,1
987,0
988,1
989,0
990,1
991,0
992,1
993,0
994,1
995,0
996,1
997,0
998,1
999,0
1000,1
1001,0
1002,1
1003,0
1004,1
1005,0
1006,1
1007,0
1008,1
1009,0
1010,1
1011,0
1012,1
1013,0
1014,1
1015,0
1016,1
1017,0
1018,1
1019,0
1020,1
1021,0
1022,1
1023,0
1024,1
1025,0
1026,1
1027,0
1028,1
1029,0
1030,1
1031,0
1032,1
1033,0
1034,1
1035,0
1036,1
1037,0
1038,1
1039,0
1040,1
1041,0
1042,1
1043,0
1044,1
1045,0
1046,1
1047,0
1048,1
1049,0
1050,1
1051,0
1052,1
1053,0
1054,1
1055,0
1056,1
1057,0
1058,1
1059,0
1060,1
1061,0
1062,2
1063,1
1064,1
1065,0
1066,-1
1067,-1
1068,1
1069,0
1070,1
1071,0
1072,1
1073,0
1074,1
1075,0
1076,1
1077,0
1078,1
1079,0
1080,1
1081,0
1082,1
1083,0
1084,1
1085,0
1086,1
1087,0
1088,1
1089,0
1090,1
1091,0
1092,1
1093,0
1094,1
1095,0
1096,1
1097,0
1098,1
1099,0
1100,1
1101,0
1102,1
1103,0
1104,1
1105,0
1106,1
1107,0
1108,1
1109,0
1110,1
1111,0
1112,1
1113,0
1114,1
1115,0
1116,1
1117,0
1118,1
1119,0
1120,1
1121,0
1122,1
1123,0
1124,1
1125,0
1126,1
1127,0
1128,1
1129,0
1130,1
1131,0
1132,1
1133,0
1134,1
1135,0
1136,1
1137,0
1138,1
1139,0
1140,1
1141,0
1142,1
1143,0
1144,1
1145,0
1146,1
1147,0
1148,-1
1149,-1
1150,1
1151,0
1152,1
1153,0
1154,1
1155,0
1156,1
1157,0
1158,1
1159,0
1160,1
1161,0
1162,1
1163,0
1164,1
1165,0
1166,1
1167,0
1168,1
1169,0
1170,1
1171,0
1172,1
1173,0
1174,1
1175,0
1176,1
1177,0
1178,1
1179,0
1180,1
1181,0
1182,1
1183,0
1184,1
1185,0
1186,1
1187,0
1188,1
1189,0
1190,1
1191,0
1192,1
1193,0
1194,1
1195,0
1196,1
1197,0
1198,1
1199,0
1200,1
1201,0
1202,1
1203,0
1204,1
1205,0
1206,1
1207,0
1208,1
1209,0
1210,1
1211,0
1212,1
1213,0
1214,1
1215,0
1216,1
1217,0
1218,1
1219,0
1220,1
1221,0
1222,1
1223,0
1224,1
1225,0
1226,1
1227,0
1228,1
1229,0
1230,1
1231,0
1232,1
1233,0
1234,-1
1235,-1
1236,1
1237,0
1238,1
1239,0
1240,1
1241,0
1242,1
1243,0
1244,1
1245,0
1246,1
1247,0
1248,1
1249,0
1250,1
1251,0
1252,1
1253,0
1254,1
1255,0
1256,1
1257,0
1258,1
1259,0
1260,1
1261,0
1262,1
1263,0
1264,1
1265,0
1266,1
1267,0
1268,1
1269,0
1270,1
1271,0
1272,1
1273,0
1274,1
1275,0
1276,1
1277,0
1278,1
1279,0
1280,1
1281,0
1282,1
1283,0
1284,1
1285,0
1286,1
1287,0
1288,1
1289,0
1290,1
1291,0
1292,1
1293,0
1294,1
1295,0
1296,1
1297,0
1298,1
1299,0
1300,1
1301,0
1302,1
1303,0
1304,1
1305,0
1306,1
1307,0
1308,1
1309,0
1310,1
1311,0
1312,1
1313,0
1314,1
1315,0
1316,1
1317,0
1318,1
1319,0
1320,1
1321,0
1322,1
1323,0
1324,1
1325,0
1326,1
1327,0
1328,1
1329,0
1330,1
1331,0
1332,1
1333,0
1334,1
1335,0
1336,1
1337,0
1338,1
1339,0
1340,1
1341,0
1342,1
1343,0
1344,1
1345,0
1346,1
1347,0
1348,1
1349,0
1350,1
1351,0
1352,1
1353,0
1354,1
1355,0
1356,1
1357,0
1358,1
1359,0
1360,1
1361,0
1362,1
1363,0
1364,1
1365,0
1366,1
1367,0
1368,1
1369,1
1370,1
1371,0
1372,2
1373,0
1374,1
1375,0
1376,1
1377,0
1378,1
1379,0
1380,1
1381,0
1382,1
1383,0
1384,1
1385,0
1386,1
1387,0
1388,1
1389,0
1390,1
1391,0
1392,1
1393,0
1394,1
1395,0
1396,1
1397,0
1398,1
1399,0
1400,1
1401,0
1402,1
1403,0
1404,1
1405,0
1406,1
1407,0
1408,1
1409,0
1410,1
1411,0
1412,1
1413,0
1414,1
1415,0
1416,1
1417,0
1418,1
1419,0
1420,1
1421,0
1422,1
1423,0
1424,1
1425,0
1426,1
1427,0
1428,1
1429,0
1430,1
1431,0
1432,1
1433,0
1434,1
1435,0
1436,1
1437,0
1438,1
1439,0
1440,1
1441,0
1442,1
1443,0
1444,1
1445,0
1446,1
1447,0
1448,1
1449,0
1450,1
1451,0
1452,1
1453,0
1454,1
1455,0
1456,1
1457,0
1458,1
1459,0
1460,1
1461,0
1462,1
1463,0
1464,1
1465,0
1466,1
1467,0
1468,1
1469,0
1470,1
1471,0
1472,1
1473,0
1474,1
1475,0
1476,1
1477,0
1478,1
1479,0
1480,1
1481,0
1482,1
1483,0
1484,1
1485,0
1486,1
1487,0
1488,1
1489,0
1490,1
1491,0
1492,1
1493,0
1494,1
1495,0
1496,1
1497,0
1498,1
1499,0
1500,1
1501,0
1502,1
1503,0
1504,1
1505,0
1506,1
1507,0
1508,1
1509,0
1510,1
1511,0
1512,1
1513,0
1514,1
1515,0
1516,1
1517,0
1518,1
1519,0
1520,1
1521,0
1522,1
1523,0
1524,1
1525,0
1526,1
1527,0
1528,1
1529,0
1530,1
1531,0
1532,1
1533,0
1534,1
1535,0
1536,1
1537,0
1538,1
1539,0
1540,1
1541,0
1542,1
1543,0
1544,1
1545,0
1546,1
1547,0
1548,1
1549,0
1550,1
1551,0
1552,1
1553,0
1554,1
1555,0
1556,1
1557,0
1558,1
1559,0
1560,1
1561,0
1562,1
1563,0
1564,1
1565,0
1566,1
1567,0
1568,1
1569,0
1570,1
1571,0
1572,1
1573,0
1574,1
1575,0
1576,1
1577,0
1578,1
1579,0
1580,1
1581,0
1582,1
1583,0
1584,1
1585,0
1586,1
1587,0
1588,1
1589,0
1590,1
1591,0
1592,1
1593,0
1594,1
1595,0
1596,1
1597,0
1598,1
1599,0
1600,1
1601,0
1602,1
1603,0
1604,1
1605,0
1606,1
1607,0
1608,1
1609,0
1610,1
1611,0
1612,-1
1613,-1
1614,1
1615,0
1616,1
1617,0
1618,1
1619,0
1620,1
1621,0
1622,1
1623,0
1624,1
1625,0
1626,1
1627,0
1628,1
1629,0
1630,1
1631,0
1632,1
1633,0
1634,1
1635,0
1636,1
1637,0
1638,1
1639,0
1640,1
1641,0
1642,1
1643,0
1644,1
1645,0
1646,1
1647,0
1648,1
1649,0
1650,1
1651,0
1652,1
1653,0
1654,1
1655,0
1656,1
1657,0
1658,1
1659,0
1660,1
1661,0
1662,1
1663,0
1664,1
1665,0
1666,1
1667,0
1668,1
1669,0
1670,1
1671,0
1672,1
1673,0
1674,1
1675,0
1676,1
1677,0
1678,1
1679,0
1680,1
1681,0
1682,1
1683,0
1684,1
1685,0
1686,1
1687,0
1688,1
1689,0
1690,1
1691,0
1692,1
1693,0
1694,-1
1695,-1
1696,1
1697,0
1698,1
1699,0
1700,1
1701,0
1702,1
1703,0
1704,1
1705,0
1706,1
1707,0
1708,1
1709,0
1710,1
1711,0
1712,1
1713,0
1714,1
1715,0
1716,2
1717,1
1718,1
1719,0
1720,1
1721,0
1722,-1
1723,-1
1724,1
1725,0
1726,1
1727,0
1728,1
1729,0
1730,1
1731,0
1732,1
1733,0
1734,1
1735,0
1736,1
1737,0
1738,1
1739,0
1740,1
1741,0
1742,1
1743,0
1744,1
1745,0
1746,1
1747,0
1748,1
1749,0
1750,1
1751,0
1752,1
1753,0
1754,1
1755,0
1756,1
1757,0
1758,1
1759,0
1760,1
1761,0
1762,1
1763,0
1764,1
1765,0
1766,1
1767,0
1768,1
1769,0
1770,1
1771,0
1772,1
1773,0
1774,1
1775,0
1776,1
1777,0
1778,1
1779,0
1780,1
1781,0
1782,1
1783,0
1784,1
1785,0
1786,1
1787,0
1788,1
1789,0
1790,1
1791,0
1792,1
1793,0
1794,1
1795,0
1796,1
1797,0
1798,1
1799,0
1800,1
1801,0
1802,1
1803,0
1804,1
1805,0
1806,1
1807,0
1808,1
1809,2
1810,1
1811,0
1812,1
1813,0
1814,1
1815,0
1816,1
1817,0
1818,1
1819,0
1820,1
1821,0
1822,3
1823,2
1824,1
1825,0
1826,1
1827,0
1828,1
1829,0
1830,1
1831,0
1832,1
1833,0
1834,2
1835,0
1836,1
1837,0
1838,1
1839,0
1840,1
1841,0
1842,1
1843,0
1844,1
1845,0
1846,1
1847,0
1848,2
1849,1
1850,1
1851,0
1852,1
1853,0
1854,1
1855,0
1856,1
1857,0
1858,2
1859,1
1860,1
1861,0
1862,1
1863,0
1864,-1
1865,-1
1866,1
1867,0
1868,1
1869,0
1870,1
1871,0
1872,1
1873,0
1874,1
1875,0
1876,1
1877,1
1878,1
1879,0
1880,1
1881,0
1882,1
1883,0
1884,1
1885,0
1886,1
1887,0
1888,1
1889,0
1890,1
1891,0
1892,1
1893,0
1894,1
1895,0
1896,1
1897,0
1898,1
1899,0
1900,1
1901,0
1902,1
1903,0
1904,1
1905,0
1906,1
1907,1
1908,1
1909,0
1910,1
1911,0
1912,1
1913,0
1914,1
1915,0
1916,1
1917,0
1918,1
1919,0
1920,1
1921,0
1922,1
1923,0
1924,1
1925,0
1926,1
1927,0
1928,1
1929,0
1930,1
1931,0
1932,1
1933,1
1934,1
1935,0
1936,1
1937,0
1938,1
1939,0
1940,1
1941,0
1942,1
1943,0
1944,1
1945,0
1946,1
1947,0
1948,1
1949,0
1950,1
1951,0
1952,1
1953,0
1954,1
1955,0
1956,2
1957,0
1958,1
1959,0
1960,1
1961,0
1962,1
1963,0
1964,2
1965,1
1966,1
1967,0
1968,1
1969,0
1970,-1
1971,-1
1972,2
1973,0
1974,2
1975,0
1976,1
1977,0
1978,1
1979,0
1980,1
1981,0
1982,1
1983,0
1984,1
1985,0
1986,1
1987,0
1988,1
1989,0
1990,1
1991,1
1992,1
1993,0
1994,2
1995,1
1996,1
1997,0
1998,1
1999,0
2000,1
2001,0
2002,1
2003,1
2004,1
2005,0
2006,1
2007,0
2008,2
2009,2
2010,1
2011,0
2012,1
2013,0
2014,1
2015,0
2016,1
2017,1
2018,1
2019,0
2020,1
2021,0
2022,1
2023,0
2024,1
2025,0
2026,1
2027,0
2028,1
2029,0
2030,2
2031,1
2032,1
2033,0
2034,1
2035,0
2036,1
2037,0
2038,1
2039,0
2040,1
2041,1
2042,1
2043,0
2044,2
2045,1
2046,1
2047,1
2048,1
2049,0
2050,1
2051,0
2052,1
2053,0
2054,-1
2055,-1
2056,1
2057,0
2058,1
2059,0
2060,1
2061,0
2062,1
2063,0
2064,2
2065,0
2066,-1
2067,-1
2068,1
2069,0
2070,1
2071,0
2072,-1
2073,-1
2074,1
2075,0
2076,1
2077,0
2078,1
2079,1
2080,1
2081,0
2082,1
2083,0
2084,2
2085,2
2086,-1
2087,-1
2088,1
2089,1
2090,3
2091,1
2092,-1
2093,-1
2094,1
2095,0
2096,1
2097,0
2098,2
2099,0
2100,1
2101,0
2102,1
2103,0
2104,1
2105,0
2106,1
2107,0
2108,1
2109,0
2110,1
2111,0
2112,1
2113,0
2114,1
2115,0
2116,1
2117,0
2118,1
2119,0
2120,2
2121,1
2122,3
2123,1
2124,1
2125,0
2126,1
2127,1
2128,1
2129,0
2130,1
2131,0
2132,1
2133,0
2134,1
2135,0
2136,1
2137,0
2138,1
2139,0
2140,3
2141,2
2142,2
2143,1
2144,1
2145,0
2146,1
2147,0
2148,1
2149,0
2150,1
2151,0
2152,-1
2153,-1
2154,1
2155,0
2156,1
2157,0
2158,1
2159,0
2160,1
2161,0
2162,2
2163,1
2164,1
2165,0
2166,1
2167,0
2168,1
2169,0
2170,2
2171,0
2172,1
2173,0
2174,1
2175,1
2176,1
2177,0
2178,1
2179,0
2180,1
2181,0
2182,2
2183,0
2184,2
2185,0
2186,1
2187,0
2188,1
2189,0
2190,1
2191,0
2192,1
2193,0
2194,1
2195,0
2196,-1
2197,-1
2198,1
2199,0
2200,1
2201,0
2202,1
2203,0
2204,2
2205,1
2206,1
2207,0
2208,1
2209,0
2210,-1
2211,-1
2212,1
2213,0
2214,1
2215,0
2216,1
2217,0
2218,1
2219,0
2220,1
2221,2
2222,1
2223,0
2224,1
2225,0
2226,1
2227,0
2228,1
2229,0
2230,1
2231,0
2232,1
2233,0
2234,1
2235,0
2236,1
2237,0
2238,1
2239,0
2240,-1
2241,-1
2242,-1
2243,-1
2244,1
2245,0
2246,1
2247,0
2248,1
2249,1
2250,1
2251,0
2252,1
2253,0
2254,1
2255,0
2256,1
2257,2
2258,1
2259,0
2260,1
2261,1
2262,1
2263,0
2264,1
2265,2
2266,1
2267,0
2268,1
2269,0
2270,1
2271,0
2272,1
2273,0
2274,2
2275,0
2276,1
2277,0
2278,1
2279,0
2280,3
2281,0
2282,2
2283,0
2284,1
2285,1
2286,-1
2287,-1
2288,1
2289,0
2290,1
2291,1
2292,1
2293,0
2294,1
2295,0
2296,1
2297,1
2298,1
2299,0
2300,1
2301,0
2302,1
2303,0
2304,1
2305,0
2306,1
2307,0
2308,1
2309,0
2310,1
2311,0
2312,1
2313,0
2314,1
2315,0
2316,1
2317,1
2318,1
2319,0
2320,1
2321,1
2322,1
2323,0
2324,2
2325,1
2326,2
2327,2
2328,2
2329,0
2330,1
2331,0
2332,1
2333,2
2334,1
2335,1
2336,1
2337,1
2338,1
2339,0
2340,2
2341,0
2342,1
2343,0
2344,2
2345,1
2346,1
2347,0
2348,1
2349,0
2350,-1
2351,-1
2352,1
2353,0
2354,-1
2355,-1
2356,-1
2357,-1
2358,-1
2359,-1
2360,-1
2361,-1
2362,-1
2363,-1
2364,1
2365,0
2366,1
2367,0
2368,1
2369,0
2370,2
2371,2
2372,-1
2373,-1
2374,1
2375,0
2376,1
2377,1
2378,1
2379,1
2380,1
2381,0
2382,1
2383,1
2384,1
2385,0
2386,1
2387,0
2388,1
2389,1
2390,1
2391,1
2392,1
2393,0
2394,1
2395,1
2396,1
2397,0
2398,1
2399,0
2400,2
2401,0
2402,1
2403,0
2404,1
2405,0
2406,1
2407,0
2408,1
2409,0
2410,-1
2411,-1
2412,1
2413,0
2414,2
2415,1
2416,-1
2417,-1
2418,1
2419,0
2420,1
2421,1
2422,-1
2423,-1
2424,2
2425,2
2426,1
2427,0
2428,1
2429,0
2430,3
2431,2
2432,1
2433,0
2434,1
2435,1
2436,3
2437,2
2438,1
2439,0
2440,1
2441,0
2442,2
2443,0
2444,1
2445,0
2446,1
2447,0
2448,3
2449,1
2450,2
2451,0
2452,-1
2453,-1
2454,2
2455,0
2456,-1
2457,-1
2458,1
2459,0
2460,2
2461,0
2462,-1
2463,-1
2464,1
2465,0
2466,2
2467,0
2468,1
2469,0
2470,-1
2471,-1
2472,3
2473,0
2474,1
2475,2
2476,-1
2477,-1
2478,2
2479,0
2480,1
2481,0
2482,3
2483,1
2484,2
2485,0
2486,1
2487,1
2488,-1
2489,-1
2490,2
2491,0
2492,1
2493,0
2494,2
2495,2
2496,1
2497,0
2498,2
2499,0
2500,1
2501,0
2502,1
2503,0
2504,-1
2505,-1
2506,1
2507,0
2508,-1
2509,-1
2510,1
2511,1
2512,2
2513,0
2514,1
2515,0
2516,1
2517,0
2518,-1
2519,-1
2520,2
2521,2
2522,-1
2523,-1
2524,2
2525,2
2526,1
2527,0
2528,-1
2529,-1
2530,1
2531,0
2532,1
2533,0
2534,2
2535,0
2536,3
2537,1
2538,1
2539,0
2540,1
2541,0
2542,1
2543,0
2544,3
2545,2
2546,-1
2547,-1
2548,1
2549,0
2550,1
2551,0
2552,1
2553,0
2554,3
2555,1
2556,1
2557,0
2558,3
2559,2
2560,1
2561,0
2562,2
2563,2
2564,1
2565,0
2566,1
2567,0
2568,2
2569,2
2570,1
2571,0
2572,1
2573,0
2574,1
2575,0
2576,1
2577,0
2578,-1
2579,-1
2580,2
2581,1
2582,1
2583,0
2584,2
2585,0
2586,3
2587,0
2588,2
2589,0
2590,3
2591,0
2592,1
2593,0
2594,1
2595,0
2596,1
2597,0
2598,-1
2599,-1
2600,3
2601,1
2602,1
2603,1
2604,1
2605,0
2606,-1
2607,-1
2608,1
2609,0
2610,-1
2611,-1
2612,3
2613,0
2614,3
2615,2
2616,-1
2617,-1
2618,1
2619,2
2620,1
2621,0
2622,1
2623,0
2624,-1
2625,-1
2626,2
2627,1
2628,1
2629,0
2630,2
2631,1
2632,-1
2633,-1
2634,2
2635,0
2636,-1
2637,-1
2638,-1
2639,-1
2640,1
2641,0
2642,1
2643,0
2644,3
2645,0
2646,-1
2647,-1
2648,1
2649,1
2650,1
2651,0
2652,3
2653,0
2654,2
2655,1
2656,-1
2657,-1
2658,1
2659,0
2660,-1
2661,-1
2662,2
2663,2
2664,-1
2665,-1
2666,1
2667,0
2668,1
2669,0
2670,1
2671,0
2672,1
2673,0
2674,1
2675,0
2676,-1
2677,-1
2678,2
2679,1
2680,1
2681,0
2682,1
2683,0
2684,1
2685,0
2686,1
2687,0
2688,3
2689,2
2690,-1
2691,-1
2692,1
2693,0
2694,1
2695,0
2696,-1
2697,-1
2698,1
2699,0
2700,1
2701,0
2702,1
2703,0
2704,-1
2705,-1
2706,2
2707,1
2708,1
2709,0
2710,-1
2711,-1
2712,-1
2713,-1
2714,-1
2715,-1
2716,-1
2717,-1
2718,-1
2719,-1
2720,1
2721,0
2722,1
2723,0
2724,3
2725,1
2726,3
2727,2
2728,1
2729,1
2730,-1
2731,-1
2732,-1
2733,-1
2734,-1
2735,-1
2736,1
2737,0
2738,1
2739,0
2740,1
2741,0
2742,-1
2743,-1
2744,-1
2745,-1
2746,2
2747,1
2748,-1
2749,-1
2750,-1
2751,-1
2752,-1
2753,-1
2754,2
2755,1
2756,1
2757,0
2758,-1
2759,-1
2760,-1
2761,-1
2762,3
2763,1
2764,-1
2765,-1
2766,1
2767,0
2768,2
2769,1
2770,-1
2771,-1
2772,1
2773,0
2774,-1
2775,-1
2776,1
2777,0
2778,-1
2779,-1
2780,1
2781,1
2782,1
2783,0
2784,1
2785,0
2786,1
2787,0
2788,1
2789,0
2790,-1
2791,-1
2792,1
2793,0
2794,2
2795,0
2796,-1
2797,-1
2798,1
2799,0
2800,-1
2801,-1
2802,1
2803,0
2804,-1
2805,-1
2806,1
2807,1
2808,-1
2809,-1
2810,1
2811,0
2812,-1
2813,-1
2814,1
2815,1
2816,2
2817,1
2818,2
2819,1
2820,-1
2821,-1
2822,1
2823,0
2824,-1
2825,-1
2826,1
2827,0
2828,1
2829,0
2830,1
2831,1
2832,-1
2833,-1
2834,1
2835,0
2836,1
2837,0
2838,-1
2839,-1
2840,-1
2841,-1
2842,2
2843,0
2844,-1
2845,-1
2846,1
2847,0
2848,-1
2849,-1
2850,1
2851,0
2852,-1
2853,-1
2854,2
2855,1
2856,1
2857,0
2858,1
2859,0
2860,1
2861,0
2862,-1
2863,-1
2864,1
2865,1
2866,1
2867,1
2868,1
2869,0
2870,-1
2871,-1
2872,-1
2873,-1
2874,-1
2875,-1
2876,-1
2877,-1
2878,2
2879,2
2880,1
2881,0
2882,1
2883,0
2884,1
2885,0
2886,1
2887,0
2888,2
2889,2
2890,-1
2891,-1
2892,1
2893,0
2894,1
2895,0
2896,1
2897,0
2898,-1
2899,-1
2900,-1
2901,-1
2902,1
2903,0
2904,2
2905,1
2906,-1
2907,-1
2908,-1
2909,-1
2910,1
2911,0
2912,-1
2913,-1
2914,1
2915,0
2916,1
2917,0
2918,-1
2919,-1
2920,1
2921,1
2922,-1
2923,-1
2924,-1
2925,-1
2926,1
2927,0
2928,1
2929,0
2930,1
2931,1
2932,2
2933,0
2934,-1
2935,-1
2936,-1
2937,-1
2938,1
2939,0
2940,1
2941,0
2942,2
2943,0
2944,-1
2945,-1
2946,1
2947,0
2948,-1
2949,-1
2950,2
2951,0
2952,-1
2953,-1
2954,1
2955,0
2956,-1
2957,-1
2958,3
2959,0
2960,-1
2961,-1
2962,1
2963,0
2964,1
2965,0
2966,1
2967,1
2968,1
2969,0
2970,2
2971,2
2972,1
2973,2
2974,-1
2975,-1
2976,-1
2977,-1
2978,2
2979,0
2980,1
2981,0
2982,-1
2983,-1
2984,3
2985,1
2986,-1
2987,-1
2988,1
2989,0
2990,-1
2991,-1
2992,-1
2993,-1
2994,-1
2995,-1
2996,2
2997,0
2998,1
2999,0
3000,1
3001,2
3002,3
3003,0
3004,2
3005,1
3006,-1
3007,-1
3008,2
3009,2
3010,1
3011,0
3012,1
3013,0
3014,-1
3015,-1
3016,-1
3017,-1
3018,-1
3019,-1
3020,-1
3021,-1
3022,-1
3023,-1
3024,1
3025,0
3026,-1
3027,-1
3028,1
3029,0
3030,1
3031,0
3032,1
3033,1
3034,1
3035,0
3036,1
3037,0
3038,1
3039,0
3040,-1
3041,-1
3042,-1
3043,-1
3044,-1
3045,-1
3046,1
3047,1
3048,2
3049,1
3050,-1
3051,-1
3052,-1
3053,-1
3054,-1
3055,-1
3056,-1
3057,-1
3058,2
3059,1
3060,1
3061,2
3062,2
3063,2
3064,-1
3065,-1
3066,1
3067,0
3068,1
3069,0
3070,-1
3071,-1
3072,3
3073,2
3074,-1
3075,-1
3076,-1
3077,-1
3078,3
3079,1
3080,1
3081,0
3082,2
3083,0
3084,1
3085,0
3086,1
3087,0
3088,1
3089,0
3090,2
3091,0
3092,-1
3093,-1
3094,-1
3095,-1
3096,-1
3097,-1
3098,-1
3099,-1
3100,1
3101,0
3102,-1
3103,-1
3104,1
3105,2
3106,-1
3107,-1
3108,1
3109,0
3110,1
3111,0
3112,-1
3113,-1
3114,-1
3115,-1
3116,2
3117,0
3118,3
3119,0
3120,-1
3121,-1
3122,3
3123,1
3124,1
3125,0
3126,2
3127,2
3128,1
3129,0
3130,1
3131,0
3132,-1
3133,-1
3134,1
3135,0
3136,2
3137,1
3138,-1
3139,-1
3140,3
3141,1
3142,1
3143,0
3144,-1
3145,-1
3146,-1
3147,-1
3148,2
3149,0
3150,-1
3151,-1
3152,1
3153,0
3154,1
3155,1
3156,1
3157,0
3158,-1
3159,-1
3160,-1
3161,-1
3162,1
3163,0
3164,-1
3165,-1
3166,1
3167,0
3168,2
3169,1
3170,2
3171,1
3172,3
3173,2
3174,1
3175,0
3176,-1
3177,-1
3178,1
3179,1
3180,1
3181,0
3182,-1
3183,-1
3184,1
3185,1
3186,1
3187,0
3188,1
3189,0
3190,1
3191,0
3192,3
3193,0
3194,-1
3195,-1
3196,-1
3197,-1
3198,1
3199,0
3200,1
3201,0
3202,2
3203,1
3204,2
3205,1
3206,-1
3207,-1
3208,-1
3209,-1
3210,1
3211,1
3212,2
3213,1
3214,1
3215,2
3216,-1
3217,-1
3218,1
3219,0
3220,-1
3221,-1
3222,3
3223,2
3224,1
3225,0
3226,1
3227,1
3228,1
3229,1
3230,2
3231,0
3232,-1
3233,-1
3234,-1
3235,-1
3236,1
3237,0
3238,2
3239,0
3240,1
3241,1
3242,2
3243,1
3244,2
3245,1
3246,-1
3247,-1
3248,1
3249,0
3250,1
3251,0
3252,1
3253,0
3254,-1
3255,-1
3256,1
3257,0
3258,1
3259,0
3260,-1
3261,-1
3262,2
3263,1
3264,1
3265,0
3266,-1
3267,-1
3268,1
3269,0
3270,1
3271,0
3272,-1
3273,-1
3274,2
3275,1
3276,1
3277,0
3278,1
3279,1
3280,-1
3281,-1
3282,-1
3283,-1
3284,2
3285,1
3286,-1
3287,-1
3288,2
3289,2
3290,1
3291,0
3292,1
3293,0
3294,1
3295,1
3296,1
3297,1
3298,1
3299,1
3300,-1
3301,-1
3302,-1
3303,-1
3304,3
3305,2
3306,3
3307,2
3308,1
3309,0
3310,2
3311,1
3312,1
3313,0
3314,-1
3315,-1
3316,3
3317,2
3318,1
3319,0
3320,-1
3321,-1
3322,1
3323,0
3324,-1
3325,-1
3326,1
3327,0
3328,-1
3329,-1
3330,-1
3331,-1
3332,-1
3333,-1
3334,-1
3335,-1
3336,2
3337,1
3338,3
3339,0
3340,1
3341,0
3342,1
3343,0
3344,1
3345,1
3346,-1
3347,-1
3348,1
3349,0
3350,-1
3351,-1
3352,1
3353,2
3354,1
3355,0
3356,1
3357,1
3358,1
3359,1
3360,-1
3361,-1
3362,1
3363,0
3364,1
3365,0
3366,1
3367,0
3368,1
3369,0
3370,2
3371,1
3372,-1
3373,-1
3374,-1
3375,-1
3376,-1
3377,-1
3378,-1
3379,-1
3380,1
3381,0
3382,1
3383,0
3384,3
3385,2
3386,-1
3387,-1
3388,-1
3389,-1
3390,-1
3391,-1
3392,2
3393,0
3394,1
3395,0
3396,1
3397,0
3398,-1
3399,-1
3400,2
3401,2
3402,2
3403,1
3404,1
3405,0
3406,1
3407,0
3408,1
3409,0
3410,1
3411,0
3412,-1
3413,-1
3414,1
3415,1
3416,3
3417,0
3418,-1
3419,-1
3420,2
3421,0
3422,1
3423,1
3424,2
3425,0
3426,-1
3427,-1
3428,1
3429,0
3430,-1
3431,-1
3432,2
3433,1
3434,-1
3435,-1
3436,2
3437,0
3438,2
3439,0
3440,-1
3441,-1
3442,-1
3443,-1
3444,1
3445,1
3446,1
3447,0
3448,-1
3449,-1
3450,2
3451,1
3452,1
3453,0
3454,-1
3455,-1
3456,2
3457,0
3458,2
3459,1
3460,-1
3461,-1
3462,2
3463,2
3464,-1
3465,-1
3466,-1
3467,-1
3468,1
3469,0
3470,2
3471,2
3472,-1
3473,-1
3474,2
3475,0
3476,-1
3477,-1
3478,-1
3479,-1
3480,-1
3481,-1
3482,-1
3483,-1
3484,-1
3485,-1
3486,1
3487,0
3488,-1
3489,-1
3490,-1
3491,-1
3492,1
3493,0
3494,1
3495,0
3496,2
3497,1
3498,3
3499,2
3500,2
3501,1
3502,1
3503,1
3504,2
3505,0
3506,-1
3507,-1
3508,2
3509,0
3510,-1
3511,-1
3512,2
3513,1
3514,1
3515,0
3516,1
3517,0
3518,-1
3519,-1
3520,2
3521,1
3522,-1
3523,-1
3524,1
3525,1
3526,-1
3527,-1
3528,3
3529,2
3530,2
3531,0
3532,-1
3533,-1
3534,1
3535,0
3536,1
3537,1
3538,-1
3539,-1
3540,-1
3541,-1
3542,1
3543,2
3544,2
3545,0
3546,-1
3547,-1
3548,2
3549,1
3550,-1
3551,-1
3552,2
3553,1
3554,3
3555,2
3556,1
3557,2
3558,1
3559,1
3560,-1
3561,-1
3562,-1
3563,-1
3564,-1
3565,-1
3566,1
3567,0
3568,1
3569,0
3570,1
3571,0
3572,1
3573,0
3574,-1
3575,-1
3576,1
3577,0
3578,-1
3579,-1
3580,1
3581,0
3582,1
3583,1
3584,1
3585,0
3586,-1
3587,-1
3588,-1
3589,-1
3590,2
3591,1
3592,-1
3593,-1
3594,1
3595,0
3596,-1
3597,-1
3598,-1
3599,-1
3600,-1
3601,-1
3602,-1
3603,-1
3604,-1
3605,-1
3606,1
3607,0
3608,-1
3609,-1
3610,-1
3611,-1
3612,1
3613,0
3614,-1
3615,-1
3616,2
3617,0
3618,1
3619,1
3620,1
3621,2
3622,2
3623,0
3624,1
3625,0
3626,1
3627,0
3628,-1
3629,-1
3630,-1
3631,-1
3632,1
3633,0
3634,1
3635,0
3636,-1
3637,-1
3638,-1
3639,-1
3640,-1
3641,-1
3642,-1
3643,-1
3644,3
3645,0
3646,2
3647,2
3648,2
3649,1
3650,-1
3651,-1
3652,1
3653,0
3654,-1
3655,-1
3656,3
3657,1
3658,-1
3659,-1
3660,1
3661,1
3662,-1
3663,-1
3664,2
3665,0
3666,-1
3667,-1
3668,1
3669,0
3670,1
3671,0
3672,2
3673,1
3674,2
3675,1
3676,-1
3677,-1
3678,-1
3679,-1
3680,-1
3681,-1
3682,1
3683,0
3684,2
3685,2
3686,-1
3687,-1
3688,2
3689,2
3690,3
3691,1
3692,1
3693,0
3694,-1
3695,-1
3696,-1
3697,-1
3698,1
3699,1
3700,2
3701,1
3702,1
3703,0
3704,-1
3705,-1
3706,-1
3707,-1
3708,-1
3709,-1
3710,-1
3711,-1
3712,-1
3713,-1
3714,-1
3715,-1
3716,-1
3717,-1
3718,3
3719,2
3720,-1
3721,-1
3722,1
3723,0
3724,-1
3725,-1
3726,1
3727,0
3728,-1
3729,-1
3730,1
3731,0
3732,1
3733,0
3734,3
3735,1
3736,1
3737,0
3738,1
3739,0
3740,-1
3741,-1
3742,2
3743,1
3744,1
3745,2
3746,2
3747,1
3748,-1
3749,-1
3750,-1
3751,-1
3752,2
3753,0
3754,3
3755,2
3756,1
3757,0
3758,-1
3759,-1
3760,3
3761,0
3762,-1
3763,-1
3764,-1
3765,-1
3766,3
3767,1
3768,-1
3769,-1
3770,1
3771,2
3772,3
3773,0
3774,1
3775,1
3776,1
3777,1
3778,1
3779,0
3780,1
3781,1
3782,1
3783,0
3784,-1
3785,-1
3786,-1
3787,-1
3788,-1
3789,-1
3790,-1
3791,-1
3792,1
3793,1
3794,1
3795,0
3796,-1
3797,-1
3798,2
3799,2
3800,1
3801,0
3802,1
3803,1
3804,1
3805,1
3806,2
3807,1
3808,1
3809,2
3810,2
3811,1
3812,2
3813,2
3814,-1
3815,-1
3816,-1
3817,-1
3818,3
3819,1
3820,-1
3821,-1
3822,-1
3823,-1
3824,1
3825,0
3826,2
3827,2
3828,-1
3829,-1
3830,-1
3831,-1
3832,-1
3833,-1
3834,-1
3835,-1
3836,2
3837,0
3838,1
3839,0
3840,3
3841,2
3842,-1
3843,-1
3844,2
3845,2
3846,1
3847,1
3848,2
3849,1
3850,-1
3851,-1
3852,-1
3853,-1
3854,1
3855,2
3856,1
3857,0
3858,-1
3859,-1
3860,-1
3861,-1
3862,2
3863,1
3864,2
3865,0
3866,-1
3867,-1
3868,1
3869,0
3870,1
3871,0
3872,-1
3873,-1
3874,-1
3875,-1
3876,-1
3877,-1
3878,1
3879,0
3880,-1
3881,-1
3882,-1
3883,-1
3884,3
3885,0
3886,-1
3887,-1
3888,3
3889,1
3890,-1
3891,-1
3892,-1
3893,-1
3894,-1
3895,-1
3896,2
3897,2
3898,-1
3899,-1
3900,1
3901,1
3902,-1
3903,-1
3904,-1
3905,-1
3906,-1
3907,-1
3908,-1
3909,-1
3910,-1
3911,-1
3912,-1
3913,-1
3914,-1
3915,-1
3916,-1
3917,-1
3918,1
3919,0
3920,-1
3921,-1
3922,-1
3923,-1
3924,1
3925,0
3926,-1
3927,-1
3928,-1
3929,-1
3930,2
3931,1
3932,2
3933,1
3934,-1
3935,-1
3936,-1
3937,-1
3938,1
3939,2
3940,3
3941,0
3942,1
3943,1
3944,1
3945,1
3946,-1
3947,-1
3948,1
3949,2
3950,-1
3951,-1
3952,-1
3953,-1
3954,-1
3955,-1
3956,-1
3957,-1
3958,-1
3959,-1
3960,-1
3961,-1
3962,2
3963,1
3964,-1
3965,-1
3966,-1
3967,-1
3968,-1
3969,-1
3970,-1
3971,-1
3972,1
3973,1
3974,-1
3975,-1
3976,-1
3977,-1
3978,-1
3979,-1
3980,-1
3981,-1
3982,3
3983,2
3984,2
3985,1
3986,-1
3987,-1
3988,-1
3989,-1
3990,1
3991,0
3992,-1
3993,-1
3994,1
3995,0
3996,-1
3997,-1
3998,-1
3999,-1
4000,1
4001,1
4002,-1
4003,-1
4004,-1
4005,-1
4006,-1
4007,-1
4008,-1
4009,-1
4010,-1
4011,-1
4012,1
4013,1
4014,-1
4015,-1
4016,3
4017,0
4018,1
4019,0
4020,1
4021,1
4022,-1
4023,-1
4024,2
4025,0
4026,1
4027,2
4028,1
4029,1
4030,-1
4031,-1
4032,-1
4033,-1
4034,-1
4035,-1
4036,-1
4037,-1
4038,-1
4039,-1
4040,-1
4041,-1
4042,-1
4043,-1
4044,1
4045,2
4046,1
4047,1
4048,1
4049,0
4050,1
4051,1
4052,-1
4053,-1
4054,1
4055,1
4056,-1
4057,-1
4058,-1
4059,-1
4060,-1
4061,-1
4062,-1
4063,-1
4064,-1
4065,-1
4066,-1
4067,-1
4068,3
4069,0
4070,-1
4071,-1
4072,-1
4073,-1
4074,-1
4075,-1
4076,3
4077,2
4078,-1
4079,-1
4080,-1
4081,-1
4082,-1
4083,-1
4084,-1
4085,-1
4086,-1
4087,-1
4088,2
4089,2
4090,2
4091,1
4092,-1
4093,-1
4094,-1
4095,-1
4096,-1
4097,-1
4098,1
4099,0
4100,-1
4101,-1
4102,3
4103,2
4104,-1
4105,-1
4106,-1
4107,-1
4108,-1
4109,-1
4110,-1
4111,-1
4112,2
4113,0
4114,3
4115,1
4116,2
4117,2
4118,-1
4119,-1
4120,1
4121,0
4122,-1
4123,-1
4124,-1
4125,-1
4126,2
4127,2
4128,-1
4129,-1
4130,-1
4131,-1
4132,-1
4133,-1
4134,-1
4135,-1
4136,-1
4137,-1
4138,2
4139,1
4140,-1
4141,-1
4142,-1
4143,-1
4144,-1
4145,-1
4146,-1
4147,-1
4148,-1
4149,-1
4150,-1
4151,-1
4152,-1
4153,-1
4154,-1
4155,-1
4156,-1
4157,-1
4158,-1
4159,-1
4160,-1
4161,-1
4162,-1
4163,-1
4164,-1
4165,-1
4166,1
4167,1
4168,-1
4169,-1
4170,-1
4171,-1
4172,-1
4173,-1
4174,-1
4175,-1
4176,3
4177,0
4178,-1
4179,-1
4180,1
4181,1
4182,-1
4183,-1
4184,2
4185,2
4186,-1
4187,-1
4188,-1
4189,-1
4190,-1
4191,-1
4192,-1
4193,-1
4194,-1
4195,-1
4196,1
4197,0
4198,3
4199,2
4200,-1
4201,-1
4202,1
4203,0
4204,-1
4205,-1
4206,-1
4207,-1
4208,1
4209,0
4210,-1
4211,-1
4212,-1
4213,-1
4214,-1
4215,-1
4216,-1
4217,-1
4218,-1
4219,-1
4220,1
4221,1
4222,2
4223,0
4224,-1
4225,-1
4226,-1
4227,-1
4228,-1
4229,-1
4230,-1
4231,-1
4232,3
4233,0
4234,-1
4235,-1
4236,-1
4237,-1
4238,-1
4239,-1
4240,1
4241,2
4242,-1
4243,-1
4244,-1
4245,-1
4246,-1
4247,-1
4248,-1
4249,-1
4250,-1
4251,-1
4252,-1
4253,-1
4254,-1
4255,-1
4256,-1
4257,-1
4258,-1
4259,-1
4260,-1
4261,-1
4262,-1
4263,-1
4264,-1
4265,-1
4266,-1
4267,-1
4268,-1
4269,-1
4270,-1
4271,-1
4272,2
4273,2
4274,-1
4275,-1
4276,-1
4277,-1
4278,-1
4279,-1
4280,-1
4281,-1
4282,2
4283,1
4284,-1
4285,-1
4286,3
4287,2
4288,-1
4289,-1
4290,-1
4291,-1
4292,2
4293,1
4294,-1
4295,-1
4296,-1
4297,-1
4298,-1
4299,-1
4300,-1
4301,-1
4302,2
4303,2
4304,-1
4305,-1
4306,-1
4307,-1
4308,-1
4309,-1
4310,-1
4311,-1
4312,2
4313,0
4314,3
4315,2
4316,-1
4317,-1
4318,3
4319,0
4320,-1
4321,-1
4322,-1
4323,-1
4324,-1
4325,-1
4326,1
4327,2
4328,-1
4329,-1
4330,2
4331,0
4332,-1
4333,-1
4334,3
4335,2
4336,-1
4337,-1
4338,-1
4339,-1
4340,1
4341,1
4342,-1
4343,-1
4344,-1
4345,-1
4346,-1
4347,-1
4348,-1
4349,-1
4350,-1
4351,-1
4352,-1
4353,-1
4354,-1
4355,-1
4356,3
4357,0
4358,-1
4359,-1
4360,-1
4361,-1
4362,3
4363,2
4364,1
4365,1
4366,-1
4367,-1
4368,-1
4369,-1
4370,-1
4371,-1
4372,-1
4373,-1
4374,2
4375,1
4376,-1
4377,-1
4378,-1
4379,-1
4380,2
4381,2
4382,-1
4383,-1
4384,2
4385,1
4386,-1
4387,-1
4388,-1
4389,-1
4390,2
4391,0
4392,-1
4393,-1
4394,1
4395,1
4396,2
4397,1
4398,-1
4399,-1
4400,1
4401,1
4402,-1
4403,-1
4404,-1
4405,-1
4406,2
4407,0
4408,-1
4409,-1
4410,-1
4411,-1
4412,-1
4413,-1
4414,1
4415,2
4416,-1
4417,-1
4418,-1
4419,-1
4420,-1
4421,-1
4422,-1
4423,-1
4424,1
4425,0
4426,-1
4427,-1
4428,-1
4429,-1
4430,-1
4431,-1
4432,2
4433,2
4434,1
4435,1
4436,-1
4437,-1
4438,-1
4439,-1
4440,-1
4441,-1
4442,-1
4443,-1
4444,2
4445,2
4446,-1
4447,-1
4448,-1
4449,-1
4450,-1
4451,-1
4452,2
4453,0
4454,2
4455,0
4456,-1
4457,-1
4458,-1
4459,-1
4460,-1
4461,-1
4462,-1
4463,-1
4464,-1
4465,-1
4466,-1
4467,-1
4468,-1
4469,-1
4470,-1
4471,-1
4472,-1
4473,-1
4474,-1
4475,-1
4476,2
4477,2
4478,1
4479,1
4480,-1
4481,-1
4482,-1
4483,-1
4484,-1
4485,-1
4486,-1
4487,-1
4488,-1
4489,-1
4490,-1
4491,-1
4492,-1
4493,-1
4494,-1
4495,-1
4496,-1
4497,-1
4498,1
4499,1
4500,-1
4501,-1
4502,-1
4503,-1
4504,-1
4505,-1
4506,2
4507,0
4508,-1
4509,-1
4510,-1
4511,-1
4512,3
4513,1
4514,1
4515,0
4516,-1
4517,-1
4518,-1
4519,-1
4520,-1
4521,-1
4522,2
4523,2
4524,-1
4525,-1
4526,-1
4527,-1
4528,-1
4529,-1
4530,-1
4531,-1
4532,-1
4533,-1
4534,-1
4535,-1
4536,1
4537,0
4538,-1
4539,-1
4540,-1
4541,-1
4542,-1
4543,-1
4544,-1
4545,-1
4546,-1
4547,-1
4548,-1
4549,-1
4550,-1
4551,-1
4552,3
4553,1
4554,-1
4555,-1
4556,-1
4557,-1
4558,2
4559,0
4560,-1
4561,-1
4562,-1
4563,-1
4564,-1
4565,-1
4566,-1
4567,-1
4568,2
4569,1
4570,-1
4571,-1
4572,-1
4573,-1
4574,-1
4575,-1
4576,-1
4577,-1
4578,-1
4579,-1
4580,3
4581,2
4582,-1
4583,-1
4584,-1
4585,-1
4586,-1
4587,-1
4588,-1
4589,-1
4590,-1
4591,-1
4592,-1
4593,-1
4594,-1
4595,-1
4596,2
4597,1
4598,-1
4599,-1
4600,-1
4601,-1
4602,-1
4603,-1
4604,-1
4605,-1
4606,-1
4607,-1
4608,-1
4609,-1
4610,-1
4611,-1
4612,-1
4613,-1
4614,-1
4615,-1
4616,3
4617,2
4618,-1
4619,-1
4620,-1
4621,-1
4622,-1
4623,-1
4624,-1
4625,-1
4626,-1
4627,-1
4628,-1
4629,-1
4630,-1
4631,-1
4632,-1
4633,-1
4634,-1
4635,-1
4636,-1
4637,-1
4638,-1
4639,-1
4640,-1
4641,-1
4642,-1
4643,-1
4644,1
4645,1
4646,-1
4647,-1
4648,-1
4649,-1
4650,-1
4651,-1
4652,-1
4653,-1
4654,3
4655,1
4656,-1
4657,-1
4658,1
4659,2
4660,-1
4661,-1
4662,-1
4663,-1
4664,1
4665,0
4666,3
4667,2
4668,-1
4669,-1
4670,-1
4671,-1
4672,-1
4673,-1
4674,-1
4675,-1
4676,-1
4677,-1
4678,-1
4679,-1
4680,2
4681,1
4682,-1
4683,-1
4684,-1
4685,-1
4686,-1
4687,-1
4688,-1
4689,-1
4690,3
4691,2
4692,-1
4693,-1
4694,-1
4695,-1
4696,-1
4697,-1
4698,-1
4699,-1
4700,1
4701,1
4702,3
4703,2
4704,3
4705,0
4706,2
4707,1
4708,3
4709,0
4710,-1
4711,-1
4712,-1
4713,-1
4714,-1
4715,-1
4716,-1
4717,-1
4718,-1
4719,-1
4720,-1
4721,-1
4722,2
4723,0
4724,-1
4725,-1
4726,-1
4727,-1
4728,-1
4729,-1
4730,-1
4731,-1
4732,2
4733,1
4734,2
4735,2
4736,1
4737,1
4738,-1
4739,-1
4740,-1
4741,-1
4742,2
4743,2
4744,2
4745,0
4746,-1
4747,-1
4748,2
4749,0
4750,3
4751,2
4752,-1
4753,-1
4754,-1
4755,-1
4756,-1
4757,-1
4758,-1
4759,-1
4760,-1
4761,-1
4762,2
4763,2
4764,-1
4765,-1
4766,-1
4767,-1
4768,-1
4769,-1
4770,1
4771,1
4772,-1
4773,-1
4774,3
4775,2
4776,-1
4777,-1
4778,-1
4779,-1
4780,-1
4781,-1
4782,3
4783,0
4784,1
4785,0
4786,-1
4787,-1
4788,-1
4789,-1
4790,-1
4791,-1
4792,-1
4793,-1
4794,1
4795,0
4796,-1
4797,-1
4798,1
4799,2
4800,-1
4801,-1
4802,2
4803,2
4804,-1
4805,-1
4806,-1
4807,-1
4808,-1
4809,-1
4810,-1
4811,-1
4812,-1
4813,-1
4814,-1
4815,-1
4816,-1
4817,-1
4818,-1
4819,-1
4820,-1
4821,-1
4822,-1
4823,-1
4824,-1
4825,-1
4826,-1
4827,-1
4828,2
4829,2
4830,-1
4831,-1
4832,-1
4833,-1
4834,-1
4835,-1
4836,-1
4837,-1
4838,-1
4839,-1
4840,-1
4841,-1
4842,-1
4843,-1
4844,-1
4845,-1
4846,-1
4847,-1
4848,-1
4849,-1
4850,-1
4851,-1
4852,-1
4853,-1
4854,-1
4855,-1
4856,-1
4857,-1
4858,-1
4859,-1
4860,-1
4861,-1
4862,-1
4863,-1
4864,-1
4865,-1
4866,-1
4867,-1
4868,-1
4869,-1
4870,1
4871,1
4872,-1
4873,-1
4874,1
4875,1
4876,-1
4877,-1
4878,-1
4879,-1
4880,-1
4881,-1
4882,2
4883,1
4884,-1
4885,-1
4886,-1
4887,-1
4888,-1
4889,-1
4890,2
4891,0
4892,-1
4893,-1
4894,-1
4895,-1
4896,-1
4897,-1
4898,-1
4899,-1
4900,1
4901,1
4902,-1
4903,-1
4904,3
4905,1
4906,-1
4907,-1
4908,-1
4909,-1
4910,-1
4911,-1
4912,-1
4913,-1
4914,2
4915,0
4916,-1
4917,-1
4918,-1
4919,-1
4920,-1
4921,-1
4922,-1
4923,-1
4924,-1
4925,-1
4926,-1
4927,-1
4928,-1
4929,-1
4930,-1
4931,-1
4932,-1
4933,-1
4934,-1
4935,-1
4936,-1
4937,-1
4938,-1
4939,-1
4940,-1
4941,-1
4942,-1
4943,-1
4944,-1
4945,-1
4946,-1
4947,-1
4948,-1
4949,-1
4950,-1
4951,-1
4952,-1
4953,-1
4954,2
4955,0
4956,-1
4957,-1
4958,-1
4959,-1
4960,-1
4961,-1
4962,-1
4963,-1
4964,1
4965,2
4966,2
4967,2
4968,1
4969,0
4970,-1
4971,-1
4972,3
4973,0
4974,3
4975,2
4976,-1
4977,-1
4978,1
4979,2
4980,-1
4981,-1
4982,1
4983,0
4984,1
4985,0
4986,-1
4987,-1
4988,-1
4989,-1
4990,1
4991,1
4992,-1
4993,-1
4994,-1
4995,-1
4996,-1
4997,-1
4998,-1
4999,-1
5000,2
5001,0
5002,-1
5003,-1
5004,-1
5005,-1
5006,-1
5007,-1
5008,1
5009,0
5010,-1
5011,-1
5012,-1
5013,-1
5014,-1
5015,-1
5016,-1
5017,-1
5018,-1
5019,-1
5020,-1
5021,-1
5022,3
5023,2
5024,-1
5025,-1
5026,-1
5027,-1
5028,-1
5029,-1
5030,1
5031,0
5032,-1
5033,-1
5034,-1
5035,-1
5036,-1
5037,-1
5038,-1
5039,-1
5040,-1
5041,-1
5042,-1
5043,-1
5044,-1
5045,-1
5046,-1
5047,-1
5048,2
5049,0
5050,-1
5051,-1
5052,-1
5053,-1
5054,2
5055,1
5056,-1
5057,-1
5058,-1
5059,-1
5060,-1
5061,-1
5062,-1
5063,-1
5064,1
5065,1
5066,3
5067,0
5068,3
5069,2
5070,-1
5071,-1
5072,-1
5073,-1
5074,-1
5075,-1
5076,-1
5077,-1
5078,-1
5079,-1
5080,-1
5081,-1
5082,-1
5083,-1
5084,-1
5085,-1
5086,-1
5087,-1
5088,-1
5089,-1
5090,3
5091,0
5092,-1
5093,-1
5094,-1
5095,-1
5096,-1
5097,-1
5098,-1
5099,-1
5100,-1
5101,-1
5102,-1
5103,-1
5104,-1
5105,-1
5106,1
5107,0
5108,-1
5109,-1
5110,-1
5111,-1
5112,-1
5113,-1
5114,-1
5115,-1
5116,-1
5117,-1
5118,-1
5119,-1
5120,-1
5121,-1
5122,-1
5123,-1
5124,-1
5125,-1
5126,-1
5127,-1
5128,-1
5129,-1
5130,-1
5131,-1
5132,2
5133,0
5134,-1
5135,-1
5136,2
5137,1
5138,-1
5139,-1
5140,3
5141,0
5142,-1
5143,-1
5144,-1
5145,-1
5146,-1
5147,-1
5148,-1
5149,-1
5150,-1
5151,-1
5152,-1
5153,-1
5154,-1
5155,-1
5156,-1
5157,-1
5158,-1
5159,-1
5160,-1
5161,-1
5162,-1
5163,-1
5164,-1
5165,-1
5166,2
5167,2
5168,2
5169,1
5170,-1
5171,-1
5172,3
5173,2
5174,-1
5175,-1
5176,-1
5177,-1
5178,3
5179,1
5180,1
5181,2
5182,3
5183,2
5184,-1
5185,-1
5186,-1
5187,-1
5188,-1
5189,-1
5190,-1
5191,-1
5192,-1
5193,-1
5194,3
5195,1
5196,-1
5197,-1
5198,-1
5199,-1
5200,-1
5201,-1
5202,-1
5203,-1
5204,-1
5205,-1
5206,-1
5207,-1
5208,-1
5209,-1
5210,-1
5211,-1
5212,-1
5213,-1
5214,-1
5215,-1
5216,-1
5217,-1
5218,-1
5219,-1
5220,-1
5221,-1
5222,-1
5223,-1
5224,-1
5225,-1
5226,-1
5227,-1
5228,-1
5229,-1
5230,-1
5231,-1
5232,-1
5233,-1
5234,-1
5235,-1
5236,3
5237,2
5238,2
5239,2
5240,-1
5241,-1
5242,-1
5243,-1
5244,-1
5245,-1
5246,-1
5247,-1
5248,-1
5249,-1
5250,-1
5251,-1
5252,-1
5253,-1
5254,-1
5255,-1
5256,1
5257,2
5258,-1
5259,-1
5260,-1
5261,-1
5262,3
5263,1
5264,2
5265,2
5266,2
5267,1
5268,-1
5269,-1
5270,-1
5271,-1
5272,-1
5273,-1
5274,-1
5275,-1
5276,-1
5277,-1
5278,-1
5279,-1
5280,3
5281,2
5282,-1
5283,-1
5284,2
5285,1
5286,-1
5287,-1
5288,-1
5289,-1
5290,2
5291,0
5292,-1
5293,-1
5294,-1
5295,-1
5296,-1
5297,-1
5298,-1
5299,-1
5300,-1
5301,-1
5302,-1
5303,-1
5304,-1
5305,-1
5306,-1
5307,-1
5308,-1
5309,-1
5310,-1
5311,-1
5312,3
5313,1
5314,-1
5315,-1
5316,-1
5317,-1
5318,1
5319,2
5320,-1
5321,-1
5322,-1
5323,-1
5324,1
5325,0
5326,-1
5327,-1
5328,-1
5329,-1
5330,-1
5331,-1
5332,1
5333,0
5334,3
5335,0
5336,3
5337,2
5338,-1
5339,-1
5340,-1
5341,-1
5342,-1
5343,-1
5344,-1
5345,-1
5346,1
5347,2
5348,-1
5349,-1
5350,2
5351,2
5352,1
5353,0
5354,-1
5355,-1
5356,-1
5357,-1
5358,-1
5359,-1
5360,1
5361,2
5362,3
5363,2
5364,-1
5365,-1
5366,-1
5367,-1
5368,1
5369,0
5370,2
5371,2
5372,-1
5373,-1
5374,-1
5375,-1
5376,3
5377,1
5378,-1
5379,-1
5380,-1
5381,-1
5382,-1
5383,-1
5384,-1
5385,-1
5386,1
5387,2
5388,-1
5389,-1
5390,-1
5391,-1
5392,-1
5393,-1
5394,-1
5395,-1
5396,1
5397,1
5398,-1
5399,-1
5400,-1
5401,-1
5402,3
5403,2
5404,-1
5405,-1
5406,-1
5407,-1
5408,-1
5409,-1
5410,-1
5411,-1
5412,-1
5413,-1
5414,-1
5415,-1
5416,-1
5417,-1
5418,-1
5419,-1
5420,-1
5421,-1
5422,-1
5423,-1
5424,-1
5425,-1
5426,-1
5427,-1
5428,-1
5429,-1
5430,-1
5431,-1
5432,2
5433,1
5434,2
5435,0
5436,2
5437,2
5438,-1
5439,-1
5440,-1
5441,-1
5442,3
5443,0
5444,-1
5445,-1
5446,-1
5447,-1
5448,2
5449,2
5450,2
5451,2
5452,-1
5453,-1
5454,3
5455,1
5456,3
5457,2
5458,-1
5459,-1
5460,-1
5461,-1
5462,1
5463,2
5464,-1
5465,-1
5466,2
5467,1
5468,-1
5469,-1
5470,-1
5471,-1
5472,2
5473,1
5474,-1
5475,-1
5476,3
5477,1
5478,3
5479,2
5480,-1
5481,-1
5482,-1
5483,-1
5484,1
5485,1
5486,-1
5487,-1
5488,-1
5489,-1
5490,-1
5491,-1
5492,-1
5493,-1
5494,3
5495,0
5496,-1
5497,-1
5498,-1
5499,-1
5500,3
5501,1
5502,-1
5503,-1
5504,-1
5505,-1
5506,-1
5507,-1
5508,-1
5509,-1
5510,-1
5511,-1
5512,-1
5513,-1
5514,-1
5515,-1
5516,1
5517,2
5518,2
5519,1
5520,-1
5521,-1
5522,2
5523,0
5524,-1
5525,-1
5526,2
5527,2
5528,-1
5529,-1
5530,-1
5531,-1
5532,-1
5533,-1
5534,3
5535,2
5536,-1
5537,-1
5538,2
5539,1
5540,-1
5541,-1
5542,3
5543,1
5544,-1
5545,-1
5546,-1
5547,-1
5548,-1
5549,-1
5550,-1
5551,-1
5552,-1
5553,-1
5554,-1
5555,-1
5556,-1
5557,-1
5558,-1
5559,-1
5560,3
5561,2
5562,-1
5563,-1
5564,-1
5565,-1
5566,-1
5567,-1
5568,-1
5569,-1
5570,2
5571,2
5572,-1
5573,-1
5574,-1
5575,-1
5576,-1
5577,-1
5578,-1
5579,-1
5580,-1
5581,-1
5582,-1
5583,-1
5584,-1
5585,-1
5586,-1
5587,-1
5588,-1
5589,-1
5590,3
5591,0
5592,-1
5593,-1
5594,-1
5595,-1
5596,-1
5597,-1
5598,-1
5599,-1
5600,-1
5601,-1
5602,-1
5603,-1
5604,-1
5605,-1
5606,-1
5607,-1
5608,-1
5609,-1
5610,-1
5611,-1
5612,3
5613,1
5614,-1
5615,-1
5616,-1
5617,-1
5618,-1
5619,-1
5620,3
5621,0
5622,-1
5623,-1
5624,-1
5625,-1
5626,-1
5627,-1
5628,-1
5629,-1
5630,-1
5631,-1
5632,3
5633,0
5634,-1
5635,-1
5636,-1
5637,-1
5638,-1
5639,-1
5640,1
5641,2
5642,-1
5643,-1
5644,-1
5645,-1
5646,-1
5647,-1
5648,-1
5649,-1
5650,-1
5651,-1
5652,-1
5653,-1
5654,-1
5655,-1
5656,-1
5657,-1
5658,-1
5659,-1
5660,-1
5661,-1
5662,2
5663,1
5664,1
5665,2
5666,-1
5667,-1
5668,3
5669,2
5670,-1
5671,-1
5672,-1
5673,-1
5674,3
5675,2
5676,-1
5677,-1
5678,-1
5679,-1
5680,-1
5681,-1
5682,-1
5683,-1
5684,-1
5685,-1
5686,-1
5687,-1
5688,-1
5689,-1
5690,-1
5691,-1
5692,-1
5693,-1
5694,3
5695,1
5696,-1
5697,-1
5698,-1
5699,-1
5700,1
5701,0
5702,-1
5703,-1
5704,-1
5705,-1
5706,-1
5707,-1
5708,-1
5709,-1
5710,-1
5711,-1
5712,-1
5713,-1
5714,-1
5715,-1
5716,-1
5717,-1
5718,-1
5719,-1
5720,-1
5721,-1
5722,-1
5723,-1
5724,-1
5725,-1
5726,-1
5727,-1
5728,-1
5729,-1
5730,-1
5731,-1
5732,-1
5733,-1
5734,-1
5735,-1
5736,2
5737,2
5738,2
5739,1
5740,-1
5741,-1
5742,-1
5743,-1
5744,-1
5745,-1
5746,-1
5747,-1
5748,-1
5749,-1
5750,-1
5751,-1
5752,-1
5753,-1
5754,-1
5755,-1
5756,-1
5757,-1
5758,3
5759,2
5760,-1
5761,-1
5762,-1
5763,-1
5764,-1
5765,-1
5766,-1
5767,-1
5768,2
5769,2
5770,-1
5771,-1
5772,-1
5773,-1
5774,-1
5775,-1
5776,-1
5777,-1
5778,-1
5779,-1
5780,-1
5781,-1
5782,3
5783,0
5784,-1
5785,-1
5786,-1
5787,-1
5788,-1
5789,-1
5790,-1
5791,-1
5792,-1
5793,-1
5794,-1
5795,-1
5796,-1
5797,-1
5798,-1
5799,-1
5800,-1
5801,-1
5802,-1
5803,-1
5804,-1
5805,-1
5806,3
5807,2
5808,-1
5809,-1
5810,-1
5811,-1
5812,-1
5813,-1
5814,1
5815,0
5816,1
5817,2
5818,-1
5819,-1
5820,-1
5821,-1
5822,3
5823,1
5824,1
5825,0
5826,-1
5827,-1
5828,-1
5829,-1
5830,-1
5831,-1
5832,-1
5833,-1
5834,-1
5835,-1
5836,-1
5837,-1
5838,-1
5839,-1
5840,-1
5841,-1
5842,1
5843,1
5844,-1
5845,-1
5846,2
5847,0
5848,-1
5849,-1
5850,1
5851,2
5852,-1
5853,-1
5854,-1
5855,-1
5856,-1
5857,-1
5858,-1
5859,-1
5860,-1
5861,-1
5862,-1
5863,-1
5864,-1
5865,-1
5866,2
5867,2
5868,3
5869,1
5870,-1
5871,-1
5872,1
5873,0
5874,-1
5875,-1
5876,-1
5877,-1
5878,-1
5879,-1
5880,-1
5881,-1
5882,-1
5883,-1
5884,-1
5885,-1
5886,-1
5887,-1
5888,-1
5889,-1
5890,3
5891,0
5892,-1
5893,-1
5894,2
5895,1
5896,-1
5897,-1
5898,-1
5899,-1
5900,-1
5901,-1
5902,2
5903,2
5904,-1
5905,-1
5906,1
5907,1
5908,-1
5909,-1
5910,-1
5911,-1
5912,-1
5913,-1
5914,2
5915,1
5916,-1
5917,-1
5918,-1
5919,-1
5920,-1
5921,-1
5922,-1
5923,-1
5924,-1
5925,-1
5926,-1
5927,-1
5928,-1
5929,-1
5930,-1
5931,-1
5932,-1
5933,-1
5934,-1
5935,-1
5936,-1
5937,-1
5938,-1
5939,-1
5940,-1
5941,-1
5942,-1
5943,-1
5944,-1
5945,-1
5946,-1
5947,-1
5948,-1
5949,-1
5950,-1
5951,-1
5952,-1
5953,-1
5954,2
5955,1
5956,2
5957,2
5958,-1
5959,-1
5960,1
5961,2
5962,-1
5963,-1
5964,-1
5965,-1
5966,-1
5967,-1
5968,3
5969,2
5970,-1
5971,-1
5972,-1
5973,-1
5974,-1
5975,-1
5976,-1
5977,-1
5978,2
5979,2
5980,-1
5981,-1
5982,-1
5983,-1
5984,-1
5985,-1
5986,-1
5987,-1
5988,-1
5989,-1
5990,-1
5991,-1
5992,-1
5993,-1
5994,-1
5995,-1
5996,-1
5997,-1
5998,-1
5999,-1
6000,-1
6001,-1
6002,-1
6003,-1
6004,2
6005,1
6006,-1
6007,-1
6008,-1
6009,-1
6010,3
6011,0
6012,-1
6013,-1
6014,-1
6015,-1
6016,1
6017,2
6018,2
6019,0
6020,3
6021,2
6022,-1
6023,-1
6024,-1
6025,-1
6026,-1
6027,-1
6028,-1
6029,-1
6030,-1
6031,-1
6032,-1
6033,-1
6034,-1
6035,-1
6036,-1
6037,-1
6038,-1
6039,-1
6040,-1
6041,-1
6042,-1
6043,-1
6044,-1
6045,-1
6046,-1
6047,-1
6048,-1
6049,-1
6050,-1
6051,-1
6052,-1
6053,-1
6054,-1
6055,-1
6056,1
6057,0
6058,3
6059,2
6060,-1
6061,-1
6062,2
6063,1
6064,-1
6065,-1
6066,-1
6067,-1
6068,-1
6069,-1
6070,-1
6071,-1
6072,-1
6073,-1
6074,-1
6075,-1
6076,-1
6077,-1
6078,-1
6079,-1
6080,-1
6081,-1
6082,-1
6083,-1
6084,-1
6085,-1
6086,-1
6087,-1
6088,-1
6089,-1
6090,-1
6091,-1
6092,-1
6093,-1
6094,-1
6095,-1
6096,-1
6097,-1
6098,-1
6099,-1
6100,-1
6101,-1
6102,-1
6103,-1
6104,-1
6105,-1
6106,-1
6107,-1
6108,-1
6109,-1
6110,-1
6111,-1
6112,-1
6113,-1
6114,-1
6115,-1
6116,-1
6117,-1
6118,-1
6119,-1
6120,2
6121,0
6122,-1
6123,-1
6124,1
6125,0
6126,-1
6127,-1
6128,1
6129,2
6130,3
6131,0
6132,-1
6133,-1
6134,1
6135,1
6136,1
6137,0
6138,-1
6139,-1
6140,-1
6141,-1
6142,-1
6143,-1
6144,1
6145,2
6146,-1
6147,-1
6148,3
6149,0
6150,-1
6151,-1
6152,-1
6153,-1
6154,-1
6155,-1
6156,-1
6157,-1
6158,-1
6159,-1
6160,-1
6161,-1
6162,-1
6163,-1
6164,3
6165,2
6166,-1
6167,-1
6168,-1
6169,-1
6170,-1
6171,-1
6172,1
6173,1
6174,-1
6175,-1
6176,-1
6177,-1
6178,-1
6179,-1
6180,-1
6181,-1
6182,-1
6183,-1
6184,-1
6185,-1
6186,-1
6187,-1
6188,-1
6189,-1
6190,-1
6191,-1
6192,1
6193,0
6194,-1
6195,-1
6196,-1
6197,-1
6198,1
6199,2
6200,-1
6201,-1
6202,-1
6203,-1
6204,-1
6205,-1
6206,-1
6207,-1
6208,-1
6209,-1
6210,-1
6211,-1
6212,-1
6213,-1
6214,1
6215,2
6216,3
6217,0
6218,-1
6219,-1
6220,3
6221,1
6222,-1
6223,-1
6224,-1
6225,-1
6226,-1
6227,-1
6228,-1
6229,-1
6230,-1
6231,-1
6232,-1
6233,-1
6234,-1
6235,-1
6236,2
6237,2
6238,-1
6239,-1
6240,-1
6241,-1
6242,2
6243,0
6244,2
6245,1
6246,1
6247,1
6248,-1
6249,-1
6250,-1
6251,-1
6252,-1
6253,-1
6254,-1
6255,-1
6256,-1
6257,-1
6258,-1
6259,-1
6260,-1
6261,-1
6262,-1
6263,-1
6264,-1
6265,-1
6266,-1
6267,-1
6268,2
6269,1
6270,-1
6271,-1
6272,-1
6273,-1
6274,1
6275,1
6276,-1
6277,-1
6278,-1
6279,-1
6280,-1
6281,-1
6282,2
6283,2
6284,-1
6285,-1
6286,-1
6287,-1
6288,-1
6289,-1
6290,-1
6291,-1
6292,-1
6293,-1
6294,2
6295,1
6296,-1
6297,-1
6298,-1
6299,-1
6300,-1
6301,-1
6302,-1
6303,-1
6304,-1
6305,-1
6306,2
6307,1
6308,-1
6309,-1
6310,-1
6311,-1
6312,-1
6313,-1
6314,-1
6315,-1
6316,-1
6317,-1
6318,-1
6319,-1
6320,-1
6321,-1
6322,-1
6323,-1
6324,-1
6325,-1
6326,-1
6327,-1
6328,-1
6329,-1
6330,-1
6331,-1
6332,-1
6333,-1
6334,-1
6335,-1
6336,-1
6337,-1
6338,-1
6339,-1
6340,-1
6341,-1
6342,-1
6343,-1
6344,-1
6345,-1
6346,-1
6347,-1
6348,-1
6349,-1
6350,3
6351,2
6352,-1
6353,-1
6354,-1
6355,-1
6356,-1
6357,-1
6358,-1
6359,-1
6360,-1
6361,-1
6362,-1
6363,-1
6364,3
6365,1
6366,-1
6367,-1
6368,-1
6369,-1
6370,-1
6371,-1
6372,3
6373,2
6374,-1
6375,-1
6376,-1
6377,-1
6378,-1
6379,-1
6380,3
6381,0
6382,-1
6383,-1
6384,-1
6385,-1
6386,-1
6387,-1
6388,-1
6389,-1
6390,-1
6391,-1
6392,-1
6393,-1
6394,3
6395,0
6396,-1
6397,-1
6398,-1
6399,-1
6400,3
6401,1
6402,-1
6403,-1
6404,-1
6405,-1
6406,-1
6407,-1
6408,-1
6409,-1
6410,2
6411,2
6412,-1
6413,-1
6414,3
6415,0
6416,-1
6417,-1
6418,1
6419,2
6420,3
6421,1
6422,1
6423,2
6424,-1
6425,-1
6426,-1
6427,-1
6428,3
6429,0
6430,-1
6431,-1
6432,1
6433,1
6434,-1
6435,-1
6436,2
6437,2
6438,-1
6439,-1
6440,1
6441,0
6442,-1
6443,-1
6444,-1
6445,-1
6446,-1
6447,-1
6448,3
6449,0
6450,-1
6451,-1
6452,2
6453,1
6454,-1
6455,-1
6456,1
6457,1
6458,-1
6459,-1
6460,-1
6461,-1
6462,-1
6463,-1
6464,-1
6465,-1
6466,3
6467,2
6468,-1
6469,-1
6470,-1
6471,-1
6472,1
6473,1
6474,-1
6475,-1
6476,-1
6477,-1
6478,3
6479,1
6480,-1
6481,-1
6482,3
6483,2
6484,-1
6485,-1
6486,-1
6487,-1
6488,-1
6489,-1
6490,-1
6491,-1
6492,-1
6493,-1
6494,-1
6495,-1
6496,-1
6497,-1
6498,-1
6499,-1
6500,-1
6501,-1
6502,-1
6503,-1
6504,-1
6505,-1
6506,-1
6507,-1
6508,-1
6509,-1
6510,2
6511,0
6512,2
6513,1
6514,2
6515,1
6516,-1
6517,-1
6518,-1
6519,-1
6520,-1
6521,-1
6522,-1
6523,-1
6524,-1
6525,-1
6526,-1
6527,-1
6528,-1
6529,-1
6530,-1
6531,-1
6532,-1
6533,-1
6534,-1
6535,-1
6536,-1
6537,-1
6538,-1
6539,-1
6540,2
6541,2
6542,-1
6543,-1
6544,2
6545,1
6546,-1
6547,-1
6548,-1
6549,-1
6550,-1
6551,-1
6552,-1
6553,-1
6554,-1
6555,-1
6556,-1
6557,-1
6558,-1
6559,-1
6560,-1
6561,-1
6562,-1
6563,-1
6564,-1
6565,-1
6566,1
6567,2
6568,-1
6569,-1
6570,-1
6571,-1
6572,-1
6573,-1
6574,-1
6575,-1
6576,3
6577,1
6578,-1
6579,-1
6580,-1
6581,-1
6582,-1
6583,-1
6584,-1
6585,-1
6586,-1
6587,-1
6588,1
6589,1
6590,-1
6591,-1
6592,-1
6593,-1
6594,2
6595,1
6596,-1
6597,-1
6598,-1
6599,-1
6600,1
6601,1
6602,3
6603,0
6604,-1
6605,-1
6606,-1
6607,-1
6608,-1
6609,-1
6610,3
6611,0
6612,2
6613,2
6614,-1
6615,-1
6616,-1
6617,-1
6618,-1
6619,-1
6620,-1
6621,-1
6622,3
6623,2
6624,-1
6625,-1
6626,-1
6627,-1
6628,3
6629,2
6630,-1
6631,-1
6632,-1
6633,-1
6634,-1
6635,-1
6636,-1
6637,-1
6638,-1
6639,-1
6640,-1
6641,-1
6642,3
6643,2
6644,-1
6645,-1
6646,3
6647,1
6648,-1
6649,-1
6650,2
6651,0
6652,-1
6653,-1
6654,-1
6655,-1
6656,-1
6657,-1
6658,-1
6659,-1
6660,3
6661,0
6662,-1
6663,-1
6664,-1
6665,-1
6666,-1
6667,-1
6668,-1
6669,-1
6670,3
6671,1
6672,-1
6673,-1
6674,-1
6675,-1
6676,-1
6677,-1
6678,-1
6679,-1
6680,-1
6681,-1
6682,1
6683,2
6684,-1
6685,-1
6686,-1
6687,-1
6688,3
6689,0
6690,-1
6691,-1
6692,-1
6693,-1
6694,-1
6695,-1
6696,-1
6697,-1
6698,-1
6699,-1
6700,-1
6701,-1
6702,-1
6703,-1
6704,3
6705,1
6706,-1
6707,-1
6708,-1
6709,-1
6710,-1
6711,-1
6712,-1
6713,-1
6714,-1
6715,-1
6716,-1
6717,-1
6718,2
6719,2
6720,-1
6721,-1
6722,-1
6723,-1
6724,-1
6725,-1
6726,-1
6727,-1
6728,-1
6729,-1
6730,1
6731,2
6732,-1
6733,-1
6734,-1
6735,-1
6736,2
6737,2
6738,3
6739,2
6740,-1
6741,-1
6742,-1
6743,-1
6744,-1
6745,-1
6746,-1
6747,-1
6748,-1
6749,-1
6750,-1
6751,-1
6752,-1
6753,-1
6754,2
6755,0
6756,-1
6757,-1
6758,-1
6759,-1
6760,-1
6761,-1
6762,-1
6763,-1
6764,-1
6765,-1
6766,-1
6767,-1
6768,-1
6769,-1
6770,1
6771,1
6772,-1
6773,-1
6774,2
6775,0
6776,-1
6777,-1
6778,1
6779,1
6780,-1
6781,-1
6782,-1
6783,-1
6784,2
6785,0
6786,-1
6787,-1
6788,-1
6789,-1
6790,3
6791,0
6792,-1
6793,-1
6794,-1
6795,-1
6796,-1
6797,-1
6798,-1
6799,-1
6800,-1
6801,-1
6802,1
6803,1
6804,-1
6805,-1
6806,-1
6807,-1
6808,-1
6809,-1
6810,-1
6811,-1
6812,-1
6813,-1
6814,-1
6815,-1
6816,-1
6817,-1
6818,-1
6819,-1
6820,2
6821,1
6822,-1
6823,-1
6824,-1
6825,-1
6826,-1
6827,-1
6828,-1
6829,-1
6830,-1
6831,-1
6832,-1
6833,-1
6834,-1
6835,-1
6836,-1
6837,-1
6838,-1
6839,-1
6840,-1
6841,-1
6842,-1
6843,-1
6844,-1
6845,-1
6846,-1
6847,-1
6848,-1
6849,-1
6850,-1
6851,-1
6852,-1
6853,-1
6854,-1
6855,-1
6856,-1
6857,-1
6858,-1
6859,-1
6860,3
6861,0
6862,-1
6863,-1
6864,-1
6865,-1
6866,2
6867,0
6868,-1
6869,-1
6870,-1
6871,-1
6872,-1
6873,-1
6874,-1
6875,-1
6876,-1
6877,-1
6878,-1
6879,-1
6880,-1
6881,-1
6882,-1
6883,-1
6884,-1
6885,-1
6886,-1
6887,-1
6888,-1
6889,-1
6890,-1
6891,-1
6892,-1
6893,-1
6894,3
6895,2
6896,-1
6897,-1
6898,-1
6899,-1
6900,-1
6901,-1
6902,-1
6903,-1
6904,-1
6905,-1
6906,-1
6907,-1
6908,3
6909,1
6910,1
6911,2
6912,-1
6913,-1
6914,-1
6915,-1
6916,-1
6917,-1
6918,1
6919,0
6920,1
6921,2
6922,-1
6923,-1
6924,-1
6925,-1
6926,-1
6927,-1
6928,-1
6929,-1
6930,-1
6931,-1
6932,-1
6933,-1
6934,-1
6935,-1
6936,-1
6937,-1
6938,-1
6939,-1
6940,-1
6941,-1
6942,-1
6943,-1
6944,-1
6945,-1
6946,-1
6947,-1
6948,-1
6949,-1
6950,-1
6951,-1
6952,-1
6953,-1
6954,-1
6955,-1
6956,-1
6957,-1
6958,-1
6959,-1
6960,-1
6961,-1
6962,-1
6963,-1
6964,-1
6965,-1
6966,-1
6967,-1
6968,-1
6969,-1
6970,-1
6971,-1
6972,3
6973,1
6974,-1
6975,-1
6976,-1
6977,-1
6978,-1
6979,-1
6980,-1
6981,-1
6982,3
6983,1
6984,-1
6985,-1
6986,-1
6987,-1
6988,-1
6989,-1
6990,-1
6991,-1
6992,-1
6993,-1
6994,-1
6995,-1
6996,-1
6997,-1
6998,-1
6999,-1
7000,-1
7001,-1
7002,-1
7003,-1
7004,-1
7005,-1
7006,-1
7007,-1
7008,-1
7009,-1
7010,-1
7011,-1
7012,-1
7013,-1
7014,-1
7015,-1
7016,-1
7017,-1
7018,3
7019,0
7020,-1
7021,-1
7022,-1
7023,-1
7024,-1
7025,-1
7026,-1
7027,-1
7028,-1
7029,-1
7030,-1
7031,-1
7032,-1
7033,-1
7034,2
7035,0
7036,1
7037,2
7038,-1
7039,-1
7040,-1
7041,-1
7042,-1
7043,-1
7044,-1
7045,-1
7046,1
7047,2
7048,-1
7049,-1
7050,-1
7051,-1
7052,1
7053,0
7054,-1
7055,-1
7056,-1
7057,-1
7058,2
7059,1
7060,-1
7061,-1
7062,3
7063,2
7064,-1
7065,-1
7066,1
7067,1
7068,-1
7069,-1
7070,3
7071,0
7072,-1
7073,-1
7074,-1
7075,-1
7076,-1
7077,-1
7078,3
7079,0
7080,-1
7081,-1
7082,-1
7083,-1
7084,-1
7085,-1
7086,-1
7087,-1
7088,3
7089,1
7090,-1
7091,-1
7092,-1
7093,-1
7094,-1
7095,-1
7096,-1
7097,-1
7098,-1
7099,-1
7100,1
7101,0
7102,-1
7103,-1
7104,-1
7105,-1
7106,-1
7107,-1
7108,-1
7109,-1
7110,-1
7111,-1
7112,1
7113,2
7114,-1
7115,-1
7116,-1
7117,-1
7118,-1
7119,-1
7120,1
7121,2
7122,-1
7123,-1
7124,2
7125,2
7126,3
7127,1
7128,-1
7129,-1
7130,-1
7131,-1
7132,-1
7133,-1
7134,-1
7135,-1
7136,-1
7137,-1
7138,-1
7139,-1
7140,-1
7141,-1
7142,-1
7143,-1
7144,-1
7145,-1
7146,2
7147,0
7148,-1
7149,-1
7150,-1
7151,-1
7152,-1
7153,-1
7154,-1
7155,-1
7156,-1
7157,-1
7158,-1
7159,-1
7160,-1
7161,-1
7162,-1
7163,-1
7164,-1
7165,-1
7166,-1
7167,-1
7168,-1
7169,-1
7170,-1
7171,-1
7172,-1
7173,-1
7174,-1
7175,-1
7176,-1
7177,-1
7178,2
7179,1
7180,-1
7181,-1
7182,-1
7183,-1
7184,-1
7185,-1
7186,-1
7187,-1
7188,-1
7189,-1
7190,-1
7191,-1
7192,-1
7193,-1
7194,-1
7195,-1
7196,-1
7197,-1
7198,-1
7199,-1
7200,-1
7201,-1
7202,-1
7203,-1
7204,-1
7205,-1
7206,-1
7207,-1
7208,-1
7209,-1
7210,-1
7211,-1
7212,-1
7213,-1
7214,-1
7215,-1
7216,-1
7217,-1
7218,-1
7219,-1
7220,3
7221,1
7222,-1
7223,-1
7224,-1
7225,-1
7226,1
7227,0
7228,-1
7229,-1
7230,-1
7231,-1
7232,-1
7233,-1
7234,2
7235,0
7236,-1
7237,-1
7238,1
7239,0
7240,-1
7241,-1
7242,-1
7243,-1
7244,2
7245,2
7246,1
7247,2
7248,1
7249,2
7250,-1
7251,-1
7252,1
7253,1
7254,-1
7255,-1
7256,-1
7257,-1
7258,-1
7259,-1
7260,-1
7261,-1
7262,-1
7263,-1
7264,-1
7265,-1
7266,-1
7267,-1
7268,-1
7269,-1
7270,-1
7271,-1
7272,-1
7273,-1
7274,-1
7275,-1
7276,3
7277,2
7278,2
7279,1
7280,-1
7281,-1
7282,-1
7283,-1
7284,-1
7285,-1
7286,-1
7287,-1
7288,-1
7289,-1
7290,2
7291,0
7292,-1
7293,-1
7294,-1
7295,-1
7296,-1
7297,-1
7298,-1
7299,-1
7300,-1
7301,-1
7302,-1
7303,-1
7304,-1
7305,-1
7306,-1
7307,-1
7308,3
7309,0
7310,-1
7311,-1
7312,-1
7313,-1
7314,-1
7315,-1
7316,-1
7317,-1
7318,-1
7319,-1
7320,-1
7321,-1
7322,-1
7323,-1
7324,-1
7325,-1
7326,2
7327,1
7328,1
7329,1
7330,2
7331,2
7332,-1
7333,-1
7334,-1
7335,-1
7336,-1
7337,-1
7338,-1
7339,-1
7340,-1
7341,-1
7342,-1
7343,-1
7344,-1
7345,-1
7346,-1
7347,-1
7348,-1
7349,-1
7350,-1
7351,-1
7352,-1
7353,-1
7354,-1
7355,-1
7356,-1
7357,-1
7358,-1
7359,-1
7360,-1
7361,-1
7362,-1
7363,-1
7364,3
7365,1
7366,-1
7367,-1
7368,-1
7369,-1
7370,-1
7371,-1
7372,-1
7373,-1
7374,-1
7375,-1
7376,-1
7377,-1
7378,2
7379,1
7380,-1
7381,-1
7382,-1
7383,-1
7384,-1
7385,-1
7386,-1
7387,-1
7388,-1
7389,-1
7390,-1
7391,-1
7392,-1
7393,-1
7394,-1
7395,-1
7396,-1
7397,-1
7398,-1
7399,-1
7400,-1
7401,-1
7402,-1
7403,-1
7404,-1
7405,-1
7406,1
7407,1
7408,-1
7409,-1
7410,-1
7411,-1
7412,-1
7413,-1
7414,-1
7415,-1
7416,-1
7417,-1
7418,2
7419,2
7420,-1
7421,-1
7422,-1
7423,-1
7424,3
7425,0
7426,-1
7427,-1
7428,-1
7429,-1
7430,3
7431,1
7432,-1
7433,-1
7434,-1
7435,-1
7436,-1
7437,-1
7438,-1
7439,-1
7440,-1
7441,-1
7442,-1
7443,-1
7444,3
7445,2
7446,-1
7447,-1
7448,-1
7449,-1
7450,-1
7451,-1
7452,3
7453,0
7454,-1
7455,-1
7456,-1
7457,-1
7458,-1
7459,-1
7460,-1
7461,-1
7462,-1
7463,-1
7464,-1
7465,-1
7466,2
7467,0
7468,-1
7469,-1
7470,2
7471,1
7472,-1
7473,-1
7474,-1
7475,-1
7476,-1
7477,-1
7478,-1
7479,-1
7480,-1
7481,-1
7482,-1
7483,-1
7484,-1
7485,-1
7486,-1
7487,-1
7488,-1
7489,-1
7490,2
7491,2
7492,-1
7493,-1
7494,-1
7495,-1
7496,-1
7497,-1
7498,-1
7499,-1
7500,-1
7501,-1
7502,-1
7503,-1
7504,-1
7505,-1
7506,-1
7507,-1
7508,-1
7509,-1
7510,3
7511,1
7512,-1
7513,-1
7514,1
7515,0
7516,-1
7517,-1
7518,2
7519,0
7520,-1
7521,-1
7522,-1
7523,-1
7524,-1
7525,-1
7526,-1
7527,-1
7528,-1
7529,-1
7530,-1
7531,-1
7532,2
7533,2
7534,2
7535,1
7536,-1
7537,-1
7538,-1
7539,-1
7540,3
7541,0
7542,-1
7543,-1
7544,1
7545,2
7546,-1
7547,-1
7548,-1
7549,-1
7550,-1
7551,-1
7552,-1
7553,-1
7554,-1
7555,-1
7556,-1
7557,-1
7558,-1
7559,-1
7560,-1
7561,-1
7562,-1
7563,-1
7564,-1
7565,-1
7566,-1
7567,-1
7568,-1
7569,-1
7570,-1
7571,-1
7572,-1
7573,-1
7574,-1
7575,-1
7576,-1
7577,-1
7578,-1
7579,-1
7580,-1
7581,-1
7582,-1
7583,-1
7584,-1
7585,-1
7586,-1
7587,-1
7588,-1
7589,-1
7590,-1
7591,-1
7592,-1
7593,-1
7594,-1
7595,-1
7596,-1
7597,-1
7598,-1
7599,-1
7600,-1
7601,-1
7602,-1
7603,-1
7604,-1
7605,-1
7606,3
7607,2
7608,-1
7609,-1
7610,-1
7611,-1
7612,3
7613,2
7614,-1
7615,-1
7616,-1
7617,-1
7618,2
7619,0
7620,1
7621,1
7622,3
7623,1
7624,-1
7625,-1
7626,-1
7627,-1
7628,-1
7629,-1
7630,-1
7631,-1
7632,-1
7633,-1
7634,-1
7635,-1
7636,-1
7637,-1
7638,-1
7639,-1
7640,-1
7641,-1
7642,-1
7643,-1
7644,-1
7645,-1
7646,-1
7647,-1
7648,-1
7649,-1
7650,-1
7651,-1
7652,-1
7653,-1
7654,-1
7655,-1
7656,-1
7657,-1
7658,-1
7659,-1
7660,-1
7661,-1
7662,-1
7663,-1
7664,-1
7665,-1
7666,1
7667,1
7668,-1
7669,-1
7670,-1
7671,-1
7672,-1
7673,-1
7674,-1
7675,-1
7676,3
7677,2
7678,-1
7679,-1
7680,-1
7681,-1
7682,-1
7683,-1
7684,-1
7685,-1
7686,-1
7687,-1
7688,-1
7689,-1
7690,-1
7691,-1
7692,3
7693,0
7694,1
7695,0
7696,-1
7697,-1
7698,-1
7699,-1
7700,-1
7701,-1
7702,-1
7703,-1
7704,-1
7705,-1
7706,-1
7707,-1
7708,1
7709,0
7710,-1
7711,-1
7712,-1
7713,-1
7714,2
7715,1
7716,-1
7717,-1
7718,-1
7719,-1
7720,-1
7721,-1
7722,-1
7723,-1
7724,2
7725,1
7726,-1
7727,-1
7728,-1
7729,-1
7730,-1
7731,-1
7732,-1
7733,-1
7734,-1
7735,-1
7736,-1
7737,-1
7738,-1
7739,-1
7740,-1
7741,-1
7742,-1
7743,-1
7744,-1
7745,-1
7746,-1
7747,-1
7748,-1
7749,-1
7750,1
7751,0
7752,-1
7753,-1
7754,-1
7755,-1
7756,-1
7757,-1
7758,-1
7759,-1
7760,-1
7761,-1
7762,-1
7763,-1
7764,-1
7765,-1
7766,-1
7767,-1
7768,-1
7769,-1
7770,-1
7771,-1
7772,-1
7773,-1
7774,-1
7775,-1
7776,-1
7777,-1
7778,-1
7779,-1
7780,-1
7781,-1
7782,3
7783,2
7784,-1
7785,-1
7786,-1
7787,-1
7788,-1
7789,-1
7790,3
7791,2
7792,-1
7793,-1
7794,-1
7795,-1
7796,-1
7797,-1
7798,-1
7799,-1
7800,-1
7801,-1
7802,-1
7803,-1
7804,-1
7805,-1
7806,-1
7807,-1
7808,-1
7809,-1
7810,1
7811,2
7812,-1
7813,-1
7814,-1
7815,-1
7816,-1
7817,-1
7818,-1
7819,-1
7820,-1
7821,-1
7822,-1
7823,-1
7824,-1
7825,-1
7826,-1
7827,-1
7828,1
7829,1
7830,1
7831,2
7832,-1
7833,-1
7834,-1
7835,-1
7836,-1
7837,-1
7838,-1
7839,-1
7840,-1
7841,-1
7842,-1
7843,-1
7844,-1
7845,-1
7846,-1
7847,-1
7848,-1
7849,-1
7850,-1
7851,-1
7852,1
7853,0
7854,-1
7855,-1
7856,-1
7857,-1
7858,-1
7859,-1
7860,1
7861,1
7862,-1
7863,-1
7864,2
7865,0
7866,1
7867,1
7868,-1
7869,-1
7870,-1
7871,-1
7872,-1
7873,-1
7874,2
7875,0
7876,-1
7877,-1
7878,-1
7879,-1
7880,3
7881,0
7882,2
7883,2
7884,-1
7885,-1
7886,-1
7887,-1
7888,2
7889,0
7890,-1
7891,-1
7892,-1
7893,-1
7894,-1
7895,-1
7896,-1
7897,-1
7898,-1
7899,-1
7900,-1
7901,-1
7902,-1
7903,-1
7904,-1
7905,-1
7906,-1
7907,-1
7908,-1
7909,-1
7910,-1
7911,-1
7912,-1
7913,-1
7914,-1
7915,-1
7916,3
7917,1
7918,-1
7919,-1
7920,-1
7921,-1
7922,-1
7923,-1
7924,-1
7925,-1
7926,-1
7927,-1
7928,-1
7929,-1
7930,-1
7931,-1
7932,-1
7933,-1
7934,-1
7935,-1
7936,-1
7937,-1
7938,-1
7939,-1
7940,-1
7941,-1
7942,-1
7943,-1
7944,-1
7945,-1
7946,-1
7947,-1
7948,-1
7949,-1
7950,-1
7951,-1
7952,-1
7953,-1
7954,-1
7955,-1
7956,-1
7957,-1
7958,-1
7959,-1
7960,-1
7961,-1
7962,1
7963,0
7964,-1
7965,-1
7966,-1
7967,-1
7968,-1
7969,-1
7970,2
7971,2
7972,-1
7973,-1
7974,-1
7975,-1
7976,-1
7977,-1
7978,-1
7979,-1
7980,-1
7981,-1
7982,1
7983,1
7984,1
7985,2
7986,3
7987,2
7988,1
7989,0
7990,1
7991,0
7992,-1
7993,-1
7994,3
7995,1
7996,3
7997,1
7998,-1
7999,-1
8000,-1
8001,-1
8002,-1
8003,-1
8004,2
8005,0
8006,-1
8007,-1
8008,-1
8009,-1
8010,-1
8011,-1
8012,2
8013,0
8014,-1
8015,-1
8016,-1
8017,-1
8018,-1
8019,-1
8020,-1
8021,-1
8022,-1
8023,-1
8024,2
8025,0
8026,-1
8027,-1
8028,-1
8029,-1
8030,-1
8031,-1
8032,-1
8033,-1
8034,-1
8035,-1
8036,-1
8037,-1
8038,3
8039,1
8040,-1
8041,-1
8042,-1
8043,-1
8044,-1
8045,-1
8046,-1
8047,-1
8048,-1
8049,-1
8050,3
8051,2
8052,2
8053,1
8054,-1
8055,-1
8056,-1
8057,-1
8058,-1
8059,-1
8060,-1
8061,-1
8062,-1
8063,-1
8064,-1
8065,-1
8066,-1
8067,-1
8068,-1
8069,-1
8070,-1
8071,-1
8072,-1
8073,-1
8074,-1
8075,-1
8076,-1
8077,-1
8078,-1
8079,-1
8080,-1
8081,-1
8082,-1
8083,-1
8084,2
8085,1
8086,-1
8087,-1
8088,-1
8089,-1
8090,-1
8091,-1
8092,-1
8093,-1
8094,-1
8095,-1
8096,-1
8097,-1
8098,-1
8099,-1
8100,-1
8101,-1
8102,-1
8103,-1
8104,-1
8105,-1
8106,-1
8107,-1
8108,-1
8109,-1
8110,-1
8111,-1
8112,-1
8113,-1
8114,1
8115,1
8116,1
8117,1
8118,-1
8119,-1
8120,-1
8121,-1
8122,1
8123,2
8124,-1
8125,-1
8126,-1
8127,-1
8128,-1
8129,-1
8130,-1
8131,-1
8132,-1
8133,-1
8134,1
8135,0
8136,-1
8137,-1
8138,-1
8139,-1
8140,-1
8141,-1
8142,-1
8143,-1
8144,-1
8145,-1
8146,-1
8147,-1
8148,-1
8149,-1
8150,-1
8151,-1
8152,-1
8153,-1
8154,-1
8155,-1
8156,-1
8157,-1
8158,-1
8159,-1
8160,-1
8161,-1
8162,-1
8163,-1
8164,-1
8165,-1
8166,2
8167,2
8168,-1
8169,-1
8170,1
8171,2
8172,-1
8173,-1
8174,-1
8175,-1
8176,-1
8177,-1
8178,3
8179,2
8180,2
8181,1
8182,2
8183,2
8184,2
8185,2
8186,-1
8187,-1
8188,-1
8189,-1
8190,-1
8191,-1
8192,-1
8193,-1
8194,-1
8195,-1
8196,3
8197,1
8198,-1
8199,-1
8200,-1
8201,-1
8202,-1
8203,-1
8204,1
8205,2
8206,-1
8207,-1
8208,-1
8209,-1
8210,-1
8211,-1
8212,2
8213,0
8214,-1
8215,-1
8216,-1
8217,-1
8218,-1
8219,-1
8220,-1
8221,-1
8222,-1
8223,-1
8224,-1
8225,-1
8226,-1
8227,-1
8228,-1
8229,-1
8230,-1
8231,-1
8232,-1
8233,-1
8234,-1
8235,-1
8236,-1
8237,-1
8238,-1
8239,-1
8240,-1
8241,-1
8242,-1
8243,-1
8244,-1
8245,-1
8246,-1
8247,-1
8248,-1
8249,-1
8250,-1
8251,-1
8252,-1
8253,-1
8254,-1
8255,-1
8256,3
8257,1
8258,-1
8259,-1
8260,-1
8261,-1
8262,-1
8263,-1
8264,-1
8265,-1
8266,-1
8267,-1
8268,-1
8269,-1
8270,-1
8271,-1
8272,3
8273,1
8274,-1
8275,-1
8276,-1
8277,-1
8278,-1
8279,-1
8280,-1
8281,-1
8282,3
8283,1
8284,-1
8285,-1
8286,3
8287,1
8288,-1
8289,-1
8290,-1
8291,-1
8292,-1
8293,-1
8294,-1
8295,-1
8296,-1
8297,-1
8298,-1
8299,-1
8300,-1
8301,-1
8302,-1
8303,-1
8304,-1
8305,-1
8306,-1
8307,-1
8308,-1
8309,-1
8310,-1
8311,-1
8312,1
8313,2
8314,-1
8315,-1
8316,1
8317,0
8318,-1
8319,-1
8320,-1
8321,-1
8322,-1
8323,-1
8324,1
8325,1
8326,1
8327,2
8328,2
8329,1
8330,-1
8331,-1
8332,-1
8333,-1
8334,-1
8335,-1
8336,-1
8337,-1
8338,-1
8339,-1
8340,-1
8341,-1
8342,1
8343,1
8344,3
8345,1
8346,-1
8347,-1
8348,3
8349,1
8350,2
8351,2
8352,-1
8353,-1
8354,-1
8355,-1
8356,-1
8357,-1
8358,-1
8359,-1
8360,-1
8361,-1
8362,-1
8363,-1
8364,-1
8365,-1
8366,-1
8367,-1
8368,-1
8369,-1
8370,2
8371,1
8372,-1
8373,-1
8374,-1
8375,-1
8376,-1
8377,-1
8378,3
8379,2
8380,-1
8381,-1
8382,-1
8383,-1
8384,-1
8385,-1
8386,-1
8387,-1
8388,2
8389,1
8390,-1
8391,-1
8392,-1
8393,-1
8394,-1
8395,-1
8396,-1
8397,-1
8398,-1
8399,-1
8400,-1
8401,-1
8402,-1
8403,-1
8404,-1
8405,-1
8406,-1
8407,-1
8408,3
8409,0
8410,3
8411,2
8412,-1
8413,-1
8414,-1
8415,-1
8416,-1
8417,-1
8418,-1
8419,-1
8420,-1
8421,-1
8422,2
8423,2
8424,2
8425,2
8426,-1
8427,-1
8428,-1
8429,-1
8430,3
8431,2
8432,-1
8433,-1
8434,3
8435,2
8436,-1
8437,-1
8438,-1
8439,-1
8440,-1
8441,-1
8442,-1
8443,-1
8444,-1
8445,-1
8446,-1
8447,-1
8448,-1
8449,-1
8450,-1
8451,-1
8452,-1
8453,-1
8454,2
8455,2
8456,-1
8457,-1
8458,-1
8459,-1
8460,3
8461,0
8462,2
8463,2
8464,-1
8465,-1
8466,-1
8467,-1
8468,-1
8469,-1
8470,-1
8471,-1
8472,-1
8473,-1
8474,-1
8475,-1
8476,-1
8477,-1
8478,-1
8479,-1
8480,1
8481,2
8482,-1
8483,-1
8484,3
8485,0
8486,-1
8487,-1
8488,-1
8489,-1
8490,-1
8491,-1
8492,-1
8493,-1
8494,-1
8495,-1
8496,-1
8497,-1
8498,-1
8499,-1
8500,-1
8501,-1
8502,-1
8503,-1
8504,-1
8505,-1
8506,-1
8507,-1
8508,-1
8509,-1
8510,-1
8511,-1
8512,-1
8513,-1
8514,-1
8515,-1
8516,-1
8517,-1
8518,2
8519,2
8520,-1
8521,-1
8522,-1
8523,-1
8524,-1
8525,-1
8526,3
8527,1
8528,2
8529,1
8530,-1
8531,-1
8532,-1
8533,-1
8534,-1
8535,-1
8536,-1
8537,-1
8538,-1
8539,-1
8540,-1
8541,-1
8542,-1
8543,-1
8544,-1
8545,-1
8546,-1
8547,-1
8548,-1
8549,-1
8550,-1
8551,-1
8552,-1
8553,-1
8554,-1
8555,-1
8556,-1
8557,-1
8558,2
8559,0
8560,-1
8561,-1
8562,-1
8563,-1
8564,-1
8565,-1
8566,-1
8567,-1
8568,-1
8569,-1
8570,-1
8571,-1
8572,-1
8573,-1
8574,-1
8575,-1
8576,-1
8577,-1
8578,-1
8579,-1
8580,-1
8581,-1
8582,-1
8583,-1
8584,-1
8585,-1
8586,-1
8587,-1
8588,-1
8589,-1
8590,-1
8591,-1
8592,-1
8593,-1
8594,-1
8595,-1
8596,-1
8597,-1
8598,-1
8599,-1
8600,-1
8601,-1
8602,-1
8603,-1
8604,-1
8605,-1
8606,-1
8607,-1
8608,-1
8609,-1
8610,-1
8611,-1
8612,-1
8613,-1
8614,-1
8615,-1
8616,-1
8617,-1
8618,-1
8619,-1
8620,-1
8621,-1
8622,-1
8623,-1
8624,-1
8625,-1
8626,-1
8627,-1
8628,-1
8629,-1
8630,-1
8631,-1
8632,-1
8633,-1
8634,-1
8635,-1
8636,-1
8637,-1
8638,-1
8639,-1
8640,-1
8641,-1
8642,1
8643,0
8644,-1
8645,-1
8646,-1
8647,-1
8648,-1
8649,-1
8650,-1
8651,-1
8652,-1
8653,-1
8654,-1
8655,-1
8656,-1
8657,-1
8658,-1
8659,-1
8660,-1
8661,-1
8662,-1
8663,-1
8664,-1
8665,-1
8666,-1
8667,-1
8668,3
8669,2
8670,-1
8671,-1
8672,3
8673,0
8674,2
8675,0
8676,-1
8677,-1
8678,-1
8679,-1
8680,-1
8681,-1
8682,3
8683,1
8684,2
8685,2
8686,-1
8687,-1
8688,-1
8689,-1
8690,-1
8691,-1
8692,-1
8693,-1
8694,-1
8695,-1
8696,-1
8697,-1
8698,-1
8699,-1
8700,-1
8701,-1
8702,-1
8703,-1
8704,-1
8705,-1
8706,-1
8707,-1
8708,1
8709,2
8710,-1
8711,-1
8712,-1
8713,-1
8714,-1
8715,-1
8716,-1
8717,-1
8718,-1
8719,-1
8720,-1
8721,-1
8722,-1
8723,-1
8724,-1
8725,-1
8726,-1
8727,-1
8728,-1
8729,-1
8730,-1
8731,-1
8732,-1
8733,-1
8734,-1
8735,-1
8736,-1
8737,-1
8738,-1
8739,-1
8740,-1
8741,-1
8742,-1
8743,-1
8744,-1
8745,-1
8746,-1
8747,-1
8748,-1
8749,-1
8750,-1
8751,-1
8752,-1
8753,-1
8754,-1
8755,-1
8756,-1
8757,-1
8758,-1
8759,-1
8760,-1
8761,-1
8762,-1
8763,-1
8764,3
8765,2
8766,-1
8767,-1
8768,-1
8769,-1
8770,2
8771,1
8772,-1
8773,-1
8774,1
8775,1
8776,2
8777,0
8778,-1
8779,-1
8780,-1
8781,-1
8782,-1
8783,-1
8784,-1
8785,-1
8786,2
8787,1
8788,-1
8789,-1
8790,3
8791,1
8792,-1
8793,-1
8794,-1
8795,-1
8796,3
8797,0
8798,3
8799,0
8800,-1
8801,-1
8802,-1
8803,-1
8804,-1
8805,-1
8806,-1
8807,-1
8808,2
8809,1
8810,-1
8811,-1
8812,3
8813,2
8814,-1
8815,-1
8816,-1
8817,-1
8818,-1
8819,-1
8820,-1
8821,-1
8822,-1
8823,-1
8824,3
8825,0
8826,-1
8827,-1
8828,-1
8829,-1
8830,3
8831,1
8832,1
8833,0
8834,-1
8835,-1
8836,-1
8837,-1
8838,-1
8839,-1
8840,1
8841,2
8842,1
8843,2
8844,3
8845,1
8846,1
8847,0
8848,-1
8849,-1
8850,1
8851,2
8852,-1
8853,-1
8854,-1
8855,-1
8856,-1
8857,-1
8858,-1
8859,-1
8860,-1
8861,-1
8862,-1
8863,-1
8864,-1
8865,-1
8866,-1
8867,-1
8868,-1
8869,-1
8870,-1
8871,-1
8872,-1
8873,-1
8874,2
8875,1
8876,-1
8877,-1
8878,-1
8879,-1
8880,-1
8881,-1
8882,-1
8883,-1
8884,-1
8885,-1
8886,-1
8887,-1
8888,-1
8889,-1
8890,-1
8891,-1
8892,-1
8893,-1
8894,-1
8895,-1
8896,-1
8897,-1
8898,-1
8899,-1
8900,-1
8901,-1
8902,-1
8903,-1
8904,-1
8905,-1
8906,-1
8907,-1
8908,-1
8909,-1
8910,-1
8911,-1
8912,-1
8913,-1
8914,2
8915,2
8916,-1
8917,-1
8918,-1
8919,-1
8920,-1
8921,-1
8922,-1
8923,-1
8924,-1
8925,-1
8926,-1
8927,-1
8928,-1
8929,-1
8930,-1
8931,-1
8932,-1
8933,-1
8934,-1
8935,-1
8936,-1
8937,-1
8938,-1
8939,-1
8940,-1
8941,-1
8942,-1
8943,-1
8944,-1
8945,-1
8946,-1
8947,-1
8948,-1
8949,-1
8950,-1
8951,-1
8952,-1
8953,-1
8954,2
8955,0
8956,-1
8957,-1
8958,-1
8959,-1
8960,-1
8961,-1
8962,-1
8963,-1
8964,-1
8965,-1
8966,2
8967,1
8968,-1
8969,-1
8970,-1
8971,-1
8972,-1
8973,-1
8974,-1
8975,-1
8976,-1
8977,-1
8978,-1
8979,-1
8980,-1
8981,-1
8982,-1
8983,-1
8984,-1
8985,-1
8986,-1
8987,-1
8988,-1
8989,-1
8990,-1
8991,-1
8992,-1
8993,-1
8994,-1
8995,-1
8996,-1
8997,-1
8998,-1
8999,-1
9000,-1
9001,-1
9002,-1
9003,-1
9004,-1
9005,-1
9006,-1
9007,-1
9008,-1
9009,-1
9010,-1
9011,-1
9012,-1
9013,-1
9014,-1
9015,-1
9016,2
9017,1
9018,-1
9019,-1
9020,-1
9021,-1
9022,-1
9023,-1
9024,1
9025,2
9026,1
9027,2
9028,-1
9029,-1
9030,-1
9031,-1
9032,1
9033,0
9034,-1
9035,-1
9036,-1
9037,-1
9038,-1
9039,-1
9040,-1
9041,-1
9042,-1
9043,-1
9044,-1
9045,-1
9046,2
9047,1
9048,1
9049,1
9050,-1
9051,-1
9052,-1
9053,-1
9054,-1
9055,-1
9056,-1
9057,-1
9058,-1
9059,-1
9060,-1
9061,-1
9062,-1
9063,-1
9064,-1
9065,-1
9066,-1
9067,-1
9068,1
9069,1
9070,-1
9071,-1
9072,2
9073,1
9074,-1
9075,-1
9076,-1
9077,-1
9078,-1
9079,-1
9080,-1
9081,-1
9082,-1
9083,-1
9084,-1
9085,-1
9086,-1
9087,-1
9088,-1
9089,-1
9090,-1
9091,-1
9092,-1
9093,-1
9094,3
9095,2
9096,-1
9097,-1
9098,-1
9099,-1
9100,-1
9101,-1
9102,-1
9103,-1
9104,-1
9105,-1
9106,-1
9107,-1
9108,-1
9109,-1
9110,-1
9111,-1
9112,3
9113,2
9114,3
9115,1
9116,-1
9117,-1
9118,-1
9119,-1
9120,3
9121,0
9122,-1
9123,-1
9124,-1
9125,-1
9126,-1
9127,-1
9128,-1
9129,-1
9130,-1
9131,-1
9132,-1
9133,-1
9134,-1
9135,-1
9136,-1
9137,-1
9138,-1
9139,-1
9140,-1
9141,-1
9142,-1
9143,-1
9144,-1
9145,-1
9146,-1
9147,-1
9148,-1
9149,-1
9150,1
9151,2
9152,-1
9153,-1
9154,-1
9155,-1
9156,-1
9157,-1
9158,-1
9159,-1
9160,-1
9161,-1
9162,-1
9163,-1
9164,1
9165,1
9166,-1
9167,-1
9168,-1
9169,-1
9170,-1
9171,-1
9172,-1
9173,-1
9174,-1
9175,-1
9176,1
9177,1
9178,2
9179,0
9180,-1
9181,-1
9182,-1
9183,-1
9184,-1
9185,-1
9186,-1
9187,-1
9188,-1
9189,-1
9190,2
9191,0
9192,-1
9193,-1
9194,-1
9195,-1
9196,-1
9197,-1
9198,-1
9199,-1
9200,3
9201,0
9202,-1
9203,-1
9204,-1
9205,-1
9206,3
9207,0
9208,-1
9209,-1
9210,1
9211,1
9212,-1
9213,-1
9214,-1
9215,-1
9216,-1
9217,-1
9218,-1
9219,-1
9220,1
9221,0
9222,-1
9223,-1
9224,2
9225,1
9226,-1
9227,-1
9228,-1
9229,-1
9230,-1
9231,-1
9232,-1
9233,-1
9234,-1
9235,-1
9236,-1
9237,-1
9238,3
9239,2
9240,-1
9241,-1
9242,-1
9243,-1
9244,-1
9245,-1
9246,-1
9247,-1
9248,-1
9249,-1
9250,-1
9251,-1
9252,-1
9253,-1
9254,-1
9255,-1
9256,-1
9257,-1
9258,2
9259,1
9260,-1
9261,-1
9262,-1
9263,-1
9264,-1
9265,-1
9266,-1
9267,-1
9268,2
9269,0
9270,-1
9271,-1
9272,-1
9273,-1
9274,-1
9275,-1
9276,-1
9277,-1
9278,-1
9279,-1
9280,-1
9281,-1
9282,-1
9283,-1
9284,-1
9285,-1
9286,-1
9287,-1
9288,1
9289,0
9290,-1
9291,-1
9292,-1
9293,-1
9294,-1
9295,-1
9296,-1
9297,-1
9298,-1
9299,-1
9300,-1
9301,-1
9302,-1
9303,-1
9304,-1
9305,-1
9306,-1
9307,-1
9308,-1
9309,-1
9310,-1
9311,-1
9312,-1
9313,-1
9314,-1
9315,-1
9316,-1
9317,-1
9318,-1
9319,-1
9320,-1
9321,-1
9322,-1
9323,-1
9324,-1
9325,-1
9326,-1
9327,-1
9328,2
9329,2
9330,1
9331,0
9332,-1
9333,-1
9334,2
9335,2
9336,-1
9337,-1
9338,-1
9339,-1
9340,2
9341,1
9342,3
9343,0
9344,-1
9345,-1
9346,-1
9347,-1
9348,-1
9349,-1
9350,-1
9351,-1
9352,-1
9353,-1
9354,-1
9355,-1
9356,-1
9357,-1
9358,1
9359,2
9360,2
9361,1
9362,-1
9363,-1
9364,-1
9365,-1
9366,-1
9367,-1
9368,-1
9369,-1
9370,-1
9371,-1
9372,3
9373,2
9374,-1
9375,-1
9376,-1
9377,-1
9378,-1
9379,-1
9380,-1
9381,-1
9382,-1
9383,-1
9384,-1
9385,-1
9386,-1
9387,-1
9388,-1
9389,-1
9390,-1
9391,-1
9392,3
9393,1
9394,2
9395,0
9396,-1
9397,-1
9398,-1
9399,-1
9400,-1
9401,-1
9402,-1
9403,-1
9404,-1
9405,-1
9406,-1
9407,-1
9408,-1
9409,-1
9410,-1
9411,-1
9412,-1
9413,-1
9414,-1
9415,-1
9416,-1
9417,-1
9418,-1
9419,-1
9420,-1
9421,-1
9422,-1
9423,-1
9424,-1
9425,-1
9426,-1
9427,-1
9428,1
9429,0
9430,-1
9431,-1
9432,-1
9433,-1
9434,-1
9435,-1
9436,-1
9437,-1
9438,1
9439,0
9440,-1
9441,-1
9442,-1
9443,-1
9444,-1
9445,-1
9446,-1
9447,-1
9448,1
9449,2
9450,-1
9451,-1
9452,-1
9453,-1
9454,-1
9455,-1
9456,3
9457,2
9458,-1
9459,-1
9460,3
9461,1
9462,-1
9463,-1
9464,-1
9465,-1
9466,-1
9467,-1
9468,3
9469,2
9470,-1
9471,-1
9472,-1
9473,-1
9474,3
9475,1
9476,-1
9477,-1
9478,-1
9479,-1
9480,-1
9481,-1
9482,-1
9483,-1
9484,2
9485,1
9486,-1
9487,-1
9488,-1
9489,-1
9490,-1
9491,-1
9492,-1
9493,-1
9494,-1
9495,-1
9496,3
9497,0
9498,-1
9499,-1
9500,2
9501,0
9502,-1
9503,-1
9504,-1
9505,-1
9506,-1
9507,-1
9508,3
9509,0
9510,-1
9511,-1
9512,2
9513,1
9514,-1
9515,-1
9516,-1
9517,-1
9518,-1
9519,-1
9520,-1
9521,-1
9522,-1
9523,-1
9524,-1
9525,-1
9526,-1
9527,-1
9528,-1
9529,-1
9530,-1
9531,-1
9532,3
9533,1
9534,-1
9535,-1
9536,-1
9537,-1
9538,-1
9539,-1
9540,-1
9541,-1
9542,-1
9543,-1
9544,-1
9545,-1
9546,-1
9547,-1
9548,-1
9549,-1
9550,-1
9551,-1
9552,-1
9553,-1
9554,-1
9555,-1
9556,2
9557,2
9558,-1
9559,-1
9560,-1
9561,-1
9562,-1
9563,-1
9564,-1
9565,-1
9566,-1
9567,-1
9568,-1
9569,-1
9570,-1
9571,-1
9572,-1
9573,-1
9574,-1
9575,-1
9576,-1
9577,-1
9578,-1
9579,-1
9580,-1
9581,-1
9582,3
9583,0
9584,3
9585,2
9586,-1
9587,-1
9588,-1
9589,-1
9590,2
9591,2
9592,-1
9593,-1
9594,-1
9595,-1
9596,-1
9597,-1
9598,-1
9599,-1
9600,-1
9601,-1
9602,-1
9603,-1
9604,-1
9605,-1
9606,-1
9607,-1
9608,-1
9609,-1
9610,-1
9611,-1
9612,-1
9613,-1
9614,-1
9615,-1
9616,-1
9617,-1
9618,-1
9619,-1
9620,-1
9621,-1
9622,-1
9623,-1
9624,-1
9625,-1
9626,-1
9627,-1
9628,-1
9629,-1
9630,1
9631,1
9632,-1
9633,-1
9634,2
9635,2
9636,1
9637,2
9638,-1
9639,-1
9640,-1
9641,-1
9642,-1
9643,-1
9644,-1
9645,-1
9646,-1
9647,-1
9648,-1
9649,-1
9650,2
9651,2
9652,-1
9653,-1
9654,3
9655,1
9656,-1
9657,-1
9658,-1
9659,-1
9660,-1
9661,-1
9662,-1
9663,-1
9664,-1
9665,-1
9666,-1
9667,-1
9668,-1
9669,-1
9670,1
9671,0
9672,-1
9673,-1
9674,2
9675,0
9676,-1
9677,-1
9678,-1
9679,-1
9680,-1
9681,-1
9682,-1
9683,-1
9684,-1
9685,-1
9686,1
9687,0
9688,-1
9689,-1
9690,-1
9691,-1
9692,-1
9693,-1
9694,-1
9695,-1
9696,-1
9697,-1
9698,-1
9699,-1
9700,-1
9701,-1
9702,2
9703,0
9704,-1
9705,-1
9706,1
9707,1
9708,-1
9709,-1
9710,-1
9711,-1
9712,3
9713,2
9714,-1
9715,-1
9716,-1
9717,-1
9718,-1
9719,-1
9720,-1
9721,-1
9722,1
9723,2
9724,-1
9725,-1
9726,-1
9727,-1
9728,-1
9729,-1
9730,-1
9731,-1
9732,-1
9733,-1
9734,-1
9735,-1
9736,-1
9737,-1
9738,-1
9739,-1
9740,-1
9741,-1
9742,-1
9743,-1
9744,-1
9745,-1
9746,-1
9747,-1
9748,-1
9749,-1
9750,-1
9751,-1
9752,-1
9753,-1
9754,-1
9755,-1
9756,-1
9757,-1
9758,-1
9759,-1
9760,-1
9761,-1
9762,3
9763,2
9764,-1
9765,-1
9766,-1
9767,-1
9768,-1
9769,-1
9770,1
9771,1
9772,-1
9773,-1
9774,-1
9775,-1
9776,-1
9777,-1
9778,3
9779,2
9780,-1
9781,-1
9782,-1
9783,-1
9784,-1
9785,-1
9786,-1
9787,-1
9788,-1
9789,-1
9790,-1
9791,-1
9792,2
9793,2
9794,-1
9795,-1
9796,-1
9797,-1
9798,-1
9799,-1
9800,-1
9801,-1
9802,-1
9803,-1
9804,-1
9805,-1
9806,-1
9807,-1
9808,-1
9809,-1
9810,-1
9811,-1
9812,-1
9813,-1
9814,-1
9815,-1
9816,-1
9817,-1
9818,-1
9819,-1
9820,-1
9821,-1
9822,-1
9823,-1
9824,3
9825,2
9826,-1
9827,-1
9828,-1
9829,-1
9830,1
9831,1
9832,2
9833,1
9834,-1
9835,-1
9836,-1
9837,-1
9838,-1
9839,-1
9840,-1
9841,-1
9842,-1
9843,-1
9844,3
9845,2
9846,-1
9847,-1
9848,-1
9849,-1
9850,-1
9851,-1
9852,-1
9853,-1
9854,2
9855,0
9856,2
9857,1
9858,-1
9859,-1
9860,-1
9861,-1
9862,-1
9863,-1
9864,-1
9865,-1
9866,-1
9867,-1
9868,-1
9869,-1
9870,1
9871,0
9872,-1
9873,-1
9874,-1
9875,-1
9876,-1
9877,-1
9878,-1
9879,-1
9880,3
9881,2
9882,-1
9883,-1
9884,-1
9885,-1
9886,-1
9887,-1
9888,-1
9889,-1
9890,-1
9891,-1
9892,-1
9893,-1
9894,-1
9895,-1
9896,2
9897,1
9898,-1
9899,-1
9900,-1
9901,-1
9902,1
9903,2
9904,-1
9905,-1
9906,1
9907,2
9908,1
9909,0
9910,-1
9911,-1
9912,-1
9913,-1
9914,-1
9915,-1
9916,2
9917,0
9918,-1
9919,-1
9920,-1
9921,-1
9922,-1
9923,-1
9924,1
9925,0
9926,-1
9927,-1
9928,-1
9929,-1
9930,2
9931,2
9932,3
9933,1
9934,-1
9935,-1
9936,-1
9937,-1
9938,3
9939,2
9940,-1
9941,-1
9942,-1
9943,-1
9944,3
9945,0
9946,1
9947,2
9948,-1
9949,-1
9950,-1
9951,-1
9952,2
9953,1
9954,1
9955,2
9956,-1
9957,-1
9958,3
9959,2
9960,-1
9961,-1
9962,-1
9963,-1
9964,-1
9965,-1
9966,-1
9967,-1
9968,1
9969,0
9970,-1
9971,-1
9972,1
9973,2
9974,2
9975,1
9976,-1
9977,-1
9978,-1
9979,-1
9980,2
9981,2
9982,2
9983,0
9984,-1
9985,-1
9986,-1
9987,-1
9988,-1
9989,-1
9990,-1
9991,-1
9992,2
9993,1
9994,-1
9995,-1
9996,-1
9997,-1
9998,-1
9999,-1
10000,-1
10001,-1
10002,-1
10003,-1
10004,-1
10005,-1
10006,2
10007,0
10008,-1
10009,-1
10010,-1
10011,-1
10012,-1
10013,-1
10014,-1
10015,-1
10016,-1
10017,-1
10018,-1
10019,-1
10020,-1
10021,-1
10022,-1
10023,-1
10024,-1
10025,-1
10026,-1
10027,-1
10028,-1
10029,-1
10030,2
10031,1
10032,-1
10033,-1
10034,-1
10035,-1
10036,-1
10037,-1
10038,-1
10039,-1
10040,-1
10041,-1
10042,-1
10043,-1
10044,-1
10045,-1
10046,-1
10047,-1
10048,-1
10049,-1
10050,3
10051,0
10052,-1
10053,-1
10054,-1
10055,-1
10056,-1
10057,-1
10058,-1
10059,-1
10060,-1
10061,-1
10062,-1
10063,-1
10064,-1
10065,-1
10066,-1
10067,-1
10068,-1
10069,-1
10070,-1
10071,-1
10072,-1
10073,-1
10074,-1
10075,-1
10076,-1
10077,-1
10078,-1
10079,-1
10080,-1
10081,-1
10082,-1
10083,-1
10084,-1
10085,-1
10086,-1
10087,-1
10088,-1
10089,-1
10090,1
10091,1
10092,-1
10093,-1
10094,1
10095,1
10096,-1
10097,-1
10098,-1
10099,-1
10100,-1
10101,-1
10102,-1
10103,-1
10104,-1
10105,-1
10106,3
10107,2
10108,-1
10109,-1
10110,-1
10111,-1
10112,2
10113,1
10114,-1
10115,-1
10116,2
10117,1
10118,-1
10119,-1
10120,-1
10121,-1
10122,1
10123,2
10124,-1
10125,-1
10126,-1
10127,-1
10128,-1
10129,-1
10130,-1
10131,-1
10132,-1
10133,-1
10134,3
10135,1
10136,-1
10137,-1
10138,-1
10139,-1
10140,2
10141,2
10142,-1
10143,-1
10144,-1
10145,-1
10146,-1
10147,-1
10148,2
10149,2
10150,-1
10151,-1
10152,-1
10153,-1
10154,-1
10155,-1
10156,-1
10157,-1
10158,-1
10159,-1
10160,-1
10161,-1
10162,-1
10163,-1
10164,-1
10165,-1
10166,-1
10167,-1
10168,-1
10169,-1
10170,-1
10171,-1
10172,-1
10173,-1
10174,2
10175,1
10176,-1
10177,-1
10178,2
10179,1
10180,2
10181,0
10182,-1
10183,-1
10184,-1
10185,-1
10186,-1
10187,-1
10188,-1
10189,-1
10190,-1
10191,-1
10192,-1
10193,-1
10194,-1
10195,-1
10196,-1
10197,-1
10198,-1
10199,-1
10200,-1
10201,-1
10202,3
10203,2
10204,-1
10205,-1
10206,-1
10207,-1
10208,-1
10209,-1
10210,2
10211,0
10212,-1
10213,-1
10214,-1
10215,-1
10216,3
10217,0
10218,-1
10219,-1
10220,-1
10221,-1
10222,-1
10223,-1
10224,3
10225,2
10226,-1
10227,-1
10228,-1
10229,-1
10230,-1
10231,-1
10232,2
10233,2
10234,-1
10235,-1
10236,-1
10237,-1
10238,2
10239,2
10240,2
10241,2
10242,-1
10243,-1
10244,-1
10245,-1
10246,-1
10247,-1
10248,-1
10249,-1
10250,-1
10251,-1
10252,2
10253,0
10254,-1
10255,-1
10256,-1
10257,-1
10258,-1
10259,-1
10260,-1
10261,-1
10262,-1
10263,-1
10264,2
10265,2
10266,2
10267,1
10268,-1
10269,-1
10270,3
10271,1
10272,-1
10273,-1
10274,-1
10275,-1
10276,-1
10277,-1
10278,-1
10279,-1
10280,-1
10281,-1
10282,1
10283,0
10284,-1
10285,-1
10286,-1
10287,-1
10288,-1
10289,-1
10290,1
10291,1
10292,-1
10293,-1
10294,-1
10295,-1
10296,2
10297,2
10298,-1
10299,-1
10300,-1
10301,-1
10302,3
10303,0
10304,-1
10305,-1
10306,-1
10307,-1
10308,-1
10309,-1
10310,3
10311,0
10312,-1
10313,-1
10314,3
10315,1
10316,-1
10317,-1
10318,-1
10319,-1
10320,-1
10321,-1
10322,-1
10323,-1
10324,-1
10325,-1
10326,2
10327,0
10328,-1
10329,-1
10330,-1
10331,-1
10332,-1
10333,-1
10334,-1
10335,-1
10336,-1
10337,-1
10338,-1
10339,-1
10340,2
10341,0
10342,-1
10343,-1
10344,-1
10345,-1
10346,-1
10347,-1
10348,-1
10349,-1
10350,-1
10351,-1
10352,-1
10353,-1
10354,-1
10355,-1
10356,2
10357,0
10358,3
10359,0
10360,-1
10361,-1
10362,-1
10363,-1
10364,-1
10365,-1
10366,-1
10367,-1
10368,-1
10369,-1
10370,-1
10371,-1
10372,3
10373,2
10374,-1
10375,-1
10376,-1
10377,-1
10378,-1
10379,-1
10380,-1
10381,-1
10382,-1
10383,-1
10384,-1
10385,-1
10386,-1
10387,-1
10388,-1
10389,-1
10390,-1
10391,-1
10392,-1
10393,-1
10394,-1
10395,-1
10396,-1
10397,-1
10398,-1
10399,-1
10400,-1
10401,-1
10402,-1
10403,-1
10404,-1
10405,-1
10406,-1
10407,-1
10408,-1
10409,-1
10410,-1
10411,-1
10412,-1
10413,-1
10414,-1
10415,-1
10416,-1
10417,-1
10418,-1
10419,-1
10420,-1
10421,-1
10422,-1
10423,-1
10424,-1
10425,-1
10426,-1
10427,-1
10428,-1
10429,-1
10430,3
10431,0
10432,-1
10433,-1
10434,-1
10435,-1
10436,-1
10437,-1
10438,-1
10439,-1
10440,3
10441,2
10442,-1
10443,-1
10444,3
10445,0
10446,-1
10447,-1
10448,-1
10449,-1
10450,1
10451,0
10452,-1
10453,-1
10454,-1
10455,-1
10456,-1
10457,-1
10458,-1
10459,-1
10460,3
10461,1
10462,-1
10463,-1
10464,-1
10465,-1
10466,-1
10467,-1
10468,-1
10469,-1
10470,-1
10471,-1
10472,-1
10473,-1
10474,-1
10475,-1
10476,-1
10477,-1
10478,-1
10479,-1
10480,-1
10481,-1
10482,-1
10483,-1
10484,-1
10485,-1
10486,-1
10487,-1
10488,-1
10489,-1
10490,-1
10491,-1
10492,-1
10493,-1
10494,-1
10495,-1
10496,-1
10497,-1
10498,-1
10499,-1
10500,-1
10501,-1
10502,-1
10503,-1
10504,-1
10505,-1
10506,-1
10507,-1
10508,-1
10509,-1
10510,-1
10511,-1
10512,-1
10513,-1
10514,-1
10515,-1
10516,-1
10517,-1
10518,-1
10519,-1
10520,-1
10521,-1
10522,-1
10523,-1
10524,-1
10525,-1
10526,-1
10527,-1
10528,-1
10529,-1
10530,-1
10531,-1
10532,-1
10533,-1
10534,-1
10535,-1
10536,3
10537,2
10538,-1
10539,-1
10540,-1
10541,-1
10542,-1
10543,-1
10544,-1
10545,-1
10546,-1
10547,-1
10548,-1
10549,-1
10550,3
10551,0
10552,-1
10553,-1
10554,3
10555,1
10556,-1
10557,-1
10558,2
10559,2
10560,-1
10561,-1
10562,-1
10563,-1
10564,-1
10565,-1
10566,-1
10567,-1
10568,-1
10569,-1
10570,-1
10571,-1
10572,-1
10573,-1
10574,-1
10575,-1
10576,-1
10577,-1
10578,-1
10579,-1
10580,-1
10581,-1
10582,-1
10583,-1
10584,-1
10585,-1
10586,-1
10587,-1
10588,-1
10589,-1
10590,-1
10591,-1
10592,-1
10593,-1
10594,-1
10595,-1
10596,-1
10597,-1
10598,-1
10599,-1
10600,-1
10601,-1
10602,-1
10603,-1
10604,-1
10605,-1
10606,-1
10607,-1
10608,1
10609,0
10610,1
10611,2
10612,-1
10613,-1
10614,1
10615,1
10616,-1
10617,-1
10618,-1
10619,-1
10620,-1
10621,-1
10622,-1
10623,-1
10624,-1
10625,-1
10626,-1
10627,-1
10628,-1
10629,-1
10630,-1
10631,-1
10632,-1
10633,-1
10634,-1
10635,-1
10636,-1
10637,-1
10638,-1
10639,-1
10640,-1
10641,-1
10642,-1
10643,-1
10644,-1
10645,-1
10646,-1
10647,-1
10648,-1
10649,-1
10650,-1
10651,-1
10652,1
10653,0
10654,-1
10655,-1
10656,-1
10657,-1
10658,1
10659,1
10660,-1
10661,-1
10662,-1
10663,-1
10664,-1
10665,-1
10666,-1
10667,-1
10668,-1
10669,-1
10670,3
10671,0
10672,-1
10673,-1
10674,-1
10675,-1
10676,-1
10677,-1
10678,-1
10679,-1
10680,-1
10681,-1
10682,-1
10683,-1
10684,-1
10685,-1
10686,-1
10687,-1
10688,2
10689,2
10690,-1
10691,-1
10692,-1
10693,-1
10694,-1
10695,-1
10696,-1
10697,-1
10698,-1
10699,-1
10700,-1
10701,-1
10702,-1
10703,-1
10704,-1
10705,-1
10706,-1
10707,-1
10708,-1
10709,-1
10710,-1
10711,-1
10712,-1
10713,-1
10714,-1
10715,-1
10716,-1
10717,-1
10718,-1
10719,-1
10720,3
10721,1
10722,3
10723,1
10724,-1
10725,-1
10726,2
10727,1
10728,-1
10729,-1
10730,-1
10731,-1
10732,1
10733,1
10734,-1
10735,-1
10736,-1
10737,-1
10738,3
10739,1
10740,3
10741,0
10742,-1
10743,-1
10744,-1
10745,-1
10746,-1
10747,-1
10748,-1
10749,-1
10750,-1
10751,-1
10752,-1
10753,-1
10754,1
10755,1
10756,-1
10757,-1
10758,-1
10759,-1
10760,1
10761,1
10762,-1
10763,-1
10764,-1
10765,-1
10766,-1
10767,-1
10768,-1
10769,-1
10770,-1
10771,-1
10772,-1
10773,-1
10774,3
10775,2
10776,-1
10777,-1
10778,-1
10779,-1
10780,-1
10781,-1
10782,-1
10783,-1
10784,-1
10785,-1
10786,-1
10787,-1
10788,-1
10789,-1
10790,-1
10791,-1
10792,-1
10793,-1
10794,-1
10795,-1
10796,-1
10797,-1
10798,-1
10799,-1
10800,1
10801,0
10802,-1
10803,-1
10804,-1
10805,-1
10806,-1
10807,-1
10808,-1
10809,-1
10810,-1
10811,-1
10812,-1
10813,-1
10814,-1
10815,-1
10816,-1
10817,-1
10818,-1
10819,-1
10820,-1
10821,-1
10822,-1
10823,-1
10824,-1
10825,-1
10826,2
10827,2
10828,-1
10829,-1
10830,2
10831,0
10832,-1
10833,-1
10834,-1
10835,-1
10836,2
10837,1
10838,-1
10839,-1
10840,-1
10841,-1
10842,-1
10843,-1
10844,2
10845,0
10846,-1
10847,-1
10848,-1
10849,-1
10850,-1
10851,-1
10852,-1
10853,-1
10854,2
10855,1
10856,-1
10857,-1
10858,-1
10859,-1
10860,3
10861,0
10862,-1
10863,-1
10864,-1
10865,-1
10866,-1
10867,-1
10868,-1
10869,-1
10870,2
10871,0
10872,-1
10873,-1
10874,-1
10875,-1
10876,2
10877,1
10878,-1
10879,-1
10880,-1
10881,-1
10882,-1
10883,-1
10884,-1
10885,-1
10886,3
10887,2
10888,-1
10889,-1
10890,-1
10891,-1
10892,-1
10893,-1
10894,-1
10895,-1
10896,-1
10897,-1
10898,-1
10899,-1
10900,-1
10901,-1
10902,-1
10903,-1
10904,-1
10905,-1
10906,-1
10907,-1
10908,-1
10909,-1
10910,-1
10911,-1
10912,-1
10913,-1
10914,-1
10915,-1
10916,-1
10917,-1
10918,-1
10919,-1
10920,-1
10921,-1
10922,3
10923,2
10924,-1
10925,-1
10926,1
10927,2
10928,-1
10929,-1
10930,-1
10931,-1
10932,-1
10933,-1
10934,-1
10935,-1
10936,1
10937,2
10938,-1
10939,-1
10940,-1
10941,-1
10942,-1
10943,-1
10944,3
10945,2
10946,-1
10947,-1
10948,-1
10949,-1
10950,1
10951,1
10952,1
10953,2
10954,1
10955,1
10956,2
10957,0
10958,3
10959,1
10960,-1
10961,-1
10962,-1
10963,-1
10964,-1
10965,-1
10966,3
10967,2
10968,-1
10969,-1
10970,-1
10971,-1
10972,2
10973,0
10974,1
10975,0
10976,-1
10977,-1
10978,-1
10979,-1
10980,-1
10981,-1
10982,-1
10983,-1
10984,-1
10985,-1
10986,3
10987,1
10988,2
10989,1
10990,3
10991,2
10992,-1
10993,-1
10994,2
10995,0
10996,-1
10997,-1
10998,-1
10999,-1
11000,3
11001,1
11002,-1
11003,-1
11004,-1
11005,-1
11006,-1
11007,-1
11008,-1
11009,-1
11010,-1
11011,-1
11012,-1
11013,-1
11014,-1
11015,-1
11016,-1
11017,-1
11018,-1
11019,-1
11020,-1
11021,-1
11022,3
11023,0
11024,-1
11025,-1
11026,3
11027,0
11028,-1
11029,-1
11030,-1
11031,-1
11032,-1
11033,-1
11034,-1
11035,-1
11036,-1
11037,-1
11038,-1
11039,-1
11040,-1
11041,-1
11042,-1
11043,-1
11044,-1
11045,-1
11046,-1
11047,-1
11048,-1
11049,-1
11050,-1
11051,-1
11052,-1
11053,-1
11054,-1
11055,-1
11056,-1
11057,-1
11058,-1
11059,-1
11060,-1
11061,-1
11062,2
11063,1
11064,-1
11065,-1
11066,2
11067,2
11068,-1
11069,-1
11070,-1
11071,-1
11072,-1
11073,-1
11074,-1
11075,-1
11076,-1
11077,-1
11078,-1
11079,-1
11080,-1
11081,-1
11082,-1
11083,-1
11084,-1
11085,-1
11086,-1
11087,-1
11088,-1
11089,-1
11090,1
11091,1
11092,-1
11093,-1
11094,2
11095,2
11096,-1
11097,-1
11098,-1
11099,-1
11100,-1
11101,-1
11102,-1
11103,-1
11104,-1
11105,-1
11106,-1
11107,-1
11108,1
11109,1
11110,1
11111,2
11112,-1
11113,-1
11114,-1
11115,-1
11116,-1
11117,-1
11118,-1
11119,-1
11120,-1
11121,-1
11122,-1
11123,-1
11124,-1
11125,-1
11126,-1
11127,-1
11128,1
11129,1
11130,-1
11131,-1
11132,1
11133,2
11134,3
11135,0
11136,-1
11137,-1
11138,-1
11139,-1
11140,-1
11141,-1
11142,-1
11143,-1
11144,-1
11145,-1
11146,2
11147,0
11148,-1
11149,-1
11150,3
11151,0
11152,-1
11153,-1
11154,-1
11155,-1
11156,-1
11157,-1
11158,-1
11159,-1
11160,-1
11161,-1
11162,-1
11163,-1
11164,-1
11165,-1
11166,-1
11167,-1
11168,-1
11169,-1
11170,-1
11171,-1
11172,2
11173,1
11174,-1
11175,-1
11176,-1
11177,-1
11178,-1
11179,-1
11180,2
11181,2
11182,-1
11183,-1
11184,-1
11185,-1
11186,-1
11187,-1
11188,-1
11189,-1
11190,-1
11191,-1
11192,3
11193,2
11194,-1
11195,-1
11196,2
11197,2
11198,3
11199,1
11200,-1
11201,-1
11202,-1
11203,-1
11204,2
11205,0
11206,-1
11207,-1
11208,-1
11209,-1
11210,-1
11211,-1
11212,-1
11213,-1
11214,-1
11215,-1
11216,-1
11217,-1
11218,-1
11219,-1
11220,-1
11221,-1
11222,-1
11223,-1
11224,-1
11225,-1
11226,-1
11227,-1
11228,-1
11229,-1
11230,-1
11231,-1
11232,-1
11233,-1
11234,-1
11235,-1
11236,-1
11237,-1
11238,-1
11239,-1
11240,-1
11241,-1
11242,-1
11243,-1
11244,-1
11245,-1
11246,-1
11247,-1
11248,-1
11249,-1
11250,-1
11251,-1
11252,-1
11253,-1
11254,-1
11255,-1
11256,-1
11257,-1
11258,-1
11259,-1
11260,-1
11261,-1
11262,-1
11263,-1
11264,1
11265,1
11266,-1
11267,-1
11268,-1
11269,-1
11270,1
11271,1
11272,-1
11273,-1
11274,1
11275,2
11276,1
11277,2
11278,-1
11279,-1
11280,2
11281,1
11282,-1
11283,-1
11284,-1
11285,-1
11286,-1
11287,-1
11288,-1
11289,-1
11290,1
11291,2
11292,-1
11293,-1
11294,-1
11295,-1
11296,-1
11297,-1
11298,1
11299,0
11300,-1
11301,-1
11302,-1
11303,-1
11304,-1
11305,-1
11306,3
11307,0
11308,1
11309,1
11310,-1
11311,-1
11312,1
11313,2
11314,-1
11315,-1
11316,-1
11317,-1
11318,-1
11319,-1
11320,2
11321,0
11322,-1
11323,-1
11324,-1
11325,-1
11326,-1
11327,-1
11328,1
11329,0
11330,-1
11331,-1
11332,-1
11333,-1
11334,3
11335,2
11336,-1
11337,-1
11338,-1
11339,-1
11340,-1
11341,-1
11342,-1
11343,-1
11344,-1
11345,-1
11346,-1
11347,-1
11348,-1
11349,-1
11350,-1
11351,-1
11352,3
11353,1
11354,-1
11355,-1
11356,-1
11357,-1
11358,-1
11359,-1
11360,-1
11361,-1
11362,-1
11363,-1
11364,-1
11365,-1
11366,-1
11367,-1
11368,-1
11369,-1
11370,2
11371,0
11372,-1
11373,-1
11374,-1
11375,-1
11376,-1
11377,-1
11378,-1
11379,-1
11380,-1
11381,-1
11382,-1
11383,-1
11384,-1
11385,-1
11386,-1
11387,-1
11388,-1
11389,-1
11390,-1
11391,-1
11392,-1
11393,-1
11394,-1
11395,-1
11396,-1
11397,-1
11398,3
11399,1
11400,-1
11401,-1
11402,-1
11403,-1
11404,-1
11405,-1
11406,1
11407,0
11408,-1
11409,-1
11410,-1
11411,-1
11412,-1
11413,-1
11414,-1
11415,-1
11416,2
11417,1
11418,-1
11419,-1
11420,-1
11421,-1
11422,1
11423,0
11424,-1
11425,-1
11426,-1
11427,-1
11428,1
11429,2
11430,-1
11431,-1
11432,2
11433,2
11434,2
11435,1
11436,-1
11437,-1
11438,-1
11439,-1
11440,-1
11441,-1
11442,1
11443,0
11444,-1
11445,-1
11446,-1
11447,-1
11448,-1
11449,-1
11450,-1
11451,-1
11452,-1
11453,-1
11454,-1
11455,-1
11456,1
11457,0
11458,-1
11459,-1
11460,-1
11461,-1
11462,1
11463,2
11464,-1
11465,-1
11466,-1
11467,-1
11468,2
11469,2
11470,-1
11471,-1
11472,-1
11473,-1
11474,-1
11475,-1
11476,-1
11477,-1
11478,-1
11479,-1
11480,2
11481,1
11482,3
11483,0
11484,-1
11485,-1
11486,-1
11487,-1
11488,3
11489,0
11490,-1
11491,-1
11492,-1
11493,-1
11494,-1
11495,-1
11496,3
11497,1
11498,-1
11499,-1
11500,-1
11501,-1
11502,-1
11503,-1
11504,1
11505,0
11506,-1
11507,-1
11508,-1
11509,-1
11510,-1
11511,-1
11512,-1
11513,-1
11514,-1
11515,-1
11516,-1
11517,-1
11518,-1
11519,-1
11520,-1
11521,-1
11522,-1
11523,-1
11524,-1
11525,-1
11526,-1
11527,-1
11528,3
11529,0
11530,-1
11531,-1
11532,-1
11533,-1
11534,-1
11535,-1
11536,-1
11537,-1
11538,-1
11539,-1
11540,-1
11541,-1
11542,-1
11543,-1
11544,-1
11545,-1
11546,-1
11547,-1
11548,-1
11549,-1
11550,-1
11551,-1
11552,-1
11553,-1
11554,-1
11555,-1
11556,-1
11557,-1
11558,-1
11559,-1
11560,-1
11561,-1
11562,-1
11563,-1
11564,-1
11565,-1
11566,-1
11567,-1
11568,-1
11569,-1
11570,-1
11571,-1
11572,-1
11573,-1
11574,-1
11575,-1
11576,-1
11577,-1
11578,-1
11579,-1
11580,-1
11581,-1
11582,-1
11583,-1
11584,2
11585,0
11586,-1
11587,-1
11588,-1
11589,-1
11590,-1
11591,-1
11592,-1
11593,-1
11594,-1
11595,-1
11596,-1
11597,-1
11598,-1
11599,-1
11600,-1
11601,-1
11602,1
11603,0
11604,-1
11605,-1
11606,2
11607,1
11608,-1
11609,-1
11610,-1
11611,-1
11612,1
11613,1
11614,3
11615,0
11616,1
11617,2
11618,3
11619,2
11620,-1
11621,-1
11622,3
11623,2
11624,-1
11625,-1
11626,-1
11627,-1
11628,-1
11629,-1
11630,2
11631,2
11632,-1
11633,-1
11634,-1
11635,-1
11636,-1
11637,-1
11638,1
11639,0
11640,1
11641,2
11642,3
11643,2
11644,3
11645,1
11646,-1
11647,-1
11648,2
11649,0
11650,1
11651,1
11652,1
11653,2
11654,-1
11655,-1
11656,-1
11657,-1
11658,-1
11659,-1
11660,2
11661,1
11662,2
11663,2
11664,-1
11665,-1
11666,-1
11667,-1
11668,3
11669,2
11670,-1
11671,-1
11672,-1
11673,-1
11674,-1
11675,-1
11676,-1
11677,-1
11678,2
11679,1
11680,-1
11681,-1
11682,-1
11683,-1
11684,-1
11685,-1
11686,-1
11687,-1
11688,-1
11689,-1
11690,-1
11691,-1
11692,-1
11693,-1
11694,-1
11695,-1
11696,-1
11697,-1
11698,-1
11699,-1
11700,-1
11701,-1
11702,-1
11703,-1
11704,-1
11705,-1
11706,-1
11707,-1
11708,-1
11709,-1
11710,1
11711,2
11712,-1
11713,-1
11714,-1
11715,-1
11716,3
11717,0
11718,1
11719,2
11720,-1
11721,-1
11722,-1
11723,-1
11724,1
11725,2
11726,-1
11727,-1
11728,-1
11729,-1
11730,2
11731,1
11732,-1
11733,-1
11734,-1
11735,-1
11736,-1
11737,-1
11738,-1
11739,-1
11740,-1
11741,-1
11742,-1
11743,-1
11744,-1
11745,-1
11746,3
11747,0
11748,2
11749,1
11750,-1
11751,-1
11752,-1
11753,-1
11754,-1
11755,-1
11756,-1
11757,-1
11758,-1
11759,-1
11760,-1
11761,-1
11762,-1
11763,-1
11764,-1
11765,-1
11766,-1
11767,-1
11768,-1
11769,-1
11770,-1
11771,-1
11772,-1
11773,-1
11774,-1
11775,-1
11776,-1
11777,-1
11778,-1
11779,-1
11780,-1
11781,-1
11782,-1
11783,-1
11784,-1
11785,-1
11786,2
11787,2
11788,-1
11789,-1
11790,-1
11791,-1
11792,-1
11793,-1
11794,-1
11795,-1
11796,-1
11797,-1
11798,-1
11799,-1
11800,-1
11801,-1
11802,-1
11803,-1
11804,-1
11805,-1
11806,-1
11807,-1
11808,-1
11809,-1
11810,-1
11811,-1
11812,-1
11813,-1
11814,-1
11815,-1
11816,3
11817,0
11818,-1
11819,-1
11820,-1
11821,-1
11822,3
11823,0
11824,-1
11825,-1
11826,-1
11827,-1
11828,-1
11829,-1
11830,-1
11831,-1
11832,3
11833,0
11834,-1
11835,-1
11836,-1
11837,-1
11838,-1
11839,-1
11840,-1
11841,-1
11842,2
11843,0
11844,-1
11845,-1
11846,-1
11847,-1
11848,-1
11849,-1
11850,-1
11851,-1
11852,-1
11853,-1
11854,-1
11855,-1
11856,1
11857,0
11858,-1
11859,-1
11860,1
11861,0
11862,-1
11863,-1
11864,-1
11865,-1
11866,2
11867,0
11868,-1
11869,-1
11870,-1
11871,-1
11872,-1
11873,-1
11874,2
11875,0
11876,-1
11877,-1
11878,2
11879,2
11880,3
11881,1
11882,-1
11883,-1
11884,-1
11885,-1
11886,-1
11887,-1
11888,-1
11889,-1
11890,-1
11891,-1
11892,-1
11893,-1
11894,-1
11895,-1
11896,1
11897,1
11898,1
11899,2
11900,2
11901,2
11902,-1
11903,-1
11904,-1
11905,-1
11906,-1
11907,-1
11908,2
11909,0
11910,-1
11911,-1
11912,-1
11913,-1
11914,-1
11915,-1
11916,3
11917,1
11918,-1
11919,-1
11920,-1
11921,-1
11922,3
11923,0
11924,-1
11925,-1
11926,-1
11927,-1
11928,-1
11929,-1
11930,2
11931,2
11932,-1
11933,-1
11934,-1
11935,-1
11936,-1
11937,-1
11938,-1
11939,-1
11940,-1
11941,-1
11942,-1
11943,-1
11944,-1
11945,-1
11946,-1
11947,-1
11948,-1
11949,-1
11950,-1
11951,-1
11952,-1
11953,-1
11954,-1
11955,-1
11956,-1
11957,-1
11958,-1
11959,-1
11960,-1
11961,-1
11962,-1
11963,-1
11964,-1
11965,-1
11966,1
11967,2
11968,-1
11969,-1
11970,3
11971,2
11972,-1
11973,-1
11974,-1
11975,-1
11976,-1
11977,-1
11978,-1
11979,-1
11980,2
11981,1
11982,2
11983,1
11984,-1
11985,-1
11986,1
11987,0
11988,-1
11989,-1
11990,-1
11991,-1
11992,-1
11993,-1
11994,-1
11995,-1
11996,-1
11997,-1
11998,-1
11999,-1
12000,-1
12001,-1
12002,-1
12003,-1
12004,-1
12005,-1
12006,1
12007,2
12008,-1
12009,-1
12010,-1
12011,-1
12012,-1
12013,-1
12014,-1
12015,-1
12016,-1
12017,-1
12018,-1
12019,-1
12020,2
12021,2
12022,-1
12023,-1
12024,-1
12025,-1
12026,-1
12027,-1
12028,-1
12029,-1
12030,2
12031,0
12032,2
12033,2
12034,-1
12035,-1
12036,-1
12037,-1
12038,-1
12039,-1
12040,-1
12041,-1
12042,-1
12043,-1
12044,3
12045,1
12046,-1
12047,-1
12048,-1
12049,-1
12050,-1
12051,-1
12052,-1
12053,-1
12054,1
12055,0
12056,-1
12057,-1
12058,-1
12059,-1
12060,-1
12061,-1
12062,3
12063,1
12064,-1
12065,-1
12066,2
12067,0
12068,-1
12069,-1
12070,3
12071,2
12072,-1
12073,-1
12074,3
12075,2
12076,-1
12077,-1
12078,-1
12079,-1
12080,-1
12081,-1
12082,-1
12083,-1
12084,-1
12085,-1
12086,-1
12087,-1
12088,-1
12089,-1
12090,-1
12091,-1
12092,-1
12093,-1
12094,-1
12095,-1
12096,3
12097,2
12098,-1
12099,-1
12100,-1
12101,-1
12102,-1
12103,-1
12104,-1
12105,-1
12106,2
12107,0
12108,-1
12109,-1
12110,-1
12111,-1
12112,-1
12113,-1
12114,-1
12115,-1
12116,-1
12117,-1
12118,-1
12119,-1
12120,-1
12121,-1
12122,-1
12123,-1
12124,-1
12125,-1
12126,-1
12127,-1
12128,-1
12129,-1
12130,-1
12131,-1
12132,-1
12133,-1
12134,-1
12135,-1
12136,-1
12137,-1
12138,-1
12139,-1
12140,-1
12141,-1
12142,-1
12143,-1
12144,-1
12145,-1
12146,-1
12147,-1
12148,1
12149,1
12150,-1
12151,-1
12152,1
12153,1
12154,1
12155,1
12156,-1
12157,-1
12158,-1
12159,-1
12160,-1
12161,-1
12162,1
12163,1
12164,-1
12165,-1
12166,-1
12167,-1
12168,3
12169,2
12170,-1
12171,-1
12172,-1
12173,-1
12174,-1
12175,-1
12176,-1
12177,-1
12178,-1
12179,-1
12180,-1
12181,-1
12182,1
12183,2
12184,-1
12185,-1
12186,-1
12187,-1
12188,-1
12189,-1
12190,-1
12191,-1
12192,-1
12193,-1
12194,-1
12195,-1
12196,-1
12197,-1
12198,2
12199,1
12200,2
12201,0
12202,-1
12203,-1
12204,-1
12205,-1
12206,2
12207,2
12208,3
12209,2
12210,2
12211,0
12212,-1
12213,-1
12214,-1
12215,-1
12216,2
12217,1
12218,-1
12219,-1
12220,-1
12221,-1
12222,-1
12223,-1
12224,3
12225,0
12226,-1
12227,-1
12228,-1
12229,-1
12230,3
12231,1
12232,-1
12233,-1
12234,2
12235,1
12236,2
12237,0
12238,-1
12239,-1
12240,-1
12241,-1
12242,-1
12243,-1
12244,-1
12245,-1
12246,-1
12247,-1
12248,-1
12249,-1
12250,-1
12251,-1
12252,2
12253,1
12254,-1
12255,-1
12256,-1
12257,-1
12258,3
12259,1
12260,-1
12261,-1
12262,-1
12263,-1
12264,2
12265,1
12266,-1
12267,-1
12268,-1
12269,-1
12270,-1
12271,-1
12272,-1
12273,-1
12274,-1
12275,-1
12276,-1
12277,-1
12278,-1
12279,-1
12280,3
12281,1
12282,-1
12283,-1
12284,-1
12285,-1
12286,2
12287,2
12288,-1
12289,-1
12290,-1
12291,-1
12292,-1
12293,-1
12294,-1
12295,-1
12296,-1
12297,-1
12298,-1
12299,-1
12300,-1
12301,-1
12302,-1
12303,-1
12304,-1
12305,-1
12306,-1
12307,-1
12308,1
12309,0
12310,-1
12311,-1
12312,-1
12313,-1
12314,1
12315,1
12316,1
12317,2
12318,-1
12319,-1
12320,-1
12321,-1
12322,1
12323,2
12324,-1
12325,-1
12326,3
12327,2
12328,2
12329,2
12330,-1
12331,-1
12332,-1
12333,-1
12334,-1
12335,-1
12336,-1
12337,-1
12338,-1
12339,-1
12340,-1
12341,-1
12342,-1
12343,-1
12344,-1
12345,-1
12346,-1
12347,-1
12348,-1
12349,-1
12350,-1
12351,-1
12352,1
12353,1
12354,-1
12355,-1
12356,-1
12357,-1
12358,-1
12359,-1
12360,-1
12361,-1
12362,1
12363,0
12364,-1
12365,-1
12366,3
12367,0
12368,3
12369,2
12370,-1
12371,-1
12372,-1
12373,-1
12374,-1
12375,-1
12376,1
12377,0
12378,1
12379,2
12380,-1
12381,-1
12382,-1
12383,-1
12384,-1
12385,-1
12386,-1
12387,-1
12388,-1
12389,-1
12390,1
12391,1
12392,-1
12393,-1
12394,3
12395,2
12396,1
12397,0
12398,-1
12399,-1
12400,3
12401,2
12402,-1
12403,-1
12404,1
12405,1
12406,-1
12407,-1
12408,-1
12409,-1
12410,3
12411,1
12412,-1
12413,-1
12414,-1
12415,-1
12416,-1
12417,-1
12418,1
12419,1
12420,2
12421,1
12422,-1
12423,-1
12424,2
12425,1
12426,3
12427,1
12428,-1
12429,-1
12430,-1
12431,-1
12432,-1
12433,-1
12434,-1
12435,-1
12436,-1
12437,-1
12438,-1
12439,-1
12440,-1
12441,-1
12442,2
12443,2
12444,-1
12445,-1
12446,-1
12447,-1
12448,-1
12449,-1
12450,-1
12451,-1
12452,-1
12453,-1
12454,-1
12455,-1
12456,-1
12457,-1
12458,-1
12459,-1
12460,-1
12461,-1
12462,-1
12463,-1
12464,-1
12465,-1
12466,-1
12467,-1
12468,2
12469,2
12470,-1
12471,-1
12472,2
12473,2
12474,-1
12475,-1
12476,3
12477,0
12478,-1
12479,-1
12480,3
12481,1
12482,-1
12483,-1
12484,-1
12485,-1
12486,2
12487,0
12488,2
12489,1
12490,-1
12491,-1
12492,-1
12493,-1
12494,3
12495,1
12496,-1
12497,-1
12498,1
12499,0
12500,-1
12501,-1
12502,-1
12503,-1
12504,2
12505,0
12506,-1
12507,-1
12508,-1
12509,-1
12510,-1
12511,-1
12512,-1
12513,-1
12514,-1
12515,-1
12516,-1
12517,-1
12518,-1
12519,-1
12520,1
12521,2
12522,-1
12523,-1
12524,-1
12525,-1
12526,-1
12527,-1
12528,-1
12529,-1
12530,-1
12531,-1
12532,1
12533,2
12534,-1
12535,-1
12536,-1
12537,-1
12538,3
12539,2
12540,-1
12541,-1
12542,-1
12543,-1
12544,-1
12545,-1
12546,-1
12547,-1
12548,-1
12549,-1
12550,-1
12551,-1
12552,-1
12553,-1
12554,-1
12555,-1
12556,-1
12557,-1
12558,-1
12559,-1
12560,-1
12561,-1
12562,-1
12563,-1
12564,-1
12565,-1
12566,3
12567,1
12568,3
12569,0
12570,3
12571,0
12572,3
12573,2
12574,-1
12575,-1
12576,-1
12577,-1
12578,-1
12579,-1
12580,3
12581,0
12582,2
12583,1
12584,-1
12585,-1
12586,-1
12587,-1
12588,-1
12589,-1
12590,-1
12591,-1
12592,-1
12593,-1
12594,-1
12595,-1
12596,-1
12597,-1
12598,3
12599,2
12600,-1
12601,-1
12602,-1
12603,-1
12604,-1
12605,-1
12606,-1
12607,-1
12608,-1
12609,-1
12610,-1
12611,-1
12612,-1
12613,-1
12614,-1
12615,-1
12616,-1
12617,-1
12618,1
12619,0
12620,-1
12621,-1
12622,-1
12623,-1
12624,-1
12625,-1
12626,-1
12627,-1
12628,-1
12629,-1
12630,1
12631,0
12632,-1
12633,-1
12634,3
12635,1
12636,-1
12637,-1
12638,-1
12639,-1
12640,-1
12641,-1
12642,-1
12643,-1
12644,1
12645,0
12646,1
12647,0
12648,-1
12649,-1
12650,1
12651,0
12652,1
12653,0
12654,-1
12655,-1
12656,1
12657,2
12658,-1
12659,-1
12660,-1
12661,-1
12662,-1
12663,-1
12664,1
12665,1
12666,-1
12667,-1
12668,-1
12669,-1
12670,-1
12671,-1
12672,-1
12673,-1
12674,-1
12675,-1
12676,-1
12677,-1
12678,-1
12679,-1
12680,-1
12681,-1
12682,-1
12683,-1
12684,-1
12685,-1
12686,-1
12687,-1
12688,-1
12689,-1
12690,-1
12691,-1
12692,-1
12693,-1
12694,-1
12695,-1
12696,3
12697,1
12698,2
12699,1
12700,2
12701,0
12702,-1
12703,-1
12704,-1
12705,-1
12706,-1
12707,-1
12708,3
12709,1
12710,-1
12711,-1
12712,2
12713,2
12714,3
12715,2
12716,-1
12717,-1
12718,-1
12719,-1
12720,-1
12721,-1
12722,3
12723,1
12724,2
12725,1
12726,-1
12727,-1
12728,-1
12729,-1
12730,3
12731,2
12732,-1
12733,-1
12734,-1
12735,-1
12736,-1
12737,-1
12738,-1
12739,-1
12740,1
12741,2
12742,1
12743,1
12744,3
12745,0
12746,-1
12747,-1
12748,-1
12749,-1
12750,1
12751,0
12752,-1
12753,-1
12754,3
12755,0
12756,-1
12757,-1
12758,-1
12759,-1
12760,-1
12761,-1
12762,1
12763,0
12764,-1
12765,-1
12766,-1
12767,-1
12768,2
12769,1
12770,1
12771,1
12772,3
12773,1
12774,1
12775,1
12776,3
12777,1
12778,-1
12779,-1
12780,-1
12781,-1
12782,3
12783,1
12784,-1
12785,-1
12786,-1
12787,-1
12788,-1
12789,-1
12790,-1
12791,-1
12792,-1
12793,-1
12794,-1
12795,-1
12796,-1
12797,-1
12798,-1
12799,-1
12800,-1
12801,-1
12802,-1
12803,-1
12804,-1
12805,-1
12806,-1
12807,-1
12808,-1
12809,-1
12810,2
12811,1
12812,2
12813,2
12814,3
12815,2
12816,-1
12817,-1
12818,-1
12819,-1
12820,-1
12821,-1
12822,-1
12823,-1
12824,3
12825,2
12826,-1
12827,-1
12828,-1
12829,-1
12830,-1
12831,-1
12832,-1
12833,-1
12834,-1
12835,-1
12836,-1
12837,-1
12838,2
12839,1
12840,-1
12841,-1
12842,-1
12843,-1
12844,2
12845,0
12846,-1
12847,-1
12848,3
12849,1
12850,-1
12851,-1
12852,-1
12853,-1
12854,2
12855,2
12856,-1
12857,-1
12858,1
12859,2
12860,-1
12861,-1
12862,-1
12863,-1
12864,-1
12865,-1
12866,2
12867,2
12868,-1
12869,-1
12870,-1
12871,-1
12872,-1
12873,-1
12874,-1
12875,-1
12876,-1
12877,-1
12878,-1
12879,-1
12880,-1
12881,-1
12882,-1
12883,-1
12884,-1
12885,-1
12886,-1
12887,-1
12888,-1
12889,-1
12890,-1
12891,-1
12892,-1
12893,-1
12894,-1
12895,-1
12896,-1
12897,-1
12898,-1
12899,-1
12900,-1
12901,-1
12902,-1
12903,-1
12904,-1
12905,-1
12906,-1
12907,-1
12908,-1
12909,-1
12910,-1
12911,-1
12912,-1
12913,-1
12914,3
12915,1
12916,-1
12917,-1
12918,-1
12919,-1
12920,-1
12921,-1
12922,-1
12923,-1
12924,-1
12925,-1
12926,-1
12927,-1
12928,-1
12929,-1
12930,-1
12931,-1
12932,-1
12933,-1
12934,-1
12935,-1
12936,1
12937,1
12938,-1
12939,-1
12940,-1
12941,-1
12942,3
12943,2
12944,3
12945,0
12946,3
12947,0
12948,-1
12949,-1
12950,-1
12951,-1
12952,-1
12953,-1
12954,-1
12955,-1
12956,-1
12957,-1
12958,-1
12959,-1
12960,3
12961,0
12962,3
12963,2
12964,1
12965,2
12966,-1
12967,-1
12968,-1
12969,-1
12970,-1
12971,-1
12972,3
12973,1
12974,-1
12975,-1
12976,-1
12977,-1
12978,-1
12979,-1
12980,2
12981,2
12982,-1
12983,-1
12984,-1
12985,-1
12986,1
12987,1
12988,2
12989,2
12990,1
12991,1
12992,2
12993,1
12994,-1
12995,-1
12996,-1
12997,-1
12998,-1
12999,-1
13000,-1
13001,-1
13002,-1
13003,-1
13004,-1
13005,-1
13006,2
13007,2
13008,-1
13009,-1
13010,-1
13011,-1
13012,-1
13013,-1
13014,-1
13015,-1
13016,3
13017,2
13018,-1
13019,-1
13020,-1
13021,-1
13022,-1
13023,-1
13024,-1
13025,-1
13026,-1
13027,-1
13028,-1
13029,-1
13030,-1
13031,-1
13032,1
13033,2
13034,-1
13035,-1
13036,-1
13037,-1
13038,3
13039,1
13040,-1
13041,-1
13042,3
13043,0
13044,-1
13045,-1
13046,3
13047,0
13048,2
13049,1
13050,-1
13051,-1
13052,-1
13053,-1
13054,-1
13055,-1
13056,-1
13057,-1
13058,3
13059,0
13060,-1
13061,-1
13062,3
13063,2
13064,-1
13065,-1
13066,-1
13067,-1
13068,-1
13069,-1
13070,-1
13071,-1
13072,-1
13073,-1
13074,-1
13075,-1
13076,-1
13077,-1
13078,-1
13079,-1
13080,-1
13081,-1
13082,1
13083,1
13084,-1
13085,-1
13086,-1
13087,-1
13088,-1
13089,-1
13090,-1
13091,-1
13092,-1
13093,-1
13094,-1
13095,-1
13096,-1
13097,-1
13098,-1
13099,-1
13100,-1
13101,-1
13102,1
13103,2
13104,-1
13105,-1
13106,-1
13107,-1
13108,-1
13109,-1
13110,-1
13111,-1
13112,-1
13113,-1
13114,-1
13115,-1
13116,-1
13117,-1
13118,-1
13119,-1
13120,-1
13121,-1
13122,-1
13123,-1
13124,-1
13125,-1
13126,-1
13127,-1
13128,-1
13129,-1
13130,-1
13131,-1
13132,-1
13133,-1
13134,-1
13135,-1
13136,-1
13137,-1
13138,-1
13139,-1
13140,-1
13141,-1
13142,2
13143,2
13144,-1
13145,-1
13146,-1
13147,-1
13148,2
13149,1
13150,-1
13151,-1
13152,-1
13153,-1
13154,-1
13155,-1
13156,-1
13157,-1
13158,-1
13159,-1
13160,-1
13161,-1
13162,-1
13163,-1
13164,-1
13165,-1
13166,-1
13167,-1
13168,-1
13169,-1
13170,-1
13171,-1
13172,-1
13173,-1
13174,1
13175,2
13176,-1
13177,-1
13178,-1
13179,-1
13180,-1
13181,-1
13182,-1
13183,-1
13184,-1
13185,-1
13186,-1
13187,-1
13188,-1
13189,-1
13190,-1
13191,-1
13192,-1
13193,-1
13194,-1
13195,-1
13196,2
13197,2
13198,-1
13199,-1
13200,-1
13201,-1
13202,-1
13203,-1
13204,1
13205,0
13206,-1
13207,-1
13208,-1
13209,-1
13210,-1
13211,-1
13212,-1
13213,-1
13214,1
13215,1
13216,2
13217,0
13218,-1
13219,-1
13220,-1
13221,-1
13222,-1
13223,-1
13224,-1
13225,-1
13226,2
13227,0
13228,-1
13229,-1
13230,-1
13231,-1
13232,-1
13233,-1
13234,2
13235,2
13236,-1
13237,-1
13238,-1
13239,-1
13240,-1
13241,-1
13242,2
13243,0
13244,2
13245,0
13246,-1
13247,-1
13248,-1
13249,-1
13250,-1
13251,-1
13252,-1
13253,-1
13254,-1
13255,-1
13256,-1
13257,-1
13258,-1
13259,-1
13260,-1
13261,-1
13262,-1
13263,-1
13264,-1
13265,-1
13266,-1
13267,-1
13268,-1
13269,-1
13270,-1
13271,-1
13272,-1
13273,-1
13274,-1
13275,-1
13276,-1
13277,-1
13278,-1
13279,-1
13280,-1
13281,-1
13282,-1
13283,-1
13284,3
13285,2
13286,-1
13287,-1
13288,-1
13289,-1
13290,-1
13291,-1
13292,-1
13293,-1
13294,-1
13295,-1
13296,-1
13297,-1
13298,-1
13299,-1
13300,-1
13301,-1
13302,-1
13303,-1
13304,-1
13305,-1
13306,-1
13307,-1
13308,-1
13309,-1
13310,2
13311,0
13312,-1
13313,-1
13314,-1
13315,-1
13316,-1
13317,-1
13318,2
13319,0
13320,-1
13321,-1
13322,-1
13323,-1
13324,3
13325,0
13326,-1
13327,-1
13328,-1
13329,-1
13330,-1
13331,-1
13332,-1
13333,-1
13334,-1
13335,-1
13336,-1
13337,-1
13338,-1
13339,-1
13340,-1
13341,-1
13342,-1
13343,-1
13344,-1
13345,-1
13346,-1
13347,-1
13348,-1
13349,-1
13350,-1
13351,-1
13352,-1
13353,-1
13354,-1
13355,-1
13356,-1
13357,-1
13358,-1
13359,-1
13360,-1
13361,-1
13362,-1
13363,-1
13364,-1
13365,-1
13366,-1
13367,-1
13368,-1
13369,-1
13370,-1
13371,-1
13372,2
13373,1
13374,2
13375,0
13376,-1
13377,-1
13378,2
13379,1
13380,-1
13381,-1
13382,-1
13383,-1
13384,-1
13385,-1
13386,1
13387,1
13388,-1
13389,-1
13390,-1
13391,-1
13392,-1
13393,-1
13394,-1
13395,-1
13396,-1
13397,-1
13398,3
13399,2
13400,-1
13401,-1
13402,-1
13403,-1
13404,-1
13405,-1
13406,-1
13407,-1
13408,-1
13409,-1
13410,-1
13411,-1
13412,-1
13413,-1
13414,-1
13415,-1
13416,1
13417,2
13418,-1
13419,-1
13420,1
13421,0
13422,2
13423,2
13424,-1
13425,-1
13426,-1
13427,-1
13428,-1
13429,-1
13430,3
13431,1
13432,-1
13433,-1
13434,-1
13435,-1
13436,-1
13437,-1
13438,-1
13439,-1
13440,-1
13441,-1
13442,-1
13443,-1
13444,-1
13445,-1
13446,3
13447,2
13448,-1
13449,-1
13450,-1
13451,-1
13452,-1
13453,-1
13454,-1
13455,-1
13456,-1
13457,-1
13458,-1
13459,-1
13460,-1
13461,-1
13462,-1
13463,-1
13464,-1
13465,-1
13466,-1
13467,-1
13468,-1
13469,-1
13470,-1
13471,-1
13472,1
13473,0
13474,-1
13475,-1
13476,-1
13477,-1
13478,1
13479,0
13480,3
13481,1
13482,1
13483,0
13484,-1
13485,-1
13486,-1
13487,-1
13488,-1
13489,-1
13490,-1
13491,-1
13492,2
13493,0
13494,-1
13495,-1
13496,-1
13497,-1
13498,-1
13499,-1
13500,-1
13501,-1
13502,-1
13503,-1
13504,-1
13505,-1
13506,-1
13507,-1
13508,2
13509,0
13510,-1
13511,-1
13512,-1
13513,-1
13514,-1
13515,-1
13516,-1
13517,-1
13518,-1
13519,-1
13520,-1
13521,-1
13522,2
13523,1
13524,-1
13525,-1
13526,-1
13527,-1
13528,1
13529,1
13530,-1
13531,-1
13532,1
13533,2
13534,-1
13535,-1
13536,-1
13537,-1
13538,3
13539,1
13540,1
13541,1
13542,-1
13543,-1
13544,-1
13545,-1
13546,-1
13547,-1
13548,-1
13549,-1
13550,-1
13551,-1
13552,-1
13553,-1
13554,-1
13555,-1
13556,-1
13557,-1
13558,-1
13559,-1
13560,3
13561,2
13562,-1
13563,-1
13564,-1
13565,-1
13566,2
13567,1
13568,-1
13569,-1
13570,1
13571,2
13572,-1
13573,-1
13574,-1
13575,-1
13576,-1
13577,-1
13578,-1
13579,-1
13580,-1
13581,-1
13582,-1
13583,-1
13584,-1
13585,-1
13586,3
13587,2
13588,-1
13589,-1
13590,-1
13591,-1
13592,-1
13593,-1
13594,2
13595,1
13596,-1
13597,-1
13598,3
13599,1
13600,-1
13601,-1
13602,-1
13603,-1
13604,2
13605,1
13606,-1
13607,-1
13608,-1
13609,-1
13610,3
13611,1
13612,-1
13613,-1
13614,-1
13615,-1
13616,3
13617,0
13618,3
13619,1
13620,-1
13621,-1
13622,-1
13623,-1
13624,-1
13625,-1
13626,-1
13627,-1
13628,-1
13629,-1
13630,-1
13631,-1
13632,-1
13633,-1
13634,-1
13635,-1
13636,-1
13637,-1
13638,-1
13639,-1
13640,-1
13641,-1
13642,-1
13643,-1
13644,-1
13645,-1
13646,-1
13647,-1
13648,-1
13649,-1
13650,-1
13651,-1
13652,-1
13653,-1
13654,1
13655,1
13656,-1
13657,-1
13658,1
13659,0
13660,-1
13661,-1
13662,-1
13663,-1
13664,-1
13665,-1
13666,-1
13667,-1
13668,3
13669,0
13670,-1
13671,-1
13672,2
13673,1
13674,-1
13675,-1
13676,-1
13677,-1
13678,-1
13679,-1
13680,-1
13681,-1
13682,-1
13683,-1
13684,2
13685,2
13686,-1
13687,-1
13688,2
13689,0
13690,-1
13691,-1
13692,1
13693,2
13694,-1
13695,-1
13696,3
13697,2
13698,3
13699,1
13700,-1
13701,-1
13702,-1
13703,-1
13704,-1
13705,-1
13706,2
13707,2
13708,-1
13709,-1
13710,-1
13711,-1
13712,3
13713,2
13714,3
13715,0
13716,-1
13717,-1
13718,-1
13719,-1
13720,-1
13721,-1
13722,-1
13723,-1
13724,-1
13725,-1
13726,-1
13727,-1
13728,2
13729,2
13730,-1
13731,-1
13732,-1
13733,-1
13734,-1
13735,-1
13736,-1
13737,-1
13738,-1
13739,-1
13740,-1
13741,-1
13742,-1
13743,-1
13744,-1
13745,-1
13746,-1
13747,-1
13748,-1
13749,-1
13750,-1
13751,-1
13752,-1
13753,-1
13754,-1
13755,-1
13756,-1
13757,-1
13758,-1
13759,-1
13760,-1
13761,-1
13762,1
13763,1
13764,-1
13765,-1
13766,-1
13767,-1
13768,-1
13769,-1
13770,-1
13771,-1
13772,-1
13773,-1
13774,-1
13775,-1
13776,-1
13777,-1
13778,-1
13779,-1
13780,-1
13781,-1
13782,-1
13783,-1
13784,-1
13785,-1
13786,-1
13787,-1
13788,-1
13789,-1
13790,-1
13791,-1
13792,3
13793,0
13794,-1
13795,-1
13796,1
13797,1
13798,-1
13799,-1
13800,-1
13801,-1
13802,-1
13803,-1
13804,-1
13805,-1
13806,2
13807,2
13808,-1
13809,-1
13810,-1
13811,-1
13812,-1
13813,-1
13814,2
13815,1
13816,-1
13817,-1
13818,-1
13819,-1
13820,-1
13821,-1
13822,-1
13823,-1
13824,-1
13825,-1
13826,-1
13827,-1
13828,-1
13829,-1
13830,-1
13831,-1
13832,-1
13833,-1
13834,-1
13835,-1
13836,-1
13837,-1
13838,-1
13839,-1
13840,-1
13841,-1
13842,-1
13843,-1
13844,-1
13845,-1
13846,1
13847,1
13848,-1
13849,-1
13850,3
13851,0
13852,-1
13853,-1
13854,-1
13855,-1
13856,3
13857,0
13858,-1
13859,-1
13860,-1
13861,-1
13862,-1
13863,-1
13864,-1
13865,-1
13866,1
13867,2
13868,-1
13869,-1
13870,-1
13871,-1
13872,-1
13873,-1
13874,2
13875,2
13876,-1
13877,-1
13878,3
13879,1
13880,-1
13881,-1
13882,-1
13883,-1
13884,-1
13885,-1
13886,-1
13887,-1
13888,-1
13889,-1
13890,-1
13891,-1
13892,-1
13893,-1
13894,-1
13895,-1
13896,-1
13897,-1
13898,-1
13899,-1
13900,-1
13901,-1
13902,-1
13903,-1
13904,-1
13905,-1
13906,-1
13907,-1
13908,2
13909,2
13910,-1
13911,-1
13912,-1
13913,-1
13914,2
13915,0
13916,-1
13917,-1
13918,-1
13919,-1
13920,-1
13921,-1
13922,-1
13923,-1
13924,-1
13925,-1
13926,-1
13927,-1
13928,-1
13929,-1
13930,-1
13931,-1
13932,3
13933,2
13934,-1
13935,-1
13936,-1
13937,-1
13938,1
13939,2
13940,1
13941,2
13942,2
13943,0
13944,-1
13945,-1
13946,-1
13947,-1
13948,-1
13949,-1
13950,-1
13951,-1
13952,-1
13953,-1
13954,-1
13955,-1
13956,-1
13957,-1
13958,-1
13959,-1
13960,-1
13961,-1
13962,1
13963,1
13964,-1
13965,-1
13966,-1
13967,-1
13968,-1
13969,-1
13970,-1
13971,-1
13972,1
13973,2
13974,-1
13975,-1
13976,-1
13977,-1
13978,-1
13979,-1
13980,-1
13981,-1
13982,-1
13983,-1
13984,-1
13985,-1
13986,-1
13987,-1
13988,-1
13989,-1
13990,-1
13991,-1
13992,-1
13993,-1
13994,-1
13995,-1
13996,-1
13997,-1
13998,-1
13999,-1
14000,3
14001,0
14002,-1
14003,-1
14004,3
14005,1
14006,-1
14007,-1
14008,-1
14009,-1
14010,-1
14011,-1
14012,-1
14013,-1
14014,-1
14015,-1
14016,-1
14017,-1
14018,-1
14019,-1
14020,3
14021,2
14022,-1
14023,-1
14024,-1
14025,-1
14026,-1
14027,-1
14028,-1
14029,-1
14030,-1
14031,-1
14032,-1
14033,-1
14034,-1
14035,-1
14036,-1
14037,-1
14038,-1
14039,-1
14040,2
14041,0
14042,2
14043,1
14044,-1
14045,-1
14046,-1
14047,-1
14048,3
14049,1
14050,-1
14051,-1
14052,-1
14053,-1
14054,-1
14055,-1
14056,-1
14057,-1
14058,3
14059,0
14060,-1
14061,-1
14062,-1
14063,-1
14064,1
14065,0
14066,-1
14067,-1
14068,-1
14069,-1
14070,-1
14071,-1
14072,-1
14073,-1
14074,-1
14075,-1
14076,-1
14077,-1
14078,-1
14079,-1
14080,-1
14081,-1
14082,2
14083,2
14084,3
14085,2
14086,-1
14087,-1
14088,-1
14089,-1
14090,-1
14091,-1
14092,-1
14093,-1
14094,-1
14095,-1
14096,-1
14097,-1
14098,-1
14099,-1
14100,-1
14101,-1
14102,-1
14103,-1
14104,-1
14105,-1
14106,-1
14107,-1
14108,-1
14109,-1
14110,-1
14111,-1
14112,-1
14113,-1
14114,-1
14115,-1
14116,1
14117,1
14118,-1
14119,-1
14120,-1
14121,-1
14122,1
14123,2
14124,-1
14125,-1
14126,-1
14127,-1
14128,-1
14129,-1
14130,-1
14131,-1
14132,1
14133,1
14134,-1
14135,-1
14136,3
14137,0
14138,-1
14139,-1
14140,-1
14141,-1
14142,1
14143,0
14144,1
14145,0
14146,1
14147,1
14148,-1
14149,-1
14150,-1
14151,-1
14152,3
14153,0
14154,-1
14155,-1
14156,2
14157,1
14158,-1
14159,-1
14160,-1
14161,-1
14162,-1
14163,-1
14164,-1
14165,-1
14166,-1
14167,-1
14168,-1
14169,-1
14170,-1
14171,-1
14172,-1
14173,-1
14174,-1
14175,-1
14176,3
14177,0
14178,-1
14179,-1
14180,-1
14181,-1
14182,-1
14183,-1
14184,-1
14185,-1
14186,-1
14187,-1
14188,-1
14189,-1
14190,-1
14191,-1
14192,-1
14193,-1
14194,-1
14195,-1
14196,-1
14197,-1
14198,2
14199,0
14200,-1
14201,-1
14202,-1
14203,-1
14204,-1
14205,-1
14206,-1
14207,-1
14208,1
14209,2
14210,-1
14211,-1
14212,-1
14213,-1
14214,-1
14215,-1
14216,2
14217,1
14218,-1
14219,-1
14220,-1
14221,-1
14222,-1
14223,-1
14224,-1
14225,-1
14226,-1
14227,-1
14228,-1
14229,-1
14230,-1
14231,-1
14232,-1
14233,-1
14234,-1
14235,-1
14236,3
14237,2
14238,-1
14239,-1
14240,-1
14241,-1
14242,-1
14243,-1
14244,1
14245,0
14246,-1
14247,-1
14248,-1
14249,-1
14250,-1
14251,-1
14252,-1
14253,-1
14254,-1
14255,-1
14256,1
14257,1
14258,-1
14259,-1
14260,-1
14261,-1
14262,-1
14263,-1
14264,-1
14265,-1
14266,-1
14267,-1
14268,-1
14269,-1
14270,-1
14271,-1
14272,-1
14273,-1
14274,-1
14275,-1
14276,-1
14277,-1
14278,-1
14279,-1
14280,3
14281,1
14282,-1
14283,-1
14284,-1
14285,-1
14286,-1
14287,-1
14288,-1
14289,-1
14290,2
14291,0
14292,-1
14293,-1
14294,-1
14295,-1
14296,2
14297,2
14298,-1
14299,-1
14300,2
14301,1
14302,1
14303,1
14304,3
14305,2
14306,3
14307,2
14308,3
14309,2
14310,-1
14311,-1
14312,-1
14313,-1
14314,1
14315,0
14316,2
14317,1
14318,-1
14319,-1
14320,1
14321,0
14322,2
14323,2
14324,-1
14325,-1
14326,-1
14327,-1
14328,3
14329,1
14330,-1
14331,-1
14332,-1
14333,-1
14334,-1
14335,-1
14336,2
14337,0
14338,-1
14339,-1
14340,-1
14341,-1
14342,-1
14343,-1
14344,-1
14345,-1
14346,1
14347,2
14348,-1
14349,-1
14350,-1
14351,-1
14352,-1
14353,-1
14354,-1
14355,-1
14356,-1
14357,-1
14358,-1
14359,-1
14360,-1
14361,-1
14362,3
14363,0
14364,-1
14365,-1
14366,-1
14367,-1
14368,3
14369,2
14370,-1
14371,-1
14372,-1
14373,-1
14374,-1
14375,-1
14376,-1
14377,-1
14378,-1
14379,-1
14380,-1
14381,-1
14382,-1
14383,-1
14384,-1
14385,-1
14386,-1
14387,-1
14388,2
14389,2
14390,3
14391,0
14392,1
14393,1
14394,-1
14395,-1
14396,-1
14397,-1
14398,-1
14399,-1
14400,-1
14401,-1
14402,-1
14403,-1
14404,-1
14405,-1
14406,-1
14407,-1
14408,1
14409,2
14410,-1
14411,-1
14412,-1
14413,-1
14414,-1
14415,-1
14416,-1
14417,-1
14418,-1
14419,-1
14420,-1
14421,-1
14422,-1
14423,-1
14424,-1
14425,-1
14426,-1
14427,-1
14428,-1
14429,-1
14430,1
14431,0
14432,-1
14433,-1
14434,-1
14435,-1
14436,-1
14437,-1
14438,-1
14439,-1
14440,-1
14441,-1
14442,2
14443,2
14444,1
14445,0
14446,-1
14447,-1
14448,-1
14449,-1
14450,-1
14451,-1
14452,-1
14453,-1
14454,1
14455,2
14456,-1
14457,-1
14458,-1
14459,-1
14460,-1
14461,-1
14462,-1
14463,-1
14464,2
14465,2
14466,2
14467,1
14468,-1
14469,-1
14470,-1
14471,-1
14472,-1
14473,-1
14474,-1
14475,-1
14476,-1
14477,-1
14478,-1
14479,-1
14480,-1
14481,-1
14482,-1
14483,-1
14484,-1
14485,-1
14486,-1
14487,-1
14488,-1
14489,-1
14490,3
14491,2
14492,-1
14493,-1
14494,-1
14495,-1
14496,2
14497,2
14498,-1
14499,-1
14500,-1
14501,-1
14502,-1
14503,-1
14504,-1
14505,-1
14506,-1
14507,-1
14508,-1
14509,-1
14510,3
14511,1
14512,-1
14513,-1
14514,-1
14515,-1
14516,-1
14517,-1
14518,-1
14519,-1
14520,-1
14521,-1
14522,-1
14523,-1
14524,-1
14525,-1
14526,1
14527,2
14528,-1
14529,-1
14530,-1
14531,-1
14532,-1
14533,-1
14534,-1
14535,-1
14536,2
14537,0
14538,-1
14539,-1
14540,-1
14541,-1
14542,-1
14543,-1
14544,-1
14545,-1
14546,-1
14547,-1
14548,-1
14549,-1
14550,1
14551,0
14552,-1
14553,-1
14554,1
14555,0
14556,-1
14557,-1
14558,-1
14559,-1
14560,-1
14561,-1
14562,-1
14563,-1
14564,3
14565,0
14566,-1
14567,-1
14568,2
14569,1
14570,3
14571,2
14572,1
14573,1
14574,-1
14575,-1
14576,-1
14577,-1
14578,2
14579,2
14580,-1
14581,-1
14582,-1
14583,-1
14584,3
14585,1
14586,-1
14587,-1
14588,-1
14589,-1
14590,-1
14591,-1
14592,3
14593,1
14594,3
14595,0
14596,-1
14597,-1
14598,-1
14599,-1
14600,-1
14601,-1
14602,-1
14603,-1
14604,-1
14605,-1
14606,-1
14607,-1
14608,-1
14609,-1
14610,-1
14611,-1
14612,-1
14613,-1
14614,-1
14615,-1
14616,-1
14617,-1
14618,-1
14619,-1
14620,-1
14621,-1
14622,-1
14623,-1
14624,-1
14625,-1
14626,-1
14627,-1
14628,-1
14629,-1
14630,-1
14631,-1
14632,2
14633,2
14634,-1
14635,-1
14636,3
14637,0
14638,-1
14639,-1
14640,2
14641,0
14642,-1
14643,-1
14644,-1
14645,-1
14646,-1
14647,-1
14648,-1
14649,-1
14650,-1
14651,-1
14652,-1
14653,-1
14654,-1
14655,-1
14656,-1
14657,-1
14658,-1
14659,-1
14660,2
14661,2
14662,-1
14663,-1
14664,2
14665,2
14666,1
14667,2
14668,-1
14669,-1
14670,-1
14671,-1
14672,-1
14673,-1
14674,-1
14675,-1
14676,-1
14677,-1
14678,-1
14679,-1
14680,-1
14681,-1
14682,-1
14683,-1
14684,-1
14685,-1
14686,-1
14687,-1
14688,-1
14689,-1
14690,-1
14691,-1
14692,1
14693,1
14694,-1
14695,-1
14696,-1
14697,-1
14698,1
14699,0
14700,-1
14701,-1
14702,-1
14703,-1
14704,-1
14705,-1
14706,-1
14707,-1
14708,2
14709,1
14710,-1
14711,-1
14712,-1
14713,-1
14714,2
14715,0
14716,-1
14717,-1
14718,-1
14719,-1
14720,-1
14721,-1
14722,2
14723,2
14724,-1
14725,-1
14726,1
14727,1
14728,3
14729,0
14730,-1
14731,-1
14732,-1
14733,-1
14734,3
14735,0
14736,-1
14737,-1
14738,3
14739,1
14740,-1
14741,-1
14742,1
14743,2
14744,-1
14745,-1
14746,3
14747,2
14748,-1
14749,-1
14750,-1
14751,-1
14752,-1
14753,-1
14754,-1
14755,-1
14756,-1
14757,-1
14758,3
14759,2
14760,-1
14761,-1
14762,-1
14763,-1
14764,-1
14765,-1
14766,-1
14767,-1
14768,-1
14769,-1
14770,-1
14771,-1
14772,-1
14773,-1
14774,-1
14775,-1
14776,-1
14777,-1
14778,2
14779,0
14780,2
14781,1
14782,-1
14783,-1
14784,-1
14785,-1
14786,2
14787,1
14788,-1
14789,-1
14790,-1
14791,-1
14792,3
14793,1
14794,-1
14795,-1
14796,-1
14797,-1
14798,-1
14799,-1
14800,-1
14801,-1
14802,-1
14803,-1
14804,-1
14805,-1
14806,-1
14807,-1
14808,-1
14809,-1
14810,-1
14811,-1
14812,-1
14813,-1
14814,-1
14815,-1
14816,-1
14817,-1
14818,-1
14819,-1
14820,-1
14821,-1
14822,-1
14823,-1
14824,-1
14825,-1
14826,-1
14827,-1
14828,3
14829,1
14830,-1
14831,-1
14832,-1
14833,-1
14834,-1
14835,-1
14836,-1
14837,-1
14838,-1
14839,-1
14840,-1
14841,-1
14842,-1
14843,-1
14844,-1
14845,-1
14846,1
14847,2
14848,-1
14849,-1
14850,-1
14851,-1
14852,-1
14853,-1
14854,-1
14855,-1
14856,-1
14857,-1
14858,1
14859,0
14860,-1
14861,-1
14862,1
14863,0
14864,-1
14865,-1
14866,-1
14867,-1
14868,-1
14869,-1
14870,-1
14871,-1
14872,-1
14873,-1
14874,-1
14875,-1
14876,-1
14877,-1
14878,-1
14879,-1
14880,-1
14881,-1
14882,-1
14883,-1
14884,-1
14885,-1
14886,-1
14887,-1
14888,-1
14889,-1
14890,-1
14891,-1
14892,-1
14893,-1
14894,-1
14895,-1
14896,1
14897,2
14898,-1
14899,-1
14900,1
14901,2
14902,-1
14903,-1
14904,-1
14905,-1
14906,-1
14907,-1
14908,1
14909,2
14910,-1
14911,-1
14912,3
14913,0
14914,3
14915,0
14916,-1
14917,-1
14918,-1
14919,-1
14920,1
14921,0
14922,-1
14923,-1
14924,-1
14925,-1
14926,-1
14927,-1
14928,-1
14929,-1
14930,-1
14931,-1
14932,-1
14933,-1
14934,-1
14935,-1
14936,2
14937,2
14938,3
14939,1
14940,1
14941,1
14942,-1
14943,-1
14944,-1
14945,-1
14946,3
14947,0
14948,-1
14949,-1
14950,-1
14951,-1
14952,-1
14953,-1
14954,-1
14955,-1
14956,3
14957,0
14958,2
14959,2
14960,-1
14961,-1
14962,2
14963,2
14964,-1
14965,-1
14966,-1
14967,-1
14968,3
14969,1
14970,-1
14971,-1
14972,-1
14973,-1
14974,-1
14975,-1
14976,-1
14977,-1
14978,-1
14979,-1
14980,-1
14981,-1
14982,-1
14983,-1
14984,3
14985,1
14986,-1
14987,-1
14988,2
14989,1
14990,-1
14991,-1
14992,-1
14993,-1
14994,-1
14995,-1
14996,-1
14997,-1
14998,2
14999,1
15000,-1
15001,-1
15002,-1
15003,-1
15004,1
15005,2
15006,-1
15007,-1
15008,2
15009,1
15010,-1
15011,-1
15012,-1
15013,-1
15014,-1
15015,-1
15016,1
15017,0
15018,-1
15019,-1
15020,-1
15021,-1
15022,1
15023,0
15024,3
15025,1
15026,-1
15027,-1
15028,-1
15029,-1
15030,2
15031,2
15032,-1
15033,-1
15034,-1
15035,-1
15036,-1
15037,-1
15038,-1
15039,-1
15040,3
15041,1
15042,-1
15043,-1
15044,-1
15045,-1
15046,-1
15047,-1
15048,-1
15049,-1
15050,-1
15051,-1
15052,-1
15053,-1
15054,2
15055,0
15056,-1
15057,-1
15058,-1
15059,-1
15060,2
15061,0
15062,-1
15063,-1
15064,3
15065,2
15066,-1
15067,-1
15068,3
15069,0
15070,-1
15071,-1
15072,-1
15073,-1
15074,-1
15075,-1
15076,-1
15077,-1
15078,-1
15079,-1
15080,-1
15081,-1
15082,-1
15083,-1
15084,-1
15085,-1
15086,-1
15087,-1
15088,3
15089,1
15090,1
15091,0
15092,-1
15093,-1
15094,-1
15095,-1
15096,-1
15097,-1
15098,-1
15099,-1
15100,2
15101,2
15102,-1
15103,-1
15104,3
15105,2
15106,-1
15107,-1
15108,-1
15109,-1
15110,-1
15111,-1
15112,-1
15113,-1
15114,-1
15115,-1
15116,-1
15117,-1
15118,-1
15119,-1
15120,-1
15121,-1
15122,-1
15123,-1
15124,-1
15125,-1
15126,-1
15127,-1
15128,-1
15129,-1
15130,3
15131,2
15132,-1
15133,-1
15134,-1
15135,-1
15136,-1
15137,-1
15138,2
15139,1
15140,-1
15141,-1
15142,-1
15143,-1
15144,-1
15145,-1
15146,-1
15147,-1
15148,-1
15149,-1
15150,-1
15151,-1
15152,-1
15153,-1
15154,3
15155,1
15156,-1
15157,-1
15158,-1
15159,-1
15160,-1
15161,-1
15162,-1
15163,-1
15164,1
15165,2
15166,-1
15167,-1
15168,-1
15169,-1
15170,-1
15171,-1
15172,-1
15173,-1
15174,2
15175,0
15176,-1
15177,-1
15178,-1
15179,-1
15180,-1
15181,-1
15182,-1
15183,-1
15184,3
15185,0
15186,-1
15187,-1
15188,-1
15189,-1
15190,-1
15191,-1
15192,-1
15193,-1
15194,-1
15195,-1
15196,-1
15197,-1
15198,-1
15199,-1
15200,-1
15201,-1
15202,2
15203,2
15204,-1
15205,-1
15206,-1
15207,-1
15208,-1
15209,-1
15210,-1
15211,-1
15212,-1
15213,-1
15214,-1
15215,-1
15216,-1
15217,-1
15218,-1
15219,-1
15220,-1
15221,-1
15222,-1
15223,-1
15224,-1
15225,-1
15226,2
15227,2
15228,-1
15229,-1
15230,2
15231,1
15232,-1
15233,-1
15234,3
15235,2
15236,-1
15237,-1
15238,3
15239,2
15240,-1
15241,-1
15242,-1
15243,-1
15244,-1
15245,-1
15246,-1
15247,-1
15248,-1
15249,-1
15250,-1
15251,-1
15252,-1
15253,-1
15254,-1
15255,-1
15256,-1
15257,-1
15258,-1
15259,-1
15260,-1
15261,-1
15262,-1
15263,-1
15264,-1
15265,-1
15266,-1
15267,-1
15268,-1
15269,-1
15270,3
15271,2
15272,-1
15273,-1
15274,-1
15275,-1
15276,2
15277,1
15278,-1
15279,-1
15280,-1
15281,-1
15282,-1
15283,-1
15284,-1
15285,-1
15286,3
15287,2
15288,-1
15289,-1
15290,-1
15291,-1
15292,-1
15293,-1
15294,-1
15295,-1
15296,-1
15297,-1
15298,-1
15299,-1
15300,-1
15301,-1
15302,-1
15303,-1
15304,-1
15305,-1
15306,-1
15307,-1
15308,-1
15309,-1
15310,3
15311,2
15312,1
15313,2
15314,1
15315,2
15316,-1
15317,-1
15318,-1
15319,-1
15320,-1
15321,-1
15322,-1
15323,-1
15324,-1
15325,-1
15326,-1
15327,-1
15328,1
15329,0
15330,-1
15331,-1
15332,-1
15333,-1
15334,-1
15335,-1
15336,-1
15337,-1
15338,-1
15339,-1
15340,-1
15341,-1
15342,-1
15343,-1
15344,-1
15345,-1
15346,-1
15347,-1
15348,-1
15349,-1
15350,-1
15351,-1
15352,-1
15353,-1
15354,-1
15355,-1
15356,-1
15357,-1
15358,-1
15359,-1
15360,2
15361,0
15362,2
15363,1
15364,-1
15365,-1
15366,-1
15367,-1
15368,-1
15369,-1
15370,-1
15371,-1
15372,-1
15373,-1
15374,-1
15375,-1
15376,-1
15377,-1
15378,1
15379,1
15380,-1
15381,-1
15382,-1
15383,-1
15384,-1
15385,-1
15386,-1
15387,-1
15388,-1
15389,-1
15390,-1
15391,-1
15392,-1
15393,-1
15394,-1
15395,-1
15396,-1
15397,-1
15398,-1
15399,-1
15400,-1
15401,-1
15402,-1
15403,-1
15404,1
15405,0
15406,2
15407,2
15408,-1
15409,-1
15410,-1
15411,-1
15412,-1
15413,-1
15414,-1
15415,-1
15416,-1
15417,-1
15418,-1
15419,-1
15420,-1
15421,-1
15422,-1
15423,-1
15424,-1
15425,-1
15426,-1
15427,-1
15428,-1
15429,-1
15430,-1
15431,-1
15432,-1
15433,-1
15434,-1
15435,-1
15436,-1
15437,-1
15438,-1
15439,-1
15440,-1
15441,-1
15442,2
15443,0
15444,-1
15445,-1
15446,-1
15447,-1
15448,-1
15449,-1
15450,1
15451,2
15452,-1
15453,-1
15454,-1
15455,-1
15456,3
15457,1
15458,-1
15459,-1
15460,-1
15461,-1
15462,-1
15463,-1
15464,-1
15465,-1
15466,2
15467,1
15468,-1
15469,-1
15470,-1
15471,-1
15472,-1
15473,-1
15474,-1
15475,-1
15476,-1
15477,-1
15478,1
15479,1
15480,-1
15481,-1
15482,-1
15483,-1
15484,-1
15485,-1
15486,-1
15487,-1
15488,-1
15489,-1
15490,-1
15491,-1
15492,2
15493,1
15494,-1
15495,-1
15496,-1
15497,-1
15498,-1
15499,-1
15500,-1
15501,-1
15502,-1
15503,-1
15504,2
15505,1
15506,-1
15507,-1
15508,3
15509,0
15510,-1
15511,-1
15512,-1
15513,-1
15514,-1
15515,-1
15516,2
15517,1
15518,-1
15519,-1
15520,-1
15521,-1
15522,-1
15523,-1
15524,-1
15525,-1
15526,-1
15527,-1
15528,-1
15529,-1
15530,2
15531,1
15532,-1
15533,-1
15534,-1
15535,-1
15536,-1
15537,-1
15538,3
15539,1
15540,-1
15541,-1
15542,2
15543,1
15544,2
15545,2
15546,-1
15547,-1
15548,-1
15549,-1
15550,-1
15551,-1
15552,-1
15553,-1
15554,-1
15555,-1
15556,-1
15557,-1
15558,-1
15559,-1
15560,-1
15561,-1
15562,-1
15563,-1
15564,3
15565,1
15566,-1
15567,-1
15568,-1
15569,-1
15570,-1
15571,-1
15572,-1
15573,-1
15574,-1
15575,-1
15576,-1
15577,-1
15578,-1
15579,-1
15580,-1
15581,-1
15582,3
15583,1
15584,-1
15585,-1
15586,-1
15587,-1
15588,-1
15589,-1
15590,-1
15591,-1
15592,-1
15593,-1
15594,-1
15595,-1
15596,-1
15597,-1
15598,-1
15599,-1
15600,-1
15601,-1
15602,-1
15603,-1
15604,2
15605,2
15606,-1
15607,-1
15608,-1
15609,-1
15610,-1
15611,-1
15612,-1
15613,-1
15614,2
15615,0
15616,-1
15617,-1
15618,-1
15619,-1
15620,-1
15621,-1
15622,-1
15623,-1
15624,-1
15625,-1
15626,-1
15627,-1
15628,-1
15629,-1
15630,-1
15631,-1
15632,1
15633,0
15634,-1
15635,-1
15636,-1
15637,-1
15638,-1
15639,-1
15640,-1
15641,-1
15642,1
15643,2
15644,-1
15645,-1
15646,-1
15647,-1
15648,-1
15649,-1
15650,3
15651,1
15652,-1
15653,-1
15654,3
15655,2
15656,-1
15657,-1
15658,-1
15659,-1
15660,-1
15661,-1
15662,-1
15663,-1
15664,3
15665,1
15666,-1
15667,-1
15668,-1
15669,-1
15670,3
15671,0
15672,-1
15673,-1
15674,3
15675,0
15676,-1
15677,-1
15678,-1
15679,-1
15680,-1
15681,-1
15682,-1
15683,-1
15684,-1
15685,-1
15686,-1
15687,-1
15688,-1
15689,-1
15690,2
15691,0
15692,-1
15693,-1
15694,-1
15695,-1
15696,-1
15697,-1
15698,-1
15699,-1
15700,-1
15701,-1
15702,-1
15703,-1
15704,2
15705,1
15706,-1
15707,-1
15708,-1
15709,-1
15710,-1
15711,-1
15712,-1
15713,-1
15714,-1
15715,-1
15716,-1
15717,-1
15718,-1
15719,-1
15720,-1
15721,-1
15722,-1
15723,-1
15724,-1
15725,-1
15726,-1
15727,-1
15728,-1
15729,-1
15730,-1
15731,-1
15732,-1
15733,-1
15734,-1
15735,-1
15736,-1
15737,-1
15738,-1
15739,-1
15740,-1
15741,-1
15742,-1
15743,-1
15744,-1
15745,-1
15746,-1
15747,-1
15748,-1
15749,-1
15750,-1
15751,-1
15752,-1
15753,-1
15754,-1
15755,-1
15756,-1
15757,-1
15758,-1
15759,-1
15760,-1
15761,-1
15762,-1
15763,-1
15764,-1
15765,-1
15766,-1
15767,-1
15768,-1
15769,-1
15770,-1
15771,-1
15772,-1
15773,-1
15774,-1
15775,-1
15776,-1
15777,-1
15778,-1
15779,-1
15780,-1
15781,-1
15782,-1
15783,-1
15784,-1
15785,-1
15786,1
15787,2
15788,-1
15789,-1
15790,-1
15791,-1
15792,-1
15793,-1
15794,1
15795,0
15796,-1
15797,-1
15798,-1
15799,-1
15800,-1
15801,-1
15802,-1
15803,-1
15804,-1
15805,-1
15806,-1
15807,-1
15808,3
15809,2
15810,-1
15811,-1
15812,-1
15813,-1
15814,-1
15815,-1
15816,-1
15817,-1
15818,2
15819,2
15820,1
15821,2
15822,1
15823,1
15824,-1
15825,-1
15826,-1
15827,-1
15828,-1
15829,-1
15830,-1
15831,-1
15832,-1
15833,-1
15834,-1
15835,-1
15836,2
15837,0
15838,3
15839,1
15840,-1
15841,-1
15842,1
15843,2
15844,-1
15845,-1
15846,-1
15847,-1
15848,-1
15849,-1
15850,-1
15851,-1
15852,-1
15853,-1
15854,-1
15855,-1
15856,-1
15857,-1
15858,-1
15859,-1
15860,-1
15861,-1
15862,-1
15863,-1
15864,-1
15865,-1
15866,-1
15867,-1
15868,-1
15869,-1
15870,-1
15871,-1
15872,-1
15873,-1
15874,-1
15875,-1
15876,-1
15877,-1
15878,-1
15879,-1
15880,-1
15881,-1
15882,-1
15883,-1
15884,-1
15885,-1
15886,-1
15887,-1
15888,-1
15889,-1
15890,-1
15891,-1
15892,-1
15893,-1
15894,-1
15895,-1
15896,-1
15897,-1
15898,-1
15899,-1
15900,-1
15901,-1
15902,-1
15903,-1
15904,-1
15905,-1
15906,-1
15907,-1
15908,-1
15909,-1
15910,-1
15911,-1
15912,-1
15913,-1
15914,-1
15915,-1
15916,-1
15917,-1
15918,-1
15919,-1
15920,-1
15921,-1
15922,-1
15923,-1
15924,-1
15925,-1
15926,-1
15927,-1
15928,-1
15929,-1
15930,-1
15931,-1
15932,-1
15933,-1
15934,-1
15935,-1
15936,-1
15937,-1
15938,2
15939,1
15940,-1
15941,-1
15942,-1
15943,-1
15944,3
15945,0
15946,3
15947,1
15948,1
15949,0
15950,-1
15951,-1
15952,-1
15953,-1
15954,2
15955,1
15956,-1
15957,-1
15958,-1
15959,-1
15960,1
15961,0
15962,-1
15963,-1
15964,-1
15965,-1
15966,-1
15967,-1
15968,-1
15969,-1
15970,-1
15971,-1
15972,-1
15973,-1
15974,1
15975,0
15976,-1
15977,-1
15978,-1
15979,-1
15980,-1
15981,-1
15982,-1
15983,-1
15984,-1
15985,-1
15986,-1
15987,-1
15988,-1
15989,-1
15990,-1
15991,-1
15992,-1
15993,-1
15994,-1
15995,-1
15996,-1
15997,-1
15998,-1
15999,-1
16000,-1
16001,-1
16002,1
16003,0
16004,-1
16005,-1
16006,-1
16007,-1
16008,-1
16009,-1
16010,-1
16011,-1
16012,-1
16013,-1
16014,2
16015,1
16016,-1
16017,-1
16018,-1
16019,-1
16020,2
16021,1
16022,-1
16023,-1
16024,-1
16025,-1
16026,-1
16027,-1
16028,-1
16029,-1
16030,-1
16031,-1
16032,-1
16033,-1
16034,1
16035,1
16036,3
16037,1
16038,-1
16039,-1
16040,-1
16041,-1
16042,-1
16043,-1
16044,-1
16045,-1
16046,-1
16047,-1
16048,-1
16049,-1
16050,-1
16051,-1
16052,-1
16053,-1
16054,-1
16055,-1
16056,-1
16057,-1
16058,-1
16059,-1
16060,-1
16061,-1
16062,-1
16063,-1
16064,-1
16065,-1
16066,-1
16067,-1
16068,-1
16069,-1
16070,-1
16071,-1
16072,3
16073,0
16074,-1
16075,-1
16076,2
16077,0
16078,-1
16079,-1
16080,-1
16081,-1
16082,-1
16083,-1
16084,-1
16085,-1
16086,-1
16087,-1
16088,-1
16089,-1
16090,-1
16091,-1
16092,1
16093,2
16094,-1
16095,-1
16096,3
16097,2
16098,-1
16099,-1
16100,-1
16101,-1
16102,-1
16103,-1
16104,-1
16105,-1
16106,-1
16107,-1
16108,-1
16109,-1
16110,-1
16111,-1
16112,-1
16113,-1
16114,-1
16115,-1
16116,-1
16117,-1
16118,-1
16119,-1
16120,-1
16121,-1
16122,-1
16123,-1
16124,-1
16125,-1
16126,-1
16127,-1
16128,-1
16129,-1
16130,-1
16131,-1
16132,-1
16133,-1
16134,-1
16135,-1
16136,-1
16137,-1
16138,-1
16139,-1
16140,2
16141,0
16142,3
16143,0
16144,-1
16145,-1
16146,-1
16147,-1
16148,-1
16149,-1
16150,-1
16151,-1
16152,3
16153,0
16154,-1
16155,-1
16156,2
16157,0
16158,-1
16159,-1
16160,-1
16161,-1
16162,-1
16163,-1
16164,3
16165,0
16166,-1
16167,-1
16168,-1
16169,-1
16170,-1
16171,-1
16172,-1
16173,-1
16174,-1
16175,-1
16176,-1
16177,-1
16178,-1
16179,-1
16180,-1
16181,-1
16182,-1
16183,-1
16184,-1
16185,-1
16186,-1
16187,-1
16188,-1
16189,-1
16190,3
16191,0
16192,-1
16193,-1
16194,-1
16195,-1
16196,-1
16197,-1
16198,-1
16199,-1
16200,-1
16201,-1
16202,-1
16203,-1
16204,-1
16205,-1
16206,-1
16207,-1
16208,-1
16209,-1
16210,-1
16211,-1
16212,-1
16213,-1
16214,-1
16215,-1
16216,-1
16217,-1
16218,-1
16219,-1
16220,-1
16221,-1
16222,-1
16223,-1
16224,-1
16225,-1
16226,1
16227,2
16228,-1
16229,-1
16230,-1
16231,-1
16232,-1
16233,-1
16234,-1
16235,-1
16236,2
16237,1
16238,-1
16239,-1
16240,-1
16241,-1
16242,-1
16243,-1
16244,-1
16245,-1
16246,-1
16247,-1
16248,-1
16249,-1
16250,-1
16251,-1
16252,-1
16253,-1
16254,-1
16255,-1
16256,-1
16257,-1
16258,-1
16259,-1
16260,-1
16261,-1
16262,3
16263,0
16264,-1
16265,-1
16266,-1
16267,-1
16268,-1
16269,-1
16270,1
16271,2
16272,1
16273,2
16274,-1
16275,-1
16276,-1
16277,-1
16278,1
16279,1
16280,3
16281,1
16282,-1
16283,-1
16284,-1
16285,-1
16286,1
16287,2
16288,-1
16289,-1
16290,-1
16291,-1
16292,3
16293,1
16294,-1
16295,-1
16296,-1
16297,-1
16298,2
16299,2
16300,-1
16301,-1
16302,-1
16303,-1
16304,-1
16305,-1
16306,-1
16307,-1
16308,1
16309,2
16310,-1
16311,-1
16312,-1
16313,-1
16314,1
16315,2
16316,2
16317,0
16318,-1
16319,-1
16320,-1
16321,-1
16322,-1
16323,-1
16324,-1
16325,-1
16326,-1
16327,-1
16328,-1
16329,-1
16330,-1
16331,-1
16332,-1
16333,-1
16334,-1
16335,-1
16336,-1
16337,-1
16338,-1
16339,-1
16340,-1
16341,-1
16342,-1
16343,-1
16344,-1
16345,-1
16346,-1
16347,-1
16348,-1
16349,-1
16350,-1
16351,-1
16352,-1
16353,-1
16354,-1
16355,-1
16356,-1
16357,-1
16358,-1
16359,-1
16360,-1
16361,-1
16362,2
16363,0
16364,-1
16365,-1
16366,-1
16367,-1
16368,-1
16369,-1
16370,-1
16371,-1
16372,-1
16373,-1
16374,-1
16375,-1
16376,2
16377,0
16378,-1
16379,-1
16380,-1
16381,-1
16382,-1
16383,-1
16384,-1
16385,-1
16386,-1
16387,-1
16388,-1
16389,-1
16390,-1
16391,-1
16392,-1
16393,-1
16394,-1
16395,-1
16396,-1
16397,-1
16398,-1
16399,-1
16400,-1
16401,-1
16402,-1
16403,-1
16404,-1
16405,-1
16406,-1
16407,-1
16408,-1
16409,-1
16410,-1
16411,-1
16412,-1
16413,-1
16414,-1
16415,-1
16416,-1
16417,-1
16418,-1
16419,-1
16420,-1
16421,-1
16422,-1
16423,-1
16424,2
16425,0
16426,-1
16427,-1
16428,-1
16429,-1
16430,-1
16431,-1
16432,-1
16433,-1
16434,-1
16435,-1
16436,2
16437,1
16438,-1
16439,-1
16440,-1
16441,-1
16442,1
16443,2
16444,3
16445,0
16446,-1
16447,-1
16448,3
16449,2
16450,-1
16451,-1
16452,-1
16453,-1
16454,-1
16455,-1
16456,2
16457,1
16458,-1
16459,-1
16460,-1
16461,-1
16462,-1
16463,-1
16464,-1
16465,-1
16466,1
16467,2
16468,-1
16469,-1
16470,-1
16471,-1
16472,2
16473,2
16474,-1
16475,-1
16476,-1
16477,-1
16478,-1
16479,-1
16480,1
16481,1
16482,-1
16483,-1
16484,-1
16485,-1
16486,2
16487,2
16488,-1
16489,-1
16490,3
16491,0
16492,-1
16493,-1
16494,-1
16495,-1
16496,3
16497,1
16498,-1
16499,-1
16500,-1
16501,-1
16502,2
16503,0
16504,-1
16505,-1
16506,-1
16507,-1
16508,-1
16509,-1
16510,2
16511,2
16512,3
16513,2
16514,-1
16515,-1
16516,-1
16517,-1
16518,-1
16519,-1
16520,-1
16521,-1
16522,-1
16523,-1
16524,-1
16525,-1
16526,-1
16527,-1
16528,-1
16529,-1
16530,-1
16531,-1
16532,-1
16533,-1
16534,-1
16535,-1
16536,-1
16537,-1
16538,-1
16539,-1
16540,-1
16541,-1
16542,-1
16543,-1
16544,2
16545,1
16546,-1
16547,-1
16548,-1
16549,-1
16550,1
16551,0
16552,-1
16553,-1
16554,2
16555,1
16556,-1
16557,-1
16558,-1
16559,-1
16560,-1
16561,-1
16562,-1
16563,-1
16564,1
16565,2
16566,-1
16567,-1
16568,-1
16569,-1
16570,-1
16571,-1
16572,1
16573,0
16574,-1
16575,-1
16576,3
16577,1
16578,-1
16579,-1
16580,1
16581,2
16582,-1
16583,-1
16584,-1
16585,-1
16586,-1
16587,-1
16588,2
16589,2
16590,2
16591,1
16592,-1
16593,-1
16594,-1
16595,-1
16596,1
16597,2
16598,-1
16599,-1
16600,-1
16601,-1
16602,2
16603,1
16604,-1
16605,-1
16606,-1
16607,-1
16608,3
16609,0
16610,2
16611,1
16612,-1
16613,-1
16614,-1
16615,-1
16616,-1
16617,-1
16618,-1
16619,-1
16620,-1
16621,-1
16622,-1
16623,-1
16624,-1
16625,-1
16626,-1
16627,-1
16628,-1
16629,-1
16630,-1
16631,-1
16632,-1
16633,-1
16634,-1
16635,-1
16636,-1
16637,-1
16638,-1
16639,-1
16640,-1
16641,-1
16642,-1
16643,-1
16644,-1
16645,-1
16646,-1
16647,-1
16648,-1
16649,-1
16650,-1
16651,-1
16652,-1
16653,-1
16654,-1
16655,-1
16656,-1
16657,-1
16658,-1
16659,-1
16660,-1
16661,-1
16662,-1
16663,-1
16664,-1
16665,-1
16666,-1
16667,-1
16668,-1
16669,-1
16670,-1
16671,-1
16672,-1
16673,-1
16674,-1
16675,-1
16676,-1
16677,-1
16678,-1
16679,-1
16680,1
16681,0
16682,-1
16683,-1
16684,-1
16685,-1
16686,-1
16687,-1
16688,-1
16689,-1
16690,-1
16691,-1
16692,-1
16693,-1
16694,-1
16695,-1
16696,-1
16697,-1
16698,-1
16699,-1
16700,-1
16701,-1
16702,3
16703,1
16704,-1
16705,-1
16706,-1
16707,-1
16708,-1
16709,-1
16710,-1
16711,-1
16712,-1
16713,-1
16714,-1
16715,-1
16716,-1
16717,-1
16718,-1
16719,-1
16720,-1
16721,-1
16722,3
16723,1
16724,-1
16725,-1
16726,-1
16727,-1
16728,-1
16729,-1
16730,-1
16731,-1
16732,-1
16733,-1
16734,-1
16735,-1
16736,-1
16737,-1
16738,-1
16739,-1
16740,-1
16741,-1
16742,-1
16743,-1
16744,-1
16745,-1
16746,-1
16747,-1
16748,-1
16749,-1
16750,3
16751,1
16752,3
16753,2
16754,1
16755,2
16756,-1
16757,-1
16758,1
16759,1
16760,-1
16761,-1
16762,-1
16763,-1
16764,-1
16765,-1
16766,-1
16767,-1
16768,-1
16769,-1
16770,-1
16771,-1
16772,-1
16773,-1
16774,-1
16775,-1
16776,-1
16777,-1
16778,-1
16779,-1
16780,-1
16781,-1
16782,-1
16783,-1
16784,-1
16785,-1
16786,1
16787,2
16788,-1
16789,-1
16790,-1
16791,-1
16792,-1
16793,-1
16794,-1
16795,-1
16796,2
16797,0
16798,-1
16799,-1
16800,-1
16801,-1
16802,-1
16803,-1
16804,-1
16805,-1
16806,-1
16807,-1
16808,-1
16809,-1
16810,-1
16811,-1
16812,-1
16813,-1
16814,-1
16815,-1
16816,-1
16817,-1
16818,-1
16819,-1
16820,2
16821,1
16822,-1
16823,-1
16824,-1
16825,-1
16826,-1
16827,-1
16828,-1
16829,-1
16830,3
16831,0
16832,-1
16833,-1
16834,3
16835,1
16836,-1
16837,-1
16838,-1
16839,-1
16840,-1
16841,-1
16842,-1
16843,-1
16844,-1
16845,-1
16846,-1
16847,-1
16848,-1
16849,-1
16850,-1
16851,-1
16852,-1
16853,-1
16854,-1
16855,-1
16856,-1
16857,-1
16858,-1
16859,-1
16860,-1
16861,-1
16862,-1
16863,-1
16864,-1
16865,-1
16866,-1
16867,-1
16868,-1
16869,-1
16870,-1
16871,-1
16872,-1
16873,-1
16874,-1
16875,-1
16876,-1
16877,-1
16878,-1
16879,-1
16880,3
16881,2
16882,-1
16883,-1
16884,-1
16885,-1
16886,3
16887,2
16888,2
16889,0
16890,-1
16891,-1
16892,-1
16893,-1
16894,-1
16895,-1
16896,2
16897,0
16898,-1
16899,-1
16900,-1
16901,-1
16902,-1
16903,-1
16904,-1
16905,-1
16906,1
16907,1
16908,-1
16909,-1
16910,-1
16911,-1
16912,3
16913,0
16914,-1
16915,-1
16916,-1
16917,-1
16918,1
16919,1
16920,-1
16921,-1
16922,-1
16923,-1
16924,-1
16925,-1
16926,-1
16927,-1
16928,-1
16929,-1
16930,-1
16931,-1
16932,-1
16933,-1
16934,1
16935,2
16936,2
16937,1
16938,-1
16939,-1
16940,-1
16941,-1
16942,-1
16943,-1
16944,-1
16945,-1
16946,-1
16947,-1
16948,3
16949,1
16950,2
16951,1
16952,-1
16953,-1
16954,-1
16955,-1
16956,-1
16957,-1
16958,-1
16959,-1
16960,-1
16961,-1
16962,-1
16963,-1
16964,-1
16965,-1
16966,1
16967,2
16968,-1
16969,-1
16970,-1
16971,-1
16972,3
16973,2
16974,-1
16975,-1
16976,-1
16977,-1
16978,-1
16979,-1
16980,-1
16981,-1
16982,-1
16983,-1
16984,-1
16985,-1
16986,-1
16987,-1
16988,-1
16989,-1
16990,-1
16991,-1
16992,-1
16993,-1
16994,-1
16995,-1
16996,1
16997,2
16998,-1
16999,-1
17000,-1
17001,-1
17002,-1
17003,-1
17004,-1
17005,-1
17006,-1
17007,-1
17008,-1
17009,-1
17010,-1
17011,-1
17012,-1
17013,-1
17014,-1
17015,-1
17016,-1
17017,-1
17018,-1
17019,-1
17020,-1
17021,-1
17022,-1
17023,-1
17024,-1
17025,-1
17026,-1
17027,-1
17028,-1
17029,-1
17030,-1
17031,-1
17032,-1
17033,-1
17034,-1
17035,-1
17036,1
17037,2
17038,-1
17039,-1
17040,-1
17041,-1
17042,2
17043,0
17044,-1
17045,-1
17046,-1
17047,-1
17048,2
17049,2
17050,-1
17051,-1
17052,-1
17053,-1
17054,-1
17055,-1
17056,3
17057,0
17058,-1
17059,-1
17060,-1
17061,-1
17062,-1
17063,-1
17064,-1
17065,-1
17066,-1
17067,-1
17068,2
17069,2
17070,-1
17071,-1
17072,-1
17073,-1
17074,1
17075,0
17076,-1
17077,-1
17078,-1
17079,-1
17080,-1
17081,-1
17082,-1
17083,-1
17084,-1
17085,-1
17086,-1
17087,-1
17088,-1
17089,-1
17090,-1
17091,-1
17092,-1
17093,-1
17094,-1
17095,-1
17096,-1
17097,-1
17098,-1
17099,-1
17100,-1
17101,-1
17102,-1
17103,-1
17104,-1
17105,-1
17106,3
17107,0
17108,-1
17109,-1
17110,-1
17111,-1
17112,-1
17113,-1
17114,-1
17115,-1
17116,-1
17117,-1
17118,3
17119,1
17120,-1
17121,-1
17122,2
17123,2
17124,-1
17125,-1
17126,1
17127,0
17128,-1
17129,-1
17130,-1
17131,-1
17132,-1
17133,-1
17134,-1
17135,-1
17136,3
17137,1
17138,-1
17139,-1
17140,-1
17141,-1
17142,-1
17143,-1
17144,-1
17145,-1
17146,-1
17147,-1
17148,-1
17149,-1
17150,-1
17151,-1
17152,1
17153,0
17154,-1
17155,-1
17156,-1
17157,-1
17158,-1
17159,-1
17160,3
17161,1
17162,-1
17163,-1
17164,3
17165,0
17166,-1
17167,-1
17168,-1
17169,-1
17170,-1
17171,-1
17172,-1
17173,-1
17174,3
17175,0
17176,-1
17177,-1
17178,-1
17179,-1
17180,-1
17181,-1
17182,2
17183,1
17184,-1
17185,-1
17186,-1
17187,-1
17188,-1
17189,-1
17190,-1
17191,-1
17192,-1
17193,-1
17194,-1
17195,-1
17196,-1
17197,-1
17198,1
17199,1
17200,-1
17201,-1
17202,-1
17203,-1
17204,-1
17205,-1
17206,-1
17207,-1
17208,-1
17209,-1
17210,-1
17211,-1
17212,-1
17213,-1
17214,-1
17215,-1
17216,-1
17217,-1
17218,-1
17219,-1
17220,-1
17221,-1
17222,-1
17223,-1
17224,-1
17225,-1
17226,-1
17227,-1
17228,-1
17229,-1
17230,-1
17231,-1
17232,-1
17233,-1
17234,-1
17235,-1
17236,-1
17237,-1
17238,-1
17239,-1
17240,-1
17241,-1
17242,2
17243,1
17244,2
17245,1
17246,3
17247,0
17248,-1
17249,-1
17250,-1
17251,-1
17252,-1
17253,-1
17254,-1
17255,-1
17256,-1
17257,-1
17258,-1
17259,-1
17260,-1
17261,-1
17262,-1
17263,-1
17264,-1
17265,-1
17266,-1
17267,-1
17268,-1
17269,-1
17270,-1
17271,-1
17272,-1
17273,-1
17274,-1
17275,-1
17276,-1
17277,-1
17278,-1
17279,-1
17280,1
17281,0
17282,-1
17283,-1
17284,-1
17285,-1
17286,-1
17287,-1
17288,-1
17289,-1
17290,-1
17291,-1
17292,-1
17293,-1
17294,-1
17295,-1
17296,3
17297,0
17298,-1
17299,-1
17300,1
17301,0
17302,1
17303,0
17304,-1
17305,-1
17306,-1
17307,-1
17308,-1
17309,-1
17310,-1
17311,-1
17312,1
17313,2
17314,-1
17315,-1
17316,-1
17317,-1
17318,-1
17319,-1
17320,-1
17321,-1
17322,3
17323,1
17324,-1
17325,-1
17326,3
17327,1
17328,-1
17329,-1
17330,-1
17331,-1
17332,-1
17333,-1
17334,-1
17335,-1
17336,3
17337,0
17338,2
17339,0
17340,-1
17341,-1
17342,-1
17343,-1
17344,1
17345,0
17346,-1
17347,-1
17348,-1
17349,-1
17350,3
17351,0
17352,-1
17353,-1
17354,-1
17355,-1
17356,-1
17357,-1
17358,-1
17359,-1
17360,1
17361,0
17362,-1
17363,-1
17364,-1
17365,-1
17366,-1
17367,-1
17368,-1
17369,-1
17370,-1
17371,-1
17372,-1
17373,-1
17374,-1
17375,-1
17376,-1
17377,-1
17378,-1
17379,-1
17380,-1
17381,-1
17382,-1
17383,-1
17384,-1
17385,-1
17386,-1
17387,-1
17388,-1
17389,-1
17390,3
17391,2
17392,-1
17393,-1
17394,-1
17395,-1
17396,-1
17397,-1
17398,-1
17399,-1
17400,-1
17401,-1
17402,-1
17403,-1
17404,-1
17405,-1
17406,-1
17407,-1
17408,1
17409,1
17410,1
17411,0
17412,-1
17413,-1
17414,-1
17415,-1
17416,-1
17417,-1
17418,-1
17419,-1
17420,-1
17421,-1
17422,-1
17423,-1
17424,1
17425,2
17426,-1
17427,-1
17428,-1
17429,-1
17430,2
17431,1
17432,-1
17433,-1
17434,-1
17435,-1
17436,-1
17437,-1
17438,-1
17439,-1
17440,-1
17441,-1
17442,-1
17443,-1
17444,-1
17445,-1
17446,-1
17447,-1
17448,-1
17449,-1
17450,-1
17451,-1
17452,-1
17453,-1
17454,-1
17455,-1
17456,-1
17457,-1
17458,-1
17459,-1
17460,-1
17461,-1
17462,-1
17463,-1
17464,1
17465,2
17466,2
17467,0
17468,-1
17469,-1
17470,-1
17471,-1
17472,-1
17473,-1
17474,-1
17475,-1
17476,-1
17477,-1
17478,-1
17479,-1
17480,2
17481,2
17482,-1
17483,-1
17484,-1
17485,-1
17486,-1
17487,-1
17488,-1
17489,-1
17490,-1
17491,-1
17492,-1
17493,-1
17494,-1
17495,-1
17496,-1
17497,-1
17498,-1
17499,-1
17500,-1
17501,-1
17502,1
17503,2
17504,-1
17505,-1
17506,-1
17507,-1
17508,-1
17509,-1
17510,-1
17511,-1
17512,2
17513,0
17514,-1
17515,-1
17516,-1
17517,-1
17518,2
17519,0
17520,-1
17521,-1
17522,-1
17523,-1
17524,-1
17525,-1
17526,-1
17527,-1
17528,-1
17529,-1
17530,3
17531,1
17532,3
17533,2
17534,-1
17535,-1
17536,-1
17537,-1
17538,2
17539,1
17540,3
17541,0
17542,-1
17543,-1
17544,3
17545,1
17546,-1
17547,-1
17548,-1
17549,-1
17550,-1
17551,-1
17552,-1
17553,-1
17554,-1
17555,-1
17556,2
17557,1
17558,-1
17559,-1
17560,2
17561,1
17562,-1
17563,-1
17564,-1
17565,-1
17566,-1
17567,-1
17568,2
17569,0
17570,-1
17571,-1
17572,-1
17573,-1
17574,1
17575,2
17576,-1
17577,-1
17578,-1
17579,-1
17580,-1
17581,-1
17582,-1
17583,-1
17584,-1
17585,-1
17586,-1
17587,-1
17588,-1
17589,-1
17590,-1
17591,-1
17592,-1
17593,-1
17594,-1
17595,-1
17596,-1
17597,-1
17598,-1
17599,-1
17600,3
17601,0
17602,-1
17603,-1
17604,-1
17605,-1
17606,-1
17607,-1
17608,-1
17609,-1
17610,2
17611,0
17612,-1
17613,-1
17614,-1
17615,-1
17616,-1
17617,-1
17618,3
17619,0
17620,-1
17621,-1
17622,-1
17623,-1
17624,1
17625,1
17626,-1
17627,-1
17628,-1
17629,-1
17630,-1
17631,-1
17632,-1
17633,-1
17634,1
17635,2
17636,-1
17637,-1
17638,-1
17639,-1
17640,-1
17641,-1
17642,-1
17643,-1
17644,-1
17645,-1
17646,-1
17647,-1
17648,-1
17649,-1
17650,-1
17651,-1
17652,-1
17653,-1
17654,-1
17655,-1
17656,-1
17657,-1
17658,2
17659,2
17660,-1
17661,-1
17662,-1
17663,-1
17664,-1
17665,-1
17666,-1
17667,-1
17668,-1
17669,-1
17670,-1
17671,-1
17672,-1
17673,-1
17674,-1
17675,-1
17676,-1
17677,-1
17678,-1
17679,-1
17680,-1
17681,-1
17682,-1
17683,-1
17684,-1
17685,-1
17686,-1
17687,-1
17688,-1
17689,-1
17690,-1
17691,-1
17692,-1
17693,-1
17694,-1
17695,-1
17696,-1
17697,-1
17698,-1
17699,-1
17700,-1
17701,-1
17702,-1
17703,-1
17704,-1
17705,-1
17706,-1
17707,-1
17708,-1
17709,-1
17710,-1
17711,-1
17712,-1
17713,-1
17714,-1
17715,-1
17716,-1
17717,-1
17718,3
17719,0
17720,-1
17721,-1
17722,2
17723,2
17724,-1
17725,-1
17726,-1
17727,-1
17728,-1
17729,-1
17730,-1
17731,-1
17732,-1
17733,-1
17734,-1
17735,-1
17736,2
17737,2
17738,-1
17739,-1
17740,-1
17741,-1
17742,-1
17743,-1
17744,-1
17745,-1
17746,-1
17747,-1
17748,-1
17749,-1
17750,-1
17751,-1
17752,1
17753,0
17754,-1
17755,-1
17756,-1
17757,-1
17758,-1
17759,-1
17760,1
17761,0
17762,-1
17763,-1
17764,-1
17765,-1
17766,2
17767,1
17768,-1
17769,-1
17770,3
17771,2
17772,-1
17773,-1
17774,1
17775,0
17776,-1
17777,-1
17778,-1
17779,-1
17780,3
17781,2
17782,-1
17783,-1
17784,-1
17785,-1
17786,-1
17787,-1
17788,-1
17789,-1
17790,-1
17791,-1
17792,-1
17793,-1
17794,-1
17795,-1
17796,-1
17797,-1
17798,2
17799,2
17800,-1
17801,-1
17802,-1
17803,-1
17804,-1
17805,-1
17806,-1
17807,-1
17808,-1
17809,-1
17810,-1
17811,-1
17812,-1
17813,-1
17814,-1
17815,-1
17816,-1
17817,-1
17818,3
17819,2
17820,-1
17821,-1
17822,3
17823,1
17824,-1
17825,-1
17826,-1
17827,-1
17828,-1
17829,-1
17830,2
17831,2
17832,-1
17833,-1
17834,-1
17835,-1
17836,-1
17837,-1
17838,3
17839,2
17840,-1
17841,-1
17842,1
17843,2
17844,-1
17845,-1
17846,-1
17847,-1
17848,-1
17849,-1
17850,1
17851,2
17852,-1
17853,-1
17854,-1
17855,-1
17856,-1
17857,-1
17858,1
17859,1
17860,-1
17861,-1
17862,-1
17863,-1
17864,2
17865,1
17866,-1
17867,-1
17868,3
17869,0
17870,-1
17871,-1
17872,-1
17873,-1
17874,-1
17875,-1
17876,-1
17877,-1
17878,-1
17879,-1
17880,-1
17881,-1
17882,2
17883,1
17884,2
17885,1
17886,-1
17887,-1
17888,-1
17889,-1
17890,-1
17891,-1
17892,-1
17893,-1
17894,-1
17895,-1
17896,-1
17897,-1
17898,1
17899,2
17900,-1
17901,-1
17902,-1
17903,-1
17904,1
17905,0
17906,2
17907,0
17908,-1
17909,-1
17910,-1
17911,-1
17912,-1
17913,-1
17914,-1
17915,-1
17916,-1
17917,-1
17918,-1
17919,-1
17920,3
17921,1
17922,-1
17923,-1
17924,1
17925,2
17926,-1
17927,-1
17928,-1
17929,-1
17930,2
17931,2
17932,-1
17933,-1
17934,-1
17935,-1
17936,-1
17937,-1
17938,-1
17939,-1
17940,-1
17941,-1
17942,-1
17943,-1
17944,-1
17945,-1
17946,-1
17947,-1
17948,-1
17949,-1
17950,-1
17951,-1
17952,-1
17953,-1
17954,-1
17955,-1
17956,-1
17957,-1
17958,-1
17959,-1
17960,-1
17961,-1
17962,1
17963,0
17964,2
17965,2
17966,-1
17967,-1
17968,2
17969,1
17970,-1
17971,-1
17972,-1
17973,-1
17974,-1
17975,-1
17976,-1
17977,-1
17978,-1
17979,-1
17980,-1
17981,-1
17982,-1
17983,-1
17984,-1
17985,-1
17986,-1
17987,-1
17988,-1
17989,-1
17990,-1
17991,-1
17992,-1
17993,-1
17994,-1
17995,-1
17996,-1
17997,-1
17998,-1
17999,-1
18000,-1
18001,-1
18002,-1
18003,-1
18004,-1
18005,-1
18006,-1
18007,-1
18008,-1
18009,-1
18010,3
18011,2
18012,-1
18013,-1
18014,2
18015,2
18016,-1
18017,-1
18018,-1
18019,-1
18020,-1
18021,-1
18022,1
18023,1
18024,1
18025,0
18026,-1
18027,-1
18028,-1
18029,-1
18030,-1
18031,-1
18032,-1
18033,-1
18034,-1
18035,-1
18036,-1
18037,-1
18038,-1
18039,-1
18040,-1
18041,-1
18042,-1
18043,-1
18044,-1
18045,-1
18046,-1
18047,-1
18048,-1
18049,-1
18050,-1
18051,-1
18052,-1
18053,-1
18054,-1
18055,-1
18056,-1
18057,-1
18058,-1
18059,-1
18060,-1
18061,-1
18062,-1
18063,-1
18064,2
18065,2
18066,-1
18067,-1
18068,-1
18069,-1
18070,3
18071,1
18072,-1
18073,-1
18074,-1
18075,-1
18076,3
18077,2
18078,-1
18079,-1
18080,-1
18081,-1
18082,1
18083,1
18084,-1
18085,-1
18086,-1
18087,-1
18088,1
18089,2
18090,-1
18091,-1
18092,-1
18093,-1
18094,-1
18095,-1
18096,2
18097,2
18098,-1
18099,-1
18100,-1
18101,-1
18102,-1
18103,-1
18104,-1
18105,-1
18106,-1
18107,-1
18108,-1
18109,-1
18110,-1
18111,-1
18112,-1
18113,-1
18114,-1
18115,-1
18116,-1
18117,-1
18118,-1
18119,-1
18120,-1
18121,-1
18122,-1
18123,-1
18124,-1
18125,-1
18126,-1
18127,-1
18128,2
18129,2
18130,-1
18131,-1
18132,-1
18133,-1
18134,-1
18135,-1
18136,2
18137,1
18138,-1
18139,-1
18140,-1
18141,-1
18142,-1
18143,-1
18144,-1
18145,-1
18146,-1
18147,-1
18148,1
18149,0
18150,-1
18151,-1
18152,-1
18153,-1
18154,-1
18155,-1
18156,-1
18157,-1
18158,-1
18159,-1
18160,-1
18161,-1
18162,-1
18163,-1
18164,2
18165,1
18166,3
18167,1
18168,1
18169,0
18170,-1
18171,-1
18172,-1
18173,-1
18174,1
18175,2
18176,-1
18177,-1
18178,-1
18179,-1
18180,-1
18181,-1
18182,-1
18183,-1
18184,-1
18185,-1
18186,2
18187,1
18188,1
18189,1
18190,-1
18191,-1
18192,-1
18193,-1
18194,-1
18195,-1
18196,-1
18197,-1
18198,3
18199,0
18200,-1
18201,-1
18202,-1
18203,-1
18204,-1
18205,-1
18206,-1
18207,-1
18208,-1
18209,-1
18210,-1
18211,-1
18212,-1
18213,-1
18214,1
18215,2
18216,-1
18217,-1
18218,-1
18219,-1
18220,-1
18221,-1
18222,-1
18223,-1
18224,1
18225,2
18226,-1
18227,-1
18228,-1
18229,-1
18230,-1
18231,-1
18232,-1
18233,-1
18234,2
18235,0
18236,3
18237,1
18238,-1
18239,-1
18240,3
18241,1
18242,-1
18243,-1
18244,-1
18245,-1
18246,-1
18247,-1
18248,-1
18249,-1
18250,-1
18251,-1
18252,1
18253,1
18254,-1
18255,-1
18256,-1
18257,-1
18258,-1
18259,-1
18260,-1
18261,-1
18262,-1
18263,-1
18264,-1
18265,-1
18266,-1
18267,-1
18268,-1
18269,-1
18270,-1
18271,-1
18272,-1
18273,-1
18274,-1
18275,-1
18276,-1
18277,-1
18278,3
18279,2
18280,-1
18281,-1
18282,-1
18283,-1
18284,-1
18285,-1
18286,-1
18287,-1
18288,-1
18289,-1
18290,2
18291,2
18292,-1
18293,-1
18294,-1
18295,-1
18296,-1
18297,-1
18298,2
18299,0
18300,-1
18301,-1
18302,-1
18303,-1
18304,-1
18305,-1
18306,-1
18307,-1
18308,-1
18309,-1
18310,3
18311,1
18312,-1
18313,-1
18314,-1
18315,-1
18316,-1
18317,-1
18318,-1
18319,-1
18320,-1
18321,-1
18322,-1
18323,-1
18324,-1
18325,-1
18326,3
18327,1
18328,-1
18329,-1
18330,-1
18331,-1
18332,-1
18333,-1
18334,-1
18335,-1
18336,-1
18337,-1
18338,-1
18339,-1
18340,3
18341,1
18342,-1
18343,-1
18344,-1
18345,-1
18346,1
18347,0
18348,-1
18349,-1
18350,2
18351,2
18352,-1
18353,-1
18354,-1
18355,-1
18356,-1
18357,-1
18358,2
18359,1
18360,-1
18361,-1
18362,3
18363,1
18364,-1
18365,-1
18366,1
18367,2
18368,-1
18369,-1
18370,-1
18371,-1
18372,-1
18373,-1
18374,1
18375,0
18376,-1
18377,-1
18378,-1
18379,-1
18380,-1
18381,-1
18382,-1
18383,-1
18384,3
18385,1
18386,-1
18387,-1
18388,-1
18389,-1
18390,3
18391,1
18392,-1
18393,-1
18394,-1
18395,-1
18396,-1
18397,-1
18398,-1
18399,-1
18400,-1
18401,-1
18402,-1
18403,-1
18404,-1
18405,-1
18406,-1
18407,-1
18408,-1
18409,-1
18410,-1
18411,-1
18412,1
18413,2
18414,-1
18415,-1
18416,-1
18417,-1
18418,-1
18419,-1
18420,-1
18421,-1
18422,-1
18423,-1
18424,-1
18425,-1
18426,-1
18427,-1
18428,-1
18429,-1
18430,2
18431,1
18432,-1
18433,-1
18434,-1
18435,-1
18436,3
18437,0
18438,-1
18439,-1
18440,-1
18441,-1
18442,-1
18443,-1
18444,-1
18445,-1
18446,2
18447,0
18448,2
18449,0
18450,-1
18451,-1
18452,3
18453,1
18454,-1
18455,-1
18456,1
18457,0
18458,3
18459,0
18460,2
18461,1
18462,-1
18463,-1
18464,-1
18465,-1
18466,-1
18467,-1
18468,-1
18469,-1
18470,-1
18471,-1
18472,-1
18473,-1
18474,-1
18475,-1
18476,-1
18477,-1
18478,-1
18479,-1
18480,-1
18481,-1
18482,-1
18483,-1
18484,-1
18485,-1
18486,-1
18487,-1
18488,-1
18489,-1
18490,-1
18491,-1
18492,-1
18493,-1
18494,-1
18495,-1
18496,-1
18497,-1
18498,1
18499,0
18500,2
18501,1
18502,-1
18503,-1
18504,-1
18505,-1
18506,-1
18507,-1
18508,-1
18509,-1
18510,-1
18511,-1
18512,-1
18513,-1
18514,-1
18515,-1
18516,-1
18517,-1
18518,2
18519,0
18520,-1
18521,-1
18522,-1
18523,-1
18524,-1
18525,-1
18526,-1
18527,-1
18528,-1
18529,-1
18530,-1
18531,-1
18532,-1
18533,-1
18534,-1
18535,-1
18536,-1
18537,-1
18538,-1
18539,-1
18540,-1
18541,-1
18542,3
18543,2
18544,-1
18545,-1
18546,-1
18547,-1
18548,-1
18549,-1
18550,-1
18551,-1
18552,-1
18553,-1
18554,-1
18555,-1
18556,-1
18557,-1
18558,-1
18559,-1
18560,-1
18561,-1
18562,-1
18563,-1
18564,-1
18565,-1
18566,1
18567,1
18568,-1
18569,-1
18570,-1
18571,-1
18572,-1
18573,-1
18574,-1
18575,-1
18576,-1
18577,-1
18578,-1
18579,-1
18580,-1
18581,-1
18582,-1
18583,-1
18584,-1
18585,-1
18586,-1
18587,-1
18588,-1
18589,-1
18590,-1
18591,-1
18592,-1
18593,-1
18594,-1
18595,-1
18596,-1
18597,-1
18598,-1
18599,-1
18600,-1
18601,-1
18602,1
18603,1
18604,-1
18605,-1
18606,2
18607,1
18608,1
18609,1
18610,-1
18611,-1
18612,-1
18613,-1
18614,-1
18615,-1
18616,-1
18617,-1
18618,-1
18619,-1
18620,-1
18621,-1
18622,3
18623,1
18624,-1
18625,-1
18626,-1
18627,-1
18628,1
18629,1
18630,-1
18631,-1
18632,-1
18633,-1
18634,3
18635,0
18636,3
18637,2
18638,-1
18639,-1
18640,1
18641,2
18642,-1
18643,-1
18644,-1
18645,-1
18646,-1
18647,-1
18648,-1
18649,-1
18650,-1
18651,-1
18652,-1
18653,-1
18654,-1
18655,-1
18656,-1
18657,-1
18658,-1
18659,-1
18660,-1
18661,-1
18662,-1
18663,-1
18664,2
18665,1
18666,-1
18667,-1
18668,3
18669,0
18670,-1
18671,-1
18672,-1
18673,-1
18674,-1
18675,-1
18676,-1
18677,-1
18678,-1
18679,-1
18680,-1
18681,-1
18682,-1
18683,-1
18684,-1
18685,-1
18686,-1
18687,-1
18688,-1
18689,-1
18690,-1
18691,-1
18692,-1
18693,-1
18694,-1
18695,-1
18696,-1
18697,-1
18698,-1
18699,-1
18700,-1
18701,-1
18702,-1
18703,-1
18704,-1
18705,-1
18706,-1
18707,-1
18708,-1
18709,-1
18710,3
18711,2
18712,-1
18713,-1
18714,-1
18715,-1
18716,2
18717,2
18718,2
18719,1
18720,-1
18721,-1
18722,-1
18723,-1
18724,-1
18725,-1
18726,1
18727,2
18728,-1
18729,-1
18730,-1
18731,-1
18732,-1
18733,-1
18734,-1
18735,-1
18736,-1
18737,-1
18738,-1
18739,-1
18740,-1
18741,-1
18742,-1
18743,-1
18744,-1
18745,-1
18746,-1
18747,-1
18748,-1
18749,-1
18750,-1
18751,-1
18752,-1
18753,-1
18754,-1
18755,-1
18756,2
18757,0
18758,3
18759,1
18760,1
18761,0
18762,-1
18763,-1
18764,1
18765,2
18766,-1
18767,-1
18768,-1
18769,-1
18770,-1
18771,-1
18772,-1
18773,-1
18774,3
18775,1
18776,-1
18777,-1
18778,-1
18779,-1
18780,1
18781,0
18782,-1
18783,-1
18784,-1
18785,-1
18786,-1
18787,-1
18788,-1
18789,-1
18790,-1
18791,-1
18792,-1
18793,-1
18794,-1
18795,-1
18796,-1
18797,-1
18798,3
18799,0
18800,3
18801,2
18802,-1
18803,-1
18804,2
18805,1
18806,-1
18807,-1
18808,-1
18809,-1
18810,-1
18811,-1
18812,-1
18813,-1
18814,-1
18815,-1
18816,-1
18817,-1
18818,-1
18819,-1
18820,-1
18821,-1
18822,3
18823,1
18824,-1
18825,-1
18826,-1
18827,-1
18828,-1
18829,-1
18830,-1
18831,-1
18832,-1
18833,-1
18834,-1
18835,-1
18836,-1
18837,-1
18838,-1
18839,-1
18840,-1
18841,-1
18842,-1
18843,-1
18844,-1
18845,-1
18846,-1
18847,-1
18848,-1
18849,-1
18850,-1
18851,-1
18852,-1
18853,-1
18854,-1
18855,-1
18856,-1
18857,-1
18858,-1
18859,-1
18860,-1
18861,-1
18862,2
18863,1
18864,-1
18865,-1
18866,-1
18867,-1
18868,-1
18869,-1
18870,-1
18871,-1
18872,-1
18873,-1
18874,-1
18875,-1
18876,-1
18877,-1
18878,-1
18879,-1
18880,-1
18881,-1
18882,-1
18883,-1
18884,-1
18885,-1
18886,-1
18887,-1
18888,-1
18889,-1
18890,-1
18891,-1
18892,-1
18893,-1
18894,-1
18895,-1
18896,-1
18897,-1
18898,2
18899,2
18900,2
18901,1
18902,-1
18903,-1
18904,-1
18905,-1
18906,-1
18907,-1
18908,-1
18909,-1
18910,2
18911,2
18912,-1
18913,-1
18914,-1
18915,-1
18916,-1
18917,-1
18918,-1
18919,-1
18920,-1
18921,-1
18922,-1
18923,-1
18924,-1
18925,-1
18926,-1
18927,-1
18928,-1
18929,-1
18930,-1
18931,-1
18932,-1
18933,-1
18934,-1
18935,-1
18936,-1
18937,-1
18938,-1
18939,-1
18940,-1
18941,-1
18942,3
18943,0
18944,-1
18945,-1
18946,-1
18947,-1
18948,3
18949,0
18950,-1
18951,-1
18952,-1
18953,-1
18954,-1
18955,-1
18956,2
18957,1
18958,-1
18959,-1
18960,-1
18961,-1
18962,2
18963,1
18964,-1
18965,-1
18966,-1
18967,-1
18968,-1
18969,-1
18970,1
18971,0
18972,-1
18973,-1
18974,-1
18975,-1
18976,-1
18977,-1
18978,2
18979,1
18980,-1
18981,-1
18982,-1
18983,-1
18984,-1
18985,-1
18986,-1
18987,-1
18988,-1
18989,-1
18990,-1
18991,-1
18992,-1
18993,-1
18994,2
18995,1
18996,-1
18997,-1
18998,-1
18999,-1
19000,-1
19001,-1
19002,-1
19003,-1
19004,2
19005,0
19006,-1
19007,-1
19008,-1
19009,-1
19010,-1
19011,-1
19012,1
19013,2
19014,-1
19015,-1
19016,-1
19017,-1
19018,-1
19019,-1
19020,-1
19021,-1
19022,-1
19023,-1
19024,-1
19025,-1
19026,-1
19027,-1
19028,-1
19029,-1
19030,-1
19031,-1
19032,-1
19033,-1
19034,-1
19035,-1
19036,3
19037,1
19038,-1
19039,-1
19040,-1
19041,-1
19042,-1
19043,-1
19044,-1
19045,-1
19046,-1
19047,-1
19048,3
19049,0
19050,-1
19051,-1
19052,-1
19053,-1
19054,-1
19055,-1
19056,-1
19057,-1
19058,-1
19059,-1
19060,-1
19061,-1
19062,-1
19063,-1
19064,-1
19065,-1
19066,3
19067,2
19068,-1
19069,-1
19070,-1
19071,-1
19072,-1
19073,-1
19074,-1
19075,-1
19076,-1
19077,-1
19078,-1
19079,-1
19080,-1
19081,-1
19082,1
19083,0
19084,-1
19085,-1
19086,3
19087,0
19088,-1
19089,-1
19090,-1
19091,-1
19092,2
19093,1
19094,-1
19095,-1
19096,-1
19097,-1
19098,-1
19099,-1
19100,-1
19101,-1
19102,-1
19103,-1
19104,-1
19105,-1
19106,-1
19107,-1
19108,-1
19109,-1
19110,-1
19111,-1
19112,-1
19113,-1
19114,-1
19115,-1
19116,-1
19117,-1
19118,-1
19119,-1
19120,1
19121,0
19122,-1
19123,-1
19124,-1
19125,-1
19126,-1
19127,-1
19128,-1
19129,-1
19130,-1
19131,-1
19132,-1
19133,-1
19134,-1
19135,-1
19136,-1
19137,-1
19138,-1
19139,-1
19140,-1
19141,-1
19142,-1
19143,-1
19144,-1
19145,-1
19146,-1
19147,-1
19148,-1
19149,-1
19150,-1
19151,-1
19152,-1
19153,-1
19154,-1
19155,-1
19156,-1
19157,-1
19158,-1
19159,-1
19160,-1
19161,-1
19162,-1
19163,-1
19164,-1
19165,-1
19166,-1
19167,-1
19168,-1
19169,-1
19170,3
19171,2
19172,-1
19173,-1
19174,-1
19175,-1
19176,-1
19177,-1
19178,-1
19179,-1
19180,-1
19181,-1
19182,-1
19183,-1
19184,-1
19185,-1
19186,-1
19187,-1
19188,-1
19189,-1
19190,-1
19191,-1
19192,-1
19193,-1
19194,-1
19195,-1
19196,-1
19197,-1
19198,-1
19199,-1
19200,-1
19201,-1
19202,-1
19203,-1
19204,-1
19205,-1
19206,-1
19207,-1
19208,-1
19209,-1
19210,-1
19211,-1
19212,1
19213,1
19214,1
19215,0
19216,-1
19217,-1
19218,-1
19219,-1
19220,-1
19221,-1
19222,-1
19223,-1
19224,2
19225,2
19226,-1
19227,-1
19228,-1
19229,-1
19230,-1
19231,-1
19232,2
19233,2
19234,-1
19235,-1
19236,-1
19237,-1
19238,-1
19239,-1
19240,2
19241,2
19242,-1
19243,-1
19244,-1
19245,-1
19246,-1
19247,-1
19248,-1
19249,-1
19250,-1
19251,-1
19252,-1
19253,-1
19254,-1
19255,-1
19256,3
19257,1
19258,3
19259,1
19260,3
19261,2
19262,-1
19263,-1
19264,-1
19265,-1
19266,-1
19267,-1
19268,1
19269,0
19270,-1
19271,-1
19272,-1
19273,-1
19274,3
19275,2
19276,-1
19277,-1
19278,1
19279,0
19280,-1
19281,-1
19282,-1
19283,-1
19284,-1
19285,-1
19286,-1
19287,-1
19288,-1
19289,-1
19290,-1
19291,-1
19292,-1
19293,-1
19294,-1
19295,-1
19296,-1
19297,-1
19298,1
19299,1
19300,-1
19301,-1
19302,-1
19303,-1
19304,1
19305,1
19306,-1
19307,-1
19308,-1
19309,-1
19310,-1
19311,-1
19312,-1
19313,-1
19314,-1
19315,-1
19316,-1
19317,-1
19318,-1
19319,-1
19320,-1
19321,-1
19322,-1
19323,-1
19324,-1
19325,-1
19326,3
19327,2
19328,-1
19329,-1
19330,-1
19331,-1
19332,3
19333,1
19334,-1
19335,-1
19336,2
19337,2
19338,1
19339,1
19340,2
19341,1
19342,-1
19343,-1
19344,-1
19345,-1
19346,-1
19347,-1
19348,2
19349,0
19350,-1
19351,-1
19352,-1
19353,-1
19354,-1
19355,-1
19356,-1
19357,-1
19358,-1
19359,-1
19360,-1
19361,-1
19362,-1
19363,-1
19364,-1
19365,-1
19366,3
19367,1
19368,-1
19369,-1
19370,-1
19371,-1
19372,-1
19373,-1
19374,-1
19375,-1
19376,3
19377,2
19378,-1
19379,-1
19380,-1
19381,-1
19382,-1
19383,-1
19384,3
19385,2
19386,-1
19387,-1
19388,1
19389,0
19390,-1
19391,-1
19392,-1
19393,-1
19394,-1
19395,-1
19396,-1
19397,-1
19398,-1
19399,-1
19400,-1
19401,-1
19402,3
19403,2
19404,-1
19405,-1
19406,-1
19407,-1
19408,3
19409,0
19410,-1
19411,-1
19412,3
19413,0
19414,2
19415,2
19416,-1
19417,-1
19418,-1
19419,-1
19420,-1
19421,-1
19422,-1
19423,-1
19424,-1
19425,-1
19426,-1
19427,-1
19428,-1
19429,-1
19430,-1
19431,-1
19432,2
19433,2
19434,-1
19435,-1
19436,-1
19437,-1
19438,-1
19439,-1
19440,-1
19441,-1
19442,-1
19443,-1
19444,-1
19445,-1
19446,-1
19447,-1
19448,1
19449,2
19450,-1
19451,-1
19452,2
19453,2
19454,-1
19455,-1
19456,-1
19457,-1
19458,-1
19459,-1
19460,-1
19461,-1
19462,-1
19463,-1
19464,-1
19465,-1
19466,-1
19467,-1
19468,-1
19469,-1
19470,-1
19471,-1
19472,3
19473,2
19474,-1
19475,-1
19476,-1
19477,-1
19478,-1
19479,-1
19480,-1
19481,-1
19482,-1
19483,-1
19484,-1
19485,-1
19486,-1
19487,-1
19488,-1
19489,-1
19490,-1
19491,-1
19492,-1
19493,-1
19494,-1
19495,-1
19496,-1
19497,-1
19498,3
19499,1
19500,-1
19501,-1
19502,-1
19503,-1
19504,-1
19505,-1
19506,-1
19507,-1
19508,3
19509,2
19510,-1
19511,-1
19512,-1
19513,-1
19514,-1
19515,-1
19516,-1
19517,-1
19518,-1
19519,-1
19520,-1
19521,-1
19522,-1
19523,-1
19524,2
19525,0
19526,-1
19527,-1
19528,-1
19529,-1
19530,-1
19531,-1
19532,-1
19533,-1
19534,-1
19535,-1
19536,-1
19537,-1
19538,-1
19539,-1
19540,3
19541,1
19542,-1
19543,-1
19544,-1
19545,-1
19546,-1
19547,-1
19548,-1
19549,-1
19550,-1
19551,-1
19552,-1
19553,-1
19554,-1
19555,-1
19556,-1
19557,-1
19558,-1
19559,-1
19560,3
19561,1
19562,-1
19563,-1
19564,-1
19565,-1
19566,-1
19567,-1
19568,-1
19569,-1
19570,-1
19571,-1
19572,-1
19573,-1
19574,-1
19575,-1
19576,-1
19577,-1
19578,-1
19579,-1
19580,-1
19581,-1
19582,-1
19583,-1
19584,-1
19585,-1
19586,-1
19587,-1
19588,-1
19589,-1
19590,-1
19591,-1
19592,-1
19593,-1
19594,-1
19595,-1
19596,2
19597,1
19598,1
19599,0
19600,-1
19601,-1
19602,-1
19603,-1
19604,-1
19605,-1
19606,-1
19607,-1
19608,-1
19609,-1
19610,-1
19611,-1
19612,-1
19613,-1
19614,-1
19615,-1
19616,-1
19617,-1
19618,-1
19619,-1
19620,-1
19621,-1
19622,-1
19623,-1
19624,-1
19625,-1
19626,-1
19627,-1
19628,-1
19629,-1
19630,1
19631,0
19632,-1
19633,-1
19634,-1
19635,-1
19636,-1
19637,-1
19638,-1
19639,-1
19640,-1
19641,-1
19642,-1
19643,-1
19644,-1
19645,-1
19646,-1
19647,-1
19648,-1
19649,-1
19650,-1
19651,-1
19652,-1
19653,-1
19654,-1
19655,-1
19656,-1
19657,-1
19658,-1
19659,-1
19660,-1
19661,-1
19662,-1
19663,-1
19664,-1
19665,-1
19666,-1
19667,-1
19668,-1
19669,-1
19670,-1
19671,-1
19672,-1
19673,-1
19674,-1
19675,-1
19676,-1
19677,-1
19678,-1
19679,-1
19680,-1
19681,-1
19682,-1
19683,-1
19684,-1
19685,-1
19686,-1
19687,-1
19688,-1
19689,-1
19690,-1
19691,-1
19692,-1
19693,-1
19694,2
19695,1
19696,-1
19697,-1
19698,-1
19699,-1
19700,-1
19701,-1
19702,-1
19703,-1
19704,-1
19705,-1
19706,-1
19707,-1
19708,-1
19709,-1
19710,-1
19711,-1
19712,-1
19713,-1
19714,-1
19715,-1
19716,-1
19717,-1
19718,-1
19719,-1
19720,-1
19721,-1
19722,-1
19723,-1
19724,-1
19725,-1
19726,-1
19727,-1
19728,-1
19729,-1
19730,-1
19731,-1
19732,-1
19733,-1
19734,-1
19735,-1
19736,-1
19737,-1
19738,-1
19739,-1
19740,-1
19741,-1
19742,-1
19743,-1
19744,-1
19745,-1
19746,-1
19747,-1
19748,-1
19749,-1
19750,-1
19751,-1
19752,-1
19753,-1
19754,-1
19755,-1
19756,2
19757,2
19758,-1
19759,-1
19760,-1
19761,-1
19762,-1
19763,-1
19764,-1
19765,-1
19766,-1
19767,-1
19768,-1
19769,-1
19770,2
19771,2
19772,-1
19773,-1
19774,-1
19775,-1
19776,-1
19777,-1
19778,-1
19779,-1
19780,-1
19781,-1
19782,-1
19783,-1
19784,-1
19785,-1
19786,-1
19787,-1
19788,-1
19789,-1
19790,-1
19791,-1
19792,-1
19793,-1
19794,-1
19795,-1
19796,-1
19797,-1
19798,3
19799,2
19800,-1
19801,-1
19802,-1
19803,-1
19804,-1
19805,-1
19806,-1
19807,-1
19808,-1
19809,-1
19810,-1
19811,-1
19812,-1
19813,-1
19814,-1
19815,-1
19816,-1
19817,-1
19818,-1
19819,-1
19820,-1
19821,-1
19822,-1
19823,-1
19824,-1
19825,-1
19826,-1
19827,-1
19828,3
19829,1
19830,-1
19831,-1
19832,-1
19833,-1
19834,-1
19835,-1
19836,-1
19837,-1
19838,-1
19839,-1
19840,-1
19841,-1
19842,-1
19843,-1
19844,-1
19845,-1
19846,-1
19847,-1
19848,-1
19849,-1
19850,-1
19851,-1
19852,-1
19853,-1
19854,-1
19855,-1
19856,-1
19857,-1
19858,-1
19859,-1
19860,-1
19861,-1
19862,1
19863,1
19864,-1
19865,-1
19866,-1
19867,-1
19868,-1
19869,-1
19870,1
19871,2
19872,-1
19873,-1
19874,-1
19875,-1
19876,-1
19877,-1
19878,3
19879,1
19880,1
19881,2
19882,-1
19883,-1
19884,-1
19885,-1
19886,1
19887,0
19888,-1
19889,-1
19890,-1
19891,-1
19892,-1
19893,-1
19894,-1
19895,-1
19896,-1
19897,-1
19898,-1
19899,-1
19900,-1
19901,-1
19902,1
19903,1
19904,2
19905,0
19906,-1
19907,-1
19908,-1
19909,-1
19910,-1
19911,-1
19912,-1
19913,-1
19914,-1
19915,-1
19916,-1
19917,-1
19918,-1
19919,-1
19920,-1
19921,-1
19922,-1
19923,-1
19924,-1
19925,-1
19926,-1
19927,-1
19928,-1
19929,-1
19930,-1
19931,-1
19932,-1
19933,-1
19934,-1
19935,-1
19936,-1
19937,-1
19938,1
19939,1
19940,-1
19941,-1
19942,-1
19943,-1
19944,-1
19945,-1
19946,-1
19947,-1
19948,-1
19949,-1
19950,-1
19951,-1
19952,1
19953,0
19954,-1
19955,-1
19956,2
19957,0
19958,-1
19959,-1
19960,-1
19961,-1
19962,-1
19963,-1
19964,-1
19965,-1
19966,-1
19967,-1
19968,-1
19969,-1
19970,-1
19971,-1
19972,2
19973,2
19974,-1
19975,-1
19976,-1
19977,-1
19978,-1
19979,-1
19980,2
19981,1
19982,3
19983,2
19984,-1
19985,-1
19986,-1
19987,-1
19988,-1
19989,-1
19990,-1
19991,-1
19992,-1
19993,-1
19994,2
19995,0
19996,3
19997,2
19998,-1
19999,-1
20000,-1
20001,-1
20002,-1
20003,-1
20004,-1
20005,-1
20006,-1
20007,-1
20008,-1
20009,-1
20010,-1
20011,-1
20012,-1
20013,-1
20014,-1
20015,-1
20016,-1
20017,-1
20018,-1
20019,-1
20020,-1
20021,-1
20022,-1
20023,-1
20024,-1
20025,-1
20026,2
20027,0
20028,-1
20029,-1
20030,-1
20031,-1
20032,-1
20033,-1
20034,-1
20035,-1
20036,-1
20037,-1
20038,-1
20039,-1
20040,2
20041,0
20042,-1
20043,-1
20044,-1
20045,-1
20046,-1
20047,-1
20048,2
20049,2
20050,3
20051,0
20052,-1
20053,-1
20054,-1
20055,-1
20056,-1
20057,-1
20058,3
20059,1
20060,-1
20061,-1
20062,-1
20063,-1
20064,1
20065,0
20066,-1
20067,-1
20068,-1
20069,-1
20070,-1
20071,-1
20072,1
20073,2
20074,-1
20075,-1
20076,-1
20077,-1
20078,-1
20079,-1
20080,1
20081,2
20082,-1
20083,-1
20084,-1
20085,-1
20086,-1
20087,-1
20088,-1
20089,-1
20090,-1
20091,-1
20092,-1
20093,-1
20094,-1
20095,-1
20096,-1
20097,-1
20098,-1
20099,-1
20100,-1
20101,-1
20102,-1
20103,-1
20104,-1
20105,-1
20106,-1
20107,-1
20108,-1
20109,-1
20110,-1
20111,-1
20112,-1
20113,-1
20114,2
20115,2
20116,-1
20117,-1
20118,1
20119,1
20120,-1
20121,-1
20122,-1
20123,-1
20124,1
20125,2
20126,-1
20127,-1
20128,-1
20129,-1
20130,-1
20131,-1
20132,-1
20133,-1
20134,-1
20135,-1
20136,1
20137,1
20138,-1
20139,-1
20140,-1
20141,-1
20142,2
20143,1
20144,-1
20145,-1
20146,-1
20147,-1
20148,-1
20149,-1
20150,-1
20151,-1
20152,-1
20153,-1
20154,-1
20155,-1
20156,-1
20157,-1
20158,-1
20159,-1
20160,-1
20161,-1
20162,-1
20163,-1
20164,-1
20165,-1
20166,-1
20167,-1
20168,-1
20169,-1
20170,3
20171,0
20172,-1
20173,-1
20174,-1
20175,-1
20176,-1
20177,-1
20178,-1
20179,-1
20180,-1
20181,-1
20182,-1
20183,-1
20184,-1
20185,-1
20186,-1
20187,-1
20188,-1
20189,-1
20190,-1
20191,-1
20192,-1
20193,-1
20194,-1
20195,-1
20196,-1
20197,-1
20198,-1
20199,-1
20200,-1
20201,-1
20202,-1
20203,-1
20204,-1
20205,-1
20206,-1
20207,-1
20208,-1
20209,-1
20210,-1
20211,-1
20212,1
20213,1
20214,-1
20215,-1
20216,3
20217,2
20218,-1
20219,-1
20220,3
20221,1
20222,1
20223,0
20224,-1
20225,-1
20226,-1
20227,-1
20228,-1
20229,-1
20230,-1
20231,-1
20232,3
20233,2
20234,-1
20235,-1
20236,-1
20237,-1
20238,-1
20239,-1
20240,1
20241,1
20242,3
20243,0
20244,1
20245,1
20246,-1
20247,-1
20248,-1
20249,-1
20250,-1
20251,-1
20252,-1
20253,-1
20254,-1
20255,-1
20256,-1
20257,-1
20258,-1
20259,-1
20260,-1
20261,-1
20262,-1
20263,-1
20264,-1
20265,-1
20266,-1
20267,-1
20268,-1
20269,-1
20270,3
20271,2
20272,-1
20273,-1
20274,-1
20275,-1
20276,-1
20277,-1
20278,-1
20279,-1
20280,-1
20281,-1
20282,-1
20283,-1
20284,-1
20285,-1
20286,-1
20287,-1
20288,-1
20289,-1
20290,-1
20291,-1
20292,-1
20293,-1
20294,-1
20295,-1
20296,-1
20297,-1
20298,3
20299,1
20300,-1
20301,-1
20302,-1
20303,-1
20304,-1
20305,-1
20306,-1
20307,-1
20308,-1
20309,-1
20310,-1
20311,-1
20312,-1
20313,-1
20314,-1
20315,-1
20316,-1
20317,-1
20318,-1
20319,-1
20320,-1
20321,-1
20322,-1
20323,-1
20324,-1
20325,-1
20326,-1
20327,-1
20328,-1
20329,-1
20330,-1
20331,-1
20332,-1
20333,-1
20334,-1
20335,-1
20336,2
20337,0
20338,-1
20339,-1
20340,-1
20341,-1
20342,-1
20343,-1
20344,-1
20345,-1
20346,-1
20347,-1
20348,-1
20349,-1
20350,-1
20351,-1
20352,1
20353,0
20354,1
20355,2
20356,-1
20357,-1
20358,-1
20359,-1
20360,1
20361,0
20362,-1
20363,-1
20364,3
20365,0
20366,1
20367,2
20368,-1
20369,-1
20370,-1
20371,-1
20372,1
20373,1
20374,-1
20375,-1
20376,-1
20377,-1
20378,2
20379,0
20380,-1
20381,-1
20382,-1
20383,-1
20384,-1
20385,-1
20386,-1
20387,-1
20388,-1
20389,-1
20390,-1
20391,-1
20392,-1
20393,-1
20394,-1
20395,-1
20396,-1
20397,-1
20398,-1
20399,-1
20400,-1
20401,-1
20402,3
20403,0
20404,-1
20405,-1
20406,-1
20407,-1
20408,-1
20409,-1
20410,-1
20411,-1
20412,-1
20413,-1
20414,-1
20415,-1
20416,-1
20417,-1
20418,-1
20419,-1
20420,2
20421,0
20422,1
20423,2
20424,-1
20425,-1
20426,-1
20427,-1
20428,-1
20429,-1
20430,-1
20431,-1
20432,-1
20433,-1
20434,-1
20435,-1
20436,-1
20437,-1
20438,-1
20439,-1
20440,3
20441,0
20442,2
20443,0
20444,-1
20445,-1
20446,-1
20447,-1
20448,-1
20449,-1
20450,-1
20451,-1
20452,-1
20453,-1
20454,-1
20455,-1
20456,-1
20457,-1
20458,-1
20459,-1
20460,2
20461,0
20462,-1
20463,-1
20464,-1
20465,-1
20466,-1
20467,-1
20468,-1
20469,-1
20470,-1
20471,-1
20472,-1
20473,-1
20474,2
20475,0
20476,-1
20477,-1
20478,-1
20479,-1
20480,-1
20481,-1
20482,-1
20483,-1
20484,2
20485,2
20486,-1
20487,-1
20488,-1
20489,-1
20490,-1
20491,-1
20492,-1
20493,-1
20494,2
20495,2
20496,-1
20497,-1
20498,2
20499,1
20500,-1
20501,-1
20502,-1
20503,-1
20504,-1
20505,-1
20506,-1
20507,-1
20508,3
20509,0
20510,-1
20511,-1
20512,-1
20513,-1
20514,2
20515,1
20516,-1
20517,-1
20518,-1
20519,-1
20520,-1
20521,-1
20522,-1
20523,-1
20524,-1
20525,-1
20526,-1
20527,-1
20528,-1
20529,-1
20530,-1
20531,-1
20532,-1
20533,-1
20534,-1
20535,-1
20536,-1
20537,-1
20538,-1
20539,-1
20540,3
20541,2
20542,-1
20543,-1
20544,-1
20545,-1
20546,-1
20547,-1
20548,-1
20549,-1
20550,2
20551,1
20552,-1
20553,-1
20554,-1
20555,-1
20556,-1
20557,-1
20558,-1
20559,-1
20560,-1
20561,-1
20562,3
20563,2
20564,-1
20565,-1
20566,-1
20567,-1
20568,-1
20569,-1
20570,-1
20571,-1
20572,-1
20573,-1
20574,-1
20575,-1
20576,3
20577,0
20578,2
20579,1
20580,-1
20581,-1
20582,-1
20583,-1
20584,-1
20585,-1
20586,-1
20587,-1
20588,-1
20589,-1
20590,3
20591,0
20592,-1
20593,-1
20594,2
20595,0
20596,-1
20597,-1
20598,3
20599,0
20600,-1
20601,-1
20602,-1
20603,-1
20604,-1
20605,-1
20606,-1
20607,-1
20608,-1
20609,-1
20610,2
20611,1
20612,1
20613,2
20614,-1
20615,-1
20616,-1
20617,-1
20618,-1
20619,-1
20620,-1
20621,-1
20622,-1
20623,-1
20624,-1
20625,-1
20626,-1
20627,-1
20628,-1
20629,-1
20630,-1
20631,-1
20632,-1
20633,-1
20634,-1
20635,-1
20636,3
20637,2
20638,-1
20639,-1
20640,3
20641,1
20642,-1
20643,-1
20644,-1
20645,-1
20646,2
20647,1
20648,-1
20649,-1
20650,-1
20651,-1
20652,-1
20653,-1
20654,3
20655,2
20656,-1
20657,-1
20658,-1
20659,-1
20660,-1
20661,-1
20662,-1
20663,-1
20664,-1
20665,-1
20666,-1
20667,-1
20668,-1
20669,-1
20670,-1
20671,-1
20672,-1
20673,-1
20674,-1
20675,-1
20676,-1
20677,-1
20678,-1
20679,-1
20680,-1
20681,-1
20682,-1
20683,-1
20684,-1
20685,-1
20686,3
20687,1
20688,3
20689,0
20690,-1
20691,-1
20692,-1
20693,-1
20694,-1
20695,-1
20696,-1
20697,-1
20698,-1
20699,-1
20700,-1
20701,-1
20702,-1
20703,-1
20704,3
20705,0
20706,-1
20707,-1
20708,2
20709,0
20710,-1
20711,-1
20712,-1
20713,-1
20714,-1
20715,-1
20716,-1
20717,-1
20718,-1
20719,-1
20720,-1
20721,-1
20722,-1
20723,-1
20724,3
20725,0
20726,1
20727,2
20728,3
20729,2
20730,-1
20731,-1
20732,-1
20733,-1
20734,2
20735,1
20736,-1
20737,-1
20738,2
20739,0
20740,-1
20741,-1
20742,-1
20743,-1
20744,-1
20745,-1
20746,-1
20747,-1
20748,-1
20749,-1
20750,-1
20751,-1
20752,-1
20753,-1
20754,-1
20755,-1
20756,-1
20757,-1
20758,-1
20759,-1
20760,-1
20761,-1
20762,-1
20763,-1
20764,-1
20765,-1
20766,-1
20767,-1
20768,-1
20769,-1
20770,-1
20771,-1
20772,-1
20773,-1
20774,3
20775,1
20776,-1
20777,-1
20778,-1
20779,-1
20780,-1
20781,-1
20782,-1
20783,-1
20784,-1
20785,-1
20786,-1
20787,-1
20788,-1
20789,-1
20790,-1
20791,-1
20792,-1
20793,-1
20794,-1
20795,-1
20796,-1
20797,-1
20798,-1
20799,-1
20800,-1
20801,-1
20802,-1
20803,-1
20804,-1
20805,-1
20806,-1
20807,-1
20808,-1
20809,-1
20810,-1
20811,-1
20812,-1
20813,-1
20814,-1
20815,-1
20816,-1
20817,-1
20818,-1
20819,-1
20820,-1
20821,-1
20822,-1
20823,-1
20824,2
20825,0
20826,-1
20827,-1
20828,1
20829,0
20830,-1
20831,-1
20832,-1
20833,-1
20834,-1
20835,-1
20836,-1
20837,-1
20838,-1
20839,-1
20840,-1
20841,-1
20842,-1
20843,-1
20844,-1
20845,-1
20846,-1
20847,-1
20848,-1
20849,-1
20850,-1
20851,-1
20852,1
20853,1
20854,-1
20855,-1
20856,1
20857,0
20858,-1
20859,-1
20860,-1
20861,-1
20862,-1
20863,-1
20864,-1
20865,-1
20866,-1
20867,-1
20868,-1
20869,-1
20870,2
20871,1
20872,-1
20873,-1
20874,-1
20875,-1
20876,-1
20877,-1
20878,-1
20879,-1
20880,-1
20881,-1
20882,-1
20883,-1
20884,-1
20885,-1
20886,-1
20887,-1
20888,-1
20889,-1
20890,-1
20891,-1
20892,-1
20893,-1
20894,-1
20895,-1
20896,-1
20897,-1
20898,-1
20899,-1
20900,-1
20901,-1
20902,-1
20903,-1
20904,-1
20905,-1
20906,-1
20907,-1
20908,-1
20909,-1
20910,-1
20911,-1
20912,-1
20913,-1
20914,-1
20915,-1
20916,-1
20917,-1
20918,-1
20919,-1
20920,-1
20921,-1
20922,-1
20923,-1
20924,-1
20925,-1
20926,-1
20927,-1
20928,-1
20929,-1
20930,1
20931,0
20932,-1
20933,-1
20934,-1
20935,-1
20936,-1
20937,-1
20938,-1
20939,-1
20940,-1
20941,-1
20942,-1
20943,-1
20944,-1
20945,-1
20946,-1
20947,-1
20948,-1
20949,-1
20950,-1
20951,-1
20952,-1
20953,-1
20954,-1
20955,-1
20956,-1
20957,-1
20958,2
20959,1
20960,-1
20961,-1
20962,-1
20963,-1
20964,-1
20965,-1
20966,2
20967,0
20968,-1
20969,-1
20970,-1
20971,-1
20972,-1
20973,-1
20974,-1
20975,-1
20976,-1
20977,-1
20978,2
20979,2
20980,-1
20981,-1
20982,-1
20983,-1
20984,-1
20985,-1
20986,-1
20987,-1
20988,-1
20989,-1
20990,-1
20991,-1
20992,-1
20993,-1
20994,-1
20995,-1
20996,-1
20997,-1
20998,1
20999,2
21000,-1
21001,-1
21002,2
21003,1
21004,-1
21005,-1
21006,2
21007,0
21008,-1
21009,-1
21010,-1
21011,-1
21012,-1
21013,-1
21014,-1
21015,-1
21016,-1
21017,-1
21018,-1
21019,-1
21020,-1
21021,-1
21022,-1
21023,-1
21024,-1
21025,-1
21026,-1
21027,-1
21028,-1
21029,-1
21030,-1
21031,-1
21032,-1
21033,-1
21034,-1
21035,-1
21036,-1
21037,-1
21038,-1
21039,-1
21040,-1
21041,-1
21042,2
21043,1
21044,-1
21045,-1
21046,-1
21047,-1
21048,-1
21049,-1
21050,-1
21051,-1
21052,-1
21053,-1
21054,-1
21055,-1
21056,-1
21057,-1
21058,-1
21059,-1
21060,-1
21061,-1
21062,-1
21063,-1
21064,-1
21065,-1
21066,-1
21067,-1
21068,-1
21069,-1
21070,-1
21071,-1
21072,-1
21073,-1
21074,-1
21075,-1
21076,-1
21077,-1
21078,-1
21079,-1
21080,-1
21081,-1
21082,-1
21083,-1
21084,-1
21085,-1
21086,-1
21087,-1
21088,-1
21089,-1
21090,-1
21091,-1
21092,-1
21093,-1
21094,-1
21095,-1
21096,-1
21097,-1
21098,-1
21099,-1
21100,-1
21101,-1
21102,-1
21103,-1
21104,-1
21105,-1
21106,-1
21107,-1
21108,-1
21109,-1
21110,-1
21111,-1
21112,-1
21113,-1
21114,-1
21115,-1
21116,-1
21117,-1
21118,-1
21119,-1
21120,-1
21121,-1
21122,2
21123,2
21124,-1
21125,-1
21126,-1
21127,-1
21128,-1
21129,-1
21130,3
21131,0
21132,1
21133,0
21134,-1
21135,-1
21136,-1
21137,-1
21138,-1
21139,-1
21140,3
21141,0
21142,-1
21143,-1
21144,-1
21145,-1
21146,-1
21147,-1
21148,-1
21149,-1
21150,-1
21151,-1
21152,-1
21153,-1
21154,-1
21155,-1
21156,-1
21157,-1
21158,-1
21159,-1
21160,-1
21161,-1
21162,-1
21163,-1
21164,-1
21165,-1
21166,-1
21167,-1
21168,-1
21169,-1
21170,-1
21171,-1
21172,-1
21173,-1
21174,-1
21175,-1
21176,-1
21177,-1
21178,-1
21179,-1
21180,-1
21181,-1
21182,-1
21183,-1
21184,-1
21185,-1
21186,-1
21187,-1
21188,-1
21189,-1
21190,-1
21191,-1
21192,-1
21193,-1
21194,2
21195,1
21196,2
21197,1
21198,-1
21199,-1
21200,1
21201,1
21202,-1
21203,-1
21204,-1
21205,-1
21206,-1
21207,-1
21208,1
21209,2
21210,-1
21211,-1
21212,-1
21213,-1
21214,3
21215,1
21216,-1
21217,-1
21218,-1
21219,-1
21220,-1
21221,-1
21222,-1
21223,-1
21224,-1
21225,-1
21226,3
21227,0
21228,-1
21229,-1
21230,-1
21231,-1
21232,-1
21233,-1
21234,-1
21235,-1
21236,-1
21237,-1
21238,2
21239,2
21240,-1
21241,-1
21242,-1
21243,-1
21244,-1
21245,-1
21246,-1
21247,-1
21248,-1
21249,-1
21250,3
21251,1
21252,-1
21253,-1
21254,-1
21255,-1
21256,-1
21257,-1
21258,-1
21259,-1
21260,-1
21261,-1
21262,-1
21263,-1
21264,-1
21265,-1
21266,-1
21267,-1
21268,-1
21269,-1
21270,-1
21271,-1
21272,-1
21273,-1
21274,-1
21275,-1
21276,2
21277,1
21278,-1
21279,-1
21280,-1
21281,-1
21282,-1
21283,-1
21284,-1
21285,-1
21286,1
21287,1
21288,2
21289,0
21290,-1
21291,-1
21292,-1
21293,-1
21294,-1
21295,-1
21296,-1
21297,-1
21298,-1
21299,-1
21300,3
21301,2
21302,-1
21303,-1
21304,-1
21305,-1
21306,-1
21307,-1
21308,-1
21309,-1
21310,-1
21311,-1
21312,-1
21313,-1
21314,-1
21315,-1
21316,-1
21317,-1
21318,-1
21319,-1
21320,2
21321,1
21322,-1
21323,-1
21324,-1
21325,-1
21326,-1
21327,-1
21328,-1
21329,-1
21330,-1
21331,-1
21332,-1
21333,-1
21334,3
21335,0
21336,-1
21337,-1
21338,-1
21339,-1
21340,-1
21341,-1
21342,-1
21343,-1
21344,-1
21345,-1
21346,-1
21347,-1
21348,-1
21349,-1
21350,-1
21351,-1
21352,-1
21353,-1
21354,-1
21355,-1
21356,-1
21357,-1
21358,-1
21359,-1
21360,2
21361,0
21362,1
21363,1
21364,-1
21365,-1
21366,-1
21367,-1
21368,-1
21369,-1
21370,-1
21371,-1
21372,-1
21373,-1
21374,-1
21375,-1
21376,1
21377,0
21378,-1
21379,-1
21380,-1
21381,-1
21382,-1
21383,-1
21384,-1
21385,-1
21386,-1
21387,-1
21388,1
21389,1
21390,1
21391,0
21392,3
21393,1
21394,-1
21395,-1
21396,-1
21397,-1
21398,-1
21399,-1
21400,1
21401,2
21402,1
21403,0
21404,-1
21405,-1
21406,-1
21407,-1
21408,1
21409,0
21410,-1
21411,-1
21412,1
21413,0
21414,-1
21415,-1
21416,-1
21417,-1
21418,-1
21419,-1
21420,3
21421,2
21422,-1
21423,-1
21424,-1
21425,-1
21426,-1
21427,-1
21428,-1
21429,-1
21430,-1
21431,-1
21432,-1
21433,-1
21434,-1
21435,-1
21436,-1
21437,-1
21438,-1
21439,-1
21440,-1
21441,-1
21442,-1
21443,-1
21444,2
21445,0
21446,-1
21447,-1
21448,3
21449,1
21450,2
21451,2
21452,-1
21453,-1
21454,-1
21455,-1
21456,-1
21457,-1
21458,-1
21459,-1
21460,-1
21461,-1
21462,-1
21463,-1
21464,-1
21465,-1
21466,-1
21467,-1
21468,3
21469,2
21470,-1
21471,-1
21472,-1
21473,-1
21474,-1
21475,-1
21476,-1
21477,-1
21478,-1
21479,-1
21480,-1
21481,-1
21482,-1
21483,-1
21484,2
21485,2
21486,-1
21487,-1
21488,-1
21489,-1
21490,-1
21491,-1
21492,-1
21493,-1
21494,-1
21495,-1
21496,-1
21497,-1
21498,-1
21499,-1
21500,-1
21501,-1
21502,-1
21503,-1
21504,-1
21505,-1
21506,-1
21507,-1
21508,-1
21509,-1
21510,-1
21511,-1
21512,-1
21513,-1
21514,-1
21515,-1
21516,-1
21517,-1
21518,-1
21519,-1
21520,-1
21521,-1
21522,-1
21523,-1
21524,-1
21525,-1
21526,-1
21527,-1
21528,-1
21529,-1
21530,-1
21531,-1
21532,-1
21533,-1
21534,-1
21535,-1
21536,-1
21537,-1
21538,-1
21539,-1
21540,1
21541,2
21542,-1
21543,-1
21544,-1
21545,-1
21546,1
21547,1
21548,-1
21549,-1
21550,-1
21551,-1
21552,-1
21553,-1
21554,-1
21555,-1
21556,-1
21557,-1
21558,1
21559,2
21560,3
21561,1
21562,3
21563,2
21564,-1
21565,-1
21566,-1
21567,-1
21568,-1
21569,-1
21570,-1
21571,-1
21572,-1
21573,-1
21574,-1
21575,-1
21576,3
21577,2
21578,-1
21579,-1
21580,-1
21581,-1
21582,-1
21583,-1
21584,2
21585,2
21586,-1
21587,-1
21588,3
21589,0
21590,-1
21591,-1
21592,-1
21593,-1
21594,-1
21595,-1
21596,-1
21597,-1
21598,-1
21599,-1
21600,-1
21601,-1
21602,-1
21603,-1
21604,2
21605,2
21606,-1
21607,-1
21608,-1
21609,-1
21610,-1
21611,-1
21612,-1
21613,-1
21614,-1
21615,-1
21616,-1
21617,-1
21618,-1
21619,-1
21620,-1
21621,-1
21622,2
21623,2
21624,-1
21625,-1
21626,-1
21627,-1
21628,-1
21629,-1
21630,-1
21631,-1
21632,-1
21633,-1
21634,-1
21635,-1
21636,-1
21637,-1
21638,-1
21639,-1
21640,-1
21641,-1
21642,-1
21643,-1
21644,-1
21645,-1
21646,-1
21647,-1
21648,-1
21649,-1
21650,-1
21651,-1
21652,-1
21653,-1
21654,-1
21655,-1
21656,-1
21657,-1
21658,-1
21659,-1
21660,-1
21661,-1
21662,-1
21663,-1
21664,-1
21665,-1
21666,-1
21667,-1
21668,-1
21669,-1
21670,-1
21671,-1
21672,-1
21673,-1
21674,-1
21675,-1
21676,-1
21677,-1
21678,-1
21679,-1
21680,2
21681,2
21682,-1
21683,-1
21684,-1
21685,-1
21686,-1
21687,-1
21688,-1
21689,-1
21690,-1
21691,-1
21692,-1
21693,-1
21694,-1
21695,-1
21696,-1
21697,-1
21698,-1
21699,-1
21700,-1
21701,-1
21702,-1
21703,-1
21704,-1
21705,-1
21706,-1
21707,-1
21708,-1
21709,-1
21710,-1
21711,-1
21712,-1
21713,-1
21714,-1
21715,-1
21716,-1
21717,-1
21718,-1
21719,-1
21720,-1
21721,-1
21722,-1
21723,-1
21724,-1
21725,-1
21726,-1
21727,-1
21728,2
21729,1
21730,-1
21731,-1
21732,-1
21733,-1
21734,2
21735,2
21736,3
21737,2
21738,-1
21739,-1
21740,-1
21741,-1
21742,-1
21743,-1
21744,-1
21745,-1
21746,-1
21747,-1
21748,-1
21749,-1
21750,-1
21751,-1
21752,-1
21753,-1
21754,-1
21755,-1
21756,2
21757,1
21758,-1
21759,-1
21760,-1
21761,-1
21762,-1
21763,-1
21764,-1
21765,-1
21766,3
21767,0
21768,2
21769,0
21770,-1
21771,-1
21772,-1
21773,-1
21774,3
21775,0
21776,-1
21777,-1
21778,-1
21779,-1
21780,-1
21781,-1
21782,-1
21783,-1
21784,-1
21785,-1
21786,-1
21787,-1
21788,-1
21789,-1
21790,-1
21791,-1
21792,-1
21793,-1
21794,-1
21795,-1
21796,-1
21797,-1
21798,3
21799,2
21800,-1
21801,-1
21802,-1
21803,-1
21804,-1
21805,-1
21806,-1
21807,-1
21808,-1
21809,-1
21810,-1
21811,-1
21812,-1
21813,-1
21814,-1
21815,-1
21816,-1
21817,-1
21818,-1
21819,-1
21820,-1
21821,-1
21822,-1
21823,-1
21824,-1
21825,-1
21826,-1
21827,-1
21828,-1
21829,-1
21830,1
21831,1
21832,-1
21833,-1
21834,-1
21835,-1
21836,-1
21837,-1
21838,-1
21839,-1
21840,-1
21841,-1
21842,-1
21843,-1
21844,-1
21845,-1
21846,-1
21847,-1
21848,-1
21849,-1
21850,-1
21851,-1
21852,-1
21853,-1
21854,-1
21855,-1
21856,-1
21857,-1
21858,-1
21859,-1
21860,2
21861,2
21862,-1
21863,-1
21864,-1
21865,-1
21866,1
21867,0
21868,-1
21869,-1
21870,-1
21871,-1
21872,-1
21873,-1
21874,-1
21875,-1
21876,-1
21877,-1
21878,-1
21879,-1
21880,-1
21881,-1
21882,-1
21883,-1
21884,-1
21885,-1
21886,-1
21887,-1
21888,-1
21889,-1
21890,-1
21891,-1
21892,-1
21893,-1
21894,-1
21895,-1
21896,-1
21897,-1
21898,-1
21899,-1
21900,2
21901,2
21902,-1
21903,-1
21904,-1
21905,-1
21906,-1
21907,-1
21908,-1
21909,-1
21910,3
21911,1
21912,3
21913,0
21914,-1
21915,-1
21916,-1
21917,-1
21918,-1
21919,-1
21920,-1
21921,-1
21922,-1
21923,-1
21924,3
21925,1
21926,-1
21927,-1
21928,-1
21929,-1
21930,-1
21931,-1
21932,-1
21933,-1
21934,-1
21935,-1
21936,-1
21937,-1
21938,-1
21939,-1
21940,1
21941,1
21942,-1
21943,-1
21944,2
21945,1
21946,-1
21947,-1
21948,-1
21949,-1
21950,3
21951,0
21952,-1
21953,-1
21954,-1
21955,-1
21956,-1
21957,-1
21958,-1
21959,-1
21960,-1
21961,-1
21962,-1
21963,-1
21964,-1
21965,-1
21966,-1
21967,-1
21968,-1
21969,-1
21970,-1
21971,-1
21972,-1
21973,-1
21974,-1
21975,-1
21976,-1
21977,-1
21978,-1
21979,-1
21980,-1
21981,-1
21982,-1
21983,-1
21984,-1
21985,-1
21986,3
21987,0
21988,-1
21989,-1
21990,-1
21991,-1
21992,-1
21993,-1
21994,-1
21995,-1
21996,-1
21997,-1
21998,-1
21999,-1
22000,-1
22001,-1
22002,-1
22003,-1
22004,-1
22005,-1
22006,-1
22007,-1
22008,-1
22009,-1
22010,-1
22011,-1
22012,-1
22013,-1
22014,-1
22015,-1
22016,-1
22017,-1
22018,-1
22019,-1
22020,-1
22021,-1
22022,-1
22023,-1
22024,-1
22025,-1
22026,-1
22027,-1
22028,-1
22029,-1
22030,-1
22031,-1
22032,-1
22033,-1
22034,-1
22035,-1
22036,-1
22037,-1
22038,1
22039,1
22040,2
22041,2
22042,-1
22043,-1
22044,-1
22045,-1
22046,-1
22047,-1
22048,-1
22049,-1
22050,1
22051,0
22052,-1
22053,-1
22054,-1
22055,-1
22056,-1
22057,-1
22058,-1
22059,-1
22060,-1
22061,-1
22062,-1
22063,-1
22064,-1
22065,-1
22066,-1
22067,-1
22068,-1
22069,-1
22070,-1
22071,-1
22072,-1
22073,-1
22074,2
22075,2
22076,-1
22077,-1
22078,-1
22079,-1
22080,-1
22081,-1
22082,-1
22083,-1
22084,-1
22085,-1
22086,-1
22087,-1
22088,1
22089,2
22090,-1
22091,-1
22092,-1
22093,-1
22094,3
22095,1
22096,-1
22097,-1
22098,-1
22099,-1
22100,-1
22101,-1
22102,-1
22103,-1
22104,-1
22105,-1
22106,3
22107,1
22108,3
22109,1
22110,-1
22111,-1
22112,-1
22113,-1
22114,-1
22115,-1
22116,-1
22117,-1
22118,-1
22119,-1
22120,-1
22121,-1
22122,-1
22123,-1
22124,-1
22125,-1
22126,-1
22127,-1
22128,-1
22129,-1
22130,-1
22131,-1
22132,-1
22133,-1
22134,-1
22135,-1
22136,-1
22137,-1
22138,-1
22139,-1
22140,-1
22141,-1
22142,-1
22143,-1
22144,-1
22145,-1
22146,-1
22147,-1
22148,-1
22149,-1
22150,-1
22151,-1
22152,1
22153,1
22154,-1
22155,-1
22156,-1
22157,-1
22158,-1
22159,-1
22160,-1
22161,-1
22162,-1
22163,-1
22164,-1
22165,-1
22166,-1
22167,-1
22168,-1
22169,-1
22170,-1
22171,-1
22172,-1
22173,-1
22174,-1
22175,-1
22176,-1
22177,-1
22178,-1
22179,-1
22180,-1
22181,-1
22182,-1
22183,-1
22184,-1
22185,-1
22186,-1
22187,-1
22188,-1
22189,-1
22190,-1
22191,-1
22192,-1
22193,-1
22194,-1
22195,-1
22196,-1
22197,-1
22198,-1
22199,-1
22200,-1
22201,-1
22202,-1
22203,-1
22204,-1
22205,-1
22206,-1
22207,-1
22208,-1
22209,-1
22210,1
22211,0
22212,-1
22213,-1
22214,-1
22215,-1
22216,-1
22217,-1
22218,-1
22219,-1
22220,-1
22221,-1
22222,-1
22223,-1
22224,-1
22225,-1
22226,-1
22227,-1
22228,-1
22229,-1
22230,-1
22231,-1
22232,-1
22233,-1
22234,-1
22235,-1
22236,3
22237,0
22238,-1
22239,-1
22240,-1
22241,-1
22242,-1
22243,-1
22244,-1
22245,-1
22246,-1
22247,-1
22248,-1
22249,-1
22250,2
22251,2
22252,-1
22253,-1
22254,-1
22255,-1
22256,-1
22257,-1
22258,-1
22259,-1
22260,-1
22261,-1
22262,-1
22263,-1
22264,-1
22265,-1
22266,-1
22267,-1
22268,-1
22269,-1
22270,3
22271,0
22272,1
22273,2
22274,-1
22275,-1
22276,-1
22277,-1
22278,-1
22279,-1
22280,-1
22281,-1
22282,-1
22283,-1
22284,-1
22285,-1
22286,-1
22287,-1
22288,-1
22289,-1
22290,-1
22291,-1
22292,-1
22293,-1
22294,-1
22295,-1
22296,-1
22297,-1
22298,-1
22299,-1
22300,-1
22301,-1
22302,-1
22303,-1
22304,-1
22305,-1
22306,-1
22307,-1
22308,3
22309,1
22310,-1
22311,-1
22312,-1
22313,-1
22314,-1
22315,-1
22316,-1
22317,-1
22318,-1
22319,-1
22320,-1
22321,-1
22322,-1
22323,-1
22324,-1
22325,-1
22326,-1
22327,-1
22328,-1
22329,-1
22330,-1
22331,-1
22332,-1
22333,-1
22334,-1
22335,-1
22336,-1
22337,-1
22338,-1
22339,-1
22340,-1
22341,-1
22342,-1
22343,-1
22344,-1
22345,-1
22346,-1
22347,-1
22348,-1
22349,-1
22350,-1
22351,-1
22352,-1
22353,-1
22354,-1
22355,-1
22356,-1
22357,-1
22358,-1
22359,-1
22360,3
22361,1
22362,-1
22363,-1
22364,-1
22365,-1
22366,-1
22367,-1
22368,-1
22369,-1
22370,-1
22371,-1
22372,-1
22373,-1
22374,-1
22375,-1
22376,-1
22377,-1
22378,-1
22379,-1
22380,2
22381,0
22382,-1
22383,-1
22384,3
22385,2
22386,-1
22387,-1
22388,-1
22389,-1
22390,-1
22391,-1
22392,2
22393,0
22394,-1
22395,-1
22396,-1
22397,-1
22398,-1
22399,-1
22400,-1
22401,-1
22402,-1
22403,-1
22404,-1
22405,-1
22406,-1
22407,-1
22408,1
22409,1
22410,-1
22411,-1
22412,-1
22413,-1
22414,-1
22415,-1
22416,-1
22417,-1
22418,-1
22419,-1
22420,-1
22421,-1
22422,-1
22423,-1
22424,-1
22425,-1
22426,-1
22427,-1
22428,-1
22429,-1
22430,-1
22431,-1
22432,-1
22433,-1
22434,-1
22435,-1
22436,-1
22437,-1
22438,-1
22439,-1
22440,-1
22441,-1
22442,-1
22443,-1
22444,-1
22445,-1
22446,-1
22447,-1
22448,-1
22449,-1
22450,-1
22451,-1
22452,-1
22453,-1
22454,-1
22455,-1
22456,-1
22457,-1
22458,-1
22459,-1
22460,-1
22461,-1
22462,-1
22463,-1
22464,-1
22465,-1
22466,-1
22467,-1
22468,-1
22469,-1
22470,-1
22471,-1
22472,-1
22473,-1
22474,-1
22475,-1
22476,-1
22477,-1
22478,-1
22479,-1
22480,2
22481,2
22482,-1
22483,-1
22484,-1
22485,-1
22486,-1
22487,-1
22488,-1
22489,-1
22490,2
22491,0
22492,-1
22493,-1
22494,-1
22495,-1
22496,-1
22497,-1
22498,-1
22499,-1
22500,3
22501,2
22502,-1
22503,-1
22504,-1
22505,-1
22506,-1
22507,-1
22508,-1
22509,-1
22510,-1
22511,-1
22512,2
22513,2
22514,-1
22515,-1
22516,-1
22517,-1
22518,-1
22519,-1
22520,-1
22521,-1
22522,-1
22523,-1
22524,-1
22525,-1
22526,-1
22527,-1
22528,1
22529,1
22530,-1
22531,-1
22532,1
22533,0
22534,-1
22535,-1
22536,-1
22537,-1
22538,-1
22539,-1
22540,-1
22541,-1
22542,-1
22543,-1
22544,-1
22545,-1
22546,-1
22547,-1
22548,-1
22549,-1
22550,-1
22551,-1
22552,-1
22553,-1
22554,-1
22555,-1
22556,-1
22557,-1
22558,-1
22559,-1
22560,-1
22561,-1
22562,-1
22563,-1
22564,1
22565,0
22566,-1
22567,-1
22568,-1
22569,-1
22570,1
22571,2
22572,-1
22573,-1
22574,-1
22575,-1
22576,1
22577,1
22578,-1
22579,-1
22580,-1
22581,-1
22582,2
22583,0
22584,-1
22585,-1
22586,-1
22587,-1
22588,2
22589,1
22590,-1
22591,-1
22592,-1
22593,-1
22594,-1
22595,-1
22596,2
22597,2
22598,-1
22599,-1
22600,-1
22601,-1
22602,-1
22603,-1
22604,-1
22605,-1
22606,-1
22607,-1
22608,-1
22609,-1
22610,-1
22611,-1
22612,-1
22613,-1
22614,-1
22615,-1
22616,-1
22617,-1
22618,-1
22619,-1
22620,-1
22621,-1
22622,-1
22623,-1
22624,-1
22625,-1
22626,-1
22627,-1
22628,-1
22629,-1
22630,2
22631,0
22632,-1
22633,-1
22634,-1
22635,-1
22636,-1
22637,-1
22638,-1
22639,-1
22640,-1
22641,-1
22642,3
22643,1
22644,-1
22645,-1
22646,-1
22647,-1
22648,-1
22649,-1
22650,-1
22651,-1
22652,-1
22653,-1
22654,-1
22655,-1
22656,-1
22657,-1
22658,-1
22659,-1
22660,-1
22661,-1
22662,-1
22663,-1
22664,-1
22665,-1
22666,-1
22667,-1
22668,3
22669,0
22670,1
22671,0
22672,-1
22673,-1
22674,-1
22675,-1
22676,-1
22677,-1
22678,-1
22679,-1
22680,-1
22681,-1
22682,-1
22683,-1
22684,-1
22685,-1
22686,-1
22687,-1
22688,-1
22689,-1
22690,-1
22691,-1
22692,-1
22693,-1
22694,-1
22695,-1
22696,-1
22697,-1
22698,-1
22699,-1
22700,-1
22701,-1
22702,2
22703,2
22704,-1
22705,-1
22706,-1
22707,-1
22708,-1
22709,-1
22710,-1
22711,-1
22712,-1
22713,-1
22714,-1
22715,-1
22716,-1
22717,-1
22718,-1
22719,-1
22720,-1
22721,-1
22722,-1
22723,-1
22724,-1
22725,-1
22726,-1
22727,-1
22728,-1
22729,-1
22730,-1
22731,-1
22732,-1
22733,-1
22734,-1
22735,-1
22736,-1
22737,-1
22738,-1
22739,-1
22740,2
22741,2
22742,-1
22743,-1
22744,-1
22745,-1
22746,-1
22747,-1
22748,-1
22749,-1
22750,-1
22751,-1
22752,-1
22753,-1
22754,-1
22755,-1
22756,-1
22757,-1
22758,-1
22759,-1
22760,-1
22761,-1
22762,-1
22763,-1
22764,-1
22765,-1
22766,-1
22767,-1
22768,-1
22769,-1
22770,-1
22771,-1
22772,-1
22773,-1
22774,-1
22775,-1
22776,-1
22777,-1
22778,-1
22779,-1
22780,1
22781,2
22782,-1
22783,-1
22784,-1
22785,-1
22786,-1
22787,-1
22788,-1
22789,-1
22790,-1
22791,-1
22792,-1
22793,-1
22794,-1
22795,-1
22796,-1
22797,-1
22798,-1
22799,-1
22800,-1
22801,-1
22802,-1
22803,-1
22804,-1
22805,-1
22806,-1
22807,-1
22808,-1
22809,-1
22810,-1
22811,-1
22812,-1
22813,-1
22814,-1
22815,-1
22816,-1
22817,-1
22818,-1
22819,-1
22820,-1
22821,-1
22822,-1
22823,-1
22824,-1
22825,-1
22826,-1
22827,-1
22828,-1
22829,-1
22830,-1
22831,-1
22832,3
22833,1
22834,-1
22835,-1
22836,-1
22837,-1
22838,-1
22839,-1
22840,-1
22841,-1
22842,-1
22843,-1
22844,-1
22845,-1
22846,-1
22847,-1
22848,-1
22849,-1
22850,-1
22851,-1
22852,-1
22853,-1
22854,3
22855,2
22856,1
22857,0
22858,-1
22859,-1
22860,-1
22861,-1
22862,-1
22863,-1
22864,1
22865,1
22866,-1
22867,-1
22868,-1
22869,-1
22870,2
22871,0
22872,-1
22873,-1
22874,-1
22875,-1
22876,-1
22877,-1
22878,-1
22879,-1
22880,-1
22881,-1
22882,-1
22883,-1
22884,-1
22885,-1
22886,-1
22887,-1
22888,-1
22889,-1
22890,-1
22891,-1
22892,1
22893,1
22894,2
22895,1
22896,-1
22897,-1
22898,-1
22899,-1
22900,-1
22901,-1
22902,-1
22903,-1
22904,1
22905,0
22906,-1
22907,-1
22908,3
22909,1
22910,-1
22911,-1
22912,-1
22913,-1
22914,-1
22915,-1
22916,-1
22917,-1
22918,-1
22919,-1
22920,1
22921,0
22922,-1
22923,-1
22924,2
22925,1
22926,-1
22927,-1
22928,-1
22929,-1
22930,-1
22931,-1
22932,2
22933,2
22934,1
22935,2
22936,-1
22937,-1
22938,-1
22939,-1
22940,-1
22941,-1
22942,-1
22943,-1
22944,-1
22945,-1
22946,-1
22947,-1
22948,2
22949,1
22950,-1
22951,-1
22952,-1
22953,-1
22954,-1
22955,-1
22956,2
22957,2
22958,-1
22959,-1
22960,-1
22961,-1
22962,-1
22963,-1
22964,-1
22965,-1
22966,3
22967,2
22968,-1
22969,-1
22970,2
22971,1
22972,-1
22973,-1
22974,1
22975,1
22976,-1
22977,-1
22978,-1
22979,-1
22980,-1
22981,-1
22982,-1
22983,-1
22984,-1
22985,-1
22986,-1
22987,-1
22988,-1
22989,-1
22990,-1
22991,-1
22992,-1
22993,-1
22994,-1
22995,-1
22996,-1
22997,-1
22998,-1
22999,-1
23000,-1
23001,-1
23002,-1
23003,-1
23004,-1
23005,-1
23006,-1
23007,-1
23008,-1
23009,-1
23010,-1
23011,-1
23012,-1
23013,-1
23014,-1
23015,-1
23016,-1
23017,-1
23018,-1
23019,-1
23020,-1
23021,-1
23022,-1
23023,-1
23024,-1
23025,-1
23026,-1
23027,-1
23028,-1
23029,-1
23030,-1
23031,-1
23032,-1
23033,-1
23034,-1
23035,-1
23036,-1
23037,-1
23038,-1
23039,-1
23040,-1
23041,-1
23042,-1
23043,-1
23044,-1
23045,-1
23046,-1
23047,-1
23048,-1
23049,-1
23050,3
23051,1
23052,-1
23053,-1
23054,-1
23055,-1
23056,1
23057,2
23058,1
23059,2
23060,-1
23061,-1
23062,-1
23063,-1
23064,-1
23065,-1
23066,-1
23067,-1
23068,-1
23069,-1
23070,1
23071,1
23072,-1
23073,-1
23074,1
23075,1
23076,-1
23077,-1
23078,-1
23079,-1
23080,3
23081,0
23082,-1
23083,-1
23084,-1
23085,-1
23086,-1
23087,-1
23088,1
23089,0
23090,-1
23091,-1
23092,-1
23093,-1
23094,3
23095,1
23096,-1
23097,-1
23098,-1
23099,-1
23100,-1
23101,-1
23102,-1
23103,-1
23104,-1
23105,-1
23106,1
23107,0
23108,-1
23109,-1
23110,2
23111,0
23112,-1
23113,-1
23114,-1
23115,-1
23116,1
23117,2
23118,-1
23119,-1
23120,-1
23121,-1
23122,-1
23123,-1
23124,1
23125,1
23126,2
23127,0
23128,-1
23129,-1
23130,-1
23131,-1
23132,-1
23133,-1
23134,-1
23135,-1
23136,-1
23137,-1
23138,3
23139,0
23140,-1
23141,-1
23142,-1
23143,-1
23144,-1
23145,-1
23146,-1
23147,-1
23148,-1
23149,-1
23150,-1
23151,-1
23152,2
23153,2
23154,-1
23155,-1
23156,-1
23157,-1
23158,-1
23159,-1
23160,3
23161,1
23162,-1
23163,-1
23164,-1
23165,-1
23166,-1
23167,-1
23168,-1
23169,-1
23170,-1
23171,-1
23172,-1
23173,-1
23174,-1
23175,-1
23176,-1
23177,-1
23178,-1
23179,-1
23180,2
23181,2
23182,-1
23183,-1
23184,3
23185,1
23186,-1
23187,-1
23188,-1
23189,-1
23190,-1
23191,-1
23192,-1
23193,-1
23194,2
23195,1
23196,-1
23197,-1
23198,-1
23199,-1
23200,-1
23201,-1
23202,-1
23203,-1
23204,-1
23205,-1
23206,-1
23207,-1
23208,-1
23209,-1
23210,-1
23211,-1
23212,-1
23213,-1
23214,-1
23215,-1
23216,-1
23217,-1
23218,3
23219,2
23220,-1
23221,-1
23222,-1
23223,-1
23224,1
23225,1
23226,1
23227,1
23228,-1
23229,-1
23230,-1
23231,-1
23232,-1
23233,-1
23234,1
23235,1
23236,-1
23237,-1
23238,-1
23239,-1
23240,-1
23241,-1
23242,1
23243,1
23244,-1
23245,-1
23246,-1
23247,-1
23248,-1
23249,-1
23250,2
23251,2
23252,-1
23253,-1
23254,1
23255,0
23256,-1
23257,-1
23258,2
23259,0
23260,-1
23261,-1
23262,-1
23263,-1
23264,-1
23265,-1
23266,-1
23267,-1
23268,-1
23269,-1
23270,-1
23271,-1
23272,-1
23273,-1
23274,-1
23275,-1
23276,-1
23277,-1
23278,-1
23279,-1
23280,-1
23281,-1
23282,-1
23283,-1
23284,-1
23285,-1
23286,2
23287,1
23288,-1
23289,-1
23290,-1
23291,-1
23292,1
23293,1
23294,-1
23295,-1
23296,-1
23297,-1
23298,-1
23299,-1
23300,-1
23301,-1
23302,-1
23303,-1
23304,-1
23305,-1
23306,3
23307,1
23308,-1
23309,-1
23310,-1
23311,-1
23312,2
23313,0
23314,-1
23315,-1
23316,-1
23317,-1
23318,-1
23319,-1
23320,3
23321,1
23322,1
23323,2
23324,3
23325,0
23326,-1
23327,-1
23328,1
23329,1
23330,2
23331,2
23332,-1
23333,-1
23334,-1
23335,-1
23336,-1
23337,-1
23338,-1
23339,-1
23340,-1
23341,-1
23342,-1
23343,-1
23344,-1
23345,-1
23346,-1
23347,-1
23348,-1
23349,-1
23350,3
23351,1
23352,-1
23353,-1
23354,1
23355,2
23356,-1
23357,-1
23358,3
23359,2
23360,-1
23361,-1
23362,-1
23363,-1
23364,-1
23365,-1
23366,-1
23367,-1
23368,-1
23369,-1
23370,2
23371,0
23372,-1
23373,-1
23374,2
23375,1
23376,1
23377,0
23378,-1
23379,-1
23380,-1
23381,-1
23382,-1
23383,-1
23384,-1
23385,-1
23386,-1
23387,-1
23388,-1
23389,-1
23390,-1
23391,-1
23392,-1
23393,-1
23394,-1
23395,-1
23396,-1
23397,-1
23398,-1
23399,-1
23400,2
23401,0
23402,1
23403,1
23404,3
23405,0
23406,2
23407,1
23408,-1
23409,-1
23410,-1
23411,-1
23412,-1
23413,-1
23414,-1
23415,-1
23416,1
23417,2
23418,-1
23419,-1
23420,2
23421,2
23422,3
23423,1
23424,-1
23425,-1
23426,-1
23427,-1
23428,-1
23429,-1
23430,-1
23431,-1
23432,-1
23433,-1
23434,-1
23435,-1
23436,2
23437,1
23438,-1
23439,-1
23440,1
23441,0
23442,2
23443,1
23444,-1
23445,-1
23446,3
23447,1
23448,-1
23449,-1
23450,-1
23451,-1
23452,-1
23453,-1
23454,3
23455,0
23456,-1
23457,-1
23458,-1
23459,-1
23460,-1
23461,-1
23462,-1
23463,-1
23464,-1
23465,-1
23466,-1
23467,-1
23468,-1
23469,-1
23470,3
23471,2
23472,-1
23473,-1
23474,-1
23475,-1
23476,2
23477,2
23478,1
23479,2
23480,-1
23481,-1
23482,-1
23483,-1
23484,-1
23485,-1
23486,-1
23487,-1
23488,-1
23489,-1
23490,1
23491,0
23492,3
23493,0
23494,-1
23495,-1
23496,-1
23497,-1
23498,-1
23499,-1
23500,3
23501,1
23502,-1
23503,-1
23504,3
23505,0
23506,-1
23507,-1
23508,-1
23509,-1
23510,-1
23511,-1
23512,-1
23513,-1
23514,1
23515,0
23516,2
23517,2
23518,-1
23519,-1
23520,-1
23521,-1
23522,2
23523,0
23524,-1
23525,-1
23526,-1
23527,-1
23528,-1
23529,-1
23530,-1
23531,-1
23532,-1
23533,-1
23534,-1
23535,-1
23536,-1
23537,-1
23538,-1
23539,-1
23540,-1
23541,-1
23542,-1
23543,-1
23544,-1
23545,-1
23546,-1
23547,-1
23548,-1
23549,-1
23550,-1
23551,-1
23552,-1
23553,-1
23554,-1
23555,-1
23556,-1
23557,-1
23558,-1
23559,-1
23560,-1
23561,-1
23562,-1
23563,-1
23564,-1
23565,-1
23566,3
23567,0
23568,3
23569,1
23570,-1
23571,-1
23572,2
23573,2
23574,-1
23575,-1
23576,-1
23577,-1
23578,-1
23579,-1
23580,-1
23581,-1
23582,2
23583,2
23584,-1
23585,-1
23586,-1
23587,-1
23588,-1
23589,-1
23590,-1
23591,-1
23592,-1
23593,-1
23594,-1
23595,-1
23596,1
23597,2
23598,-1
23599,-1
23600,1
23601,0
23602,1
23603,0
23604,-1
23605,-1
23606,-1
23607,-1
23608,-1
23609,-1
23610,3
23611,2
23612,-1
23613,-1
23614,-1
23615,-1
23616,-1
23617,-1
23618,-1
23619,-1
23620,2
23621,0
23622,-1
23623,-1
23624,-1
23625,-1
23626,-1
23627,-1
23628,-1
23629,-1
23630,-1
23631,-1
23632,-1
23633,-1
23634,-1
23635,-1
23636,-1
23637,-1
23638,-1
23639,-1
23640,-1
23641,-1
23642,-1
23643,-1
23644,-1
23645,-1
23646,-1
23647,-1
23648,2
23649,2
23650,-1
23651,-1
23652,-1
23653,-1
23654,-1
23655,-1
23656,-1
23657,-1
23658,-1
23659,-1
23660,-1
23661,-1
23662,-1
23663,-1
23664,-1
23665,-1
23666,-1
23667,-1
23668,-1
23669,-1
23670,-1
23671,-1
23672,-1
23673,-1
23674,3
23675,0
23676,-1
23677,-1
23678,-1
23679,-1
23680,2
23681,0
23682,-1
23683,-1
23684,-1
23685,-1
23686,2
23687,2
23688,-1
23689,-1
23690,-1
23691,-1
23692,-1
23693,-1
23694,-1
23695,-1
23696,-1
23697,-1
23698,2
23699,1
23700,1
23701,0
23702,-1
23703,-1
23704,1
23705,1
23706,3
23707,0
23708,1
23709,0
23710,-1
23711,-1
23712,2
23713,2
23714,3
23715,2
23716,1
23717,1
23718,-1
23719,-1
23720,-1
23721,-1
23722,-1
23723,-1
23724,-1
23725,-1
23726,-1
23727,-1
23728,-1
23729,-1
23730,-1
23731,-1
23732,-1
23733,-1
23734,-1
23735,-1
23736,-1
23737,-1
23738,-1
23739,-1
23740,-1
23741,-1
23742,1
23743,0
23744,-1
23745,-1
23746,1
23747,0
23748,-1
23749,-1
23750,-1
23751,-1
23752,2
23753,1
23754,-1
23755,-1
23756,-1
23757,-1
23758,-1
23759,-1
23760,-1
23761,-1
23762,-1
23763,-1
23764,-1
23765,-1
23766,-1
23767,-1
23768,2
23769,2
23770,-1
23771,-1
23772,2
23773,1
23774,-1
23775,-1
23776,3
23777,1
23778,-1
23779,-1
23780,-1
23781,-1
23782,2
23783,0
23784,-1
23785,-1
23786,-1
23787,-1
23788,2
23789,1
23790,-1
23791,-1
23792,3
23793,1
23794,2
23795,1
23796,-1
23797,-1
23798,-1
23799,-1
23800,-1
23801,-1
23802,-1
23803,-1
23804,-1
23805,-1
23806,-1
23807,-1
23808,-1
23809,-1
23810,-1
23811,-1
23812,-1
23813,-1
23814,1
23815,0
23816,-1
23817,-1
23818,-1
23819,-1
23820,-1
23821,-1
23822,-1
23823,-1
23824,-1
23825,-1
23826,2
23827,0
23828,-1
23829,-1
23830,-1
23831,-1
23832,-1
23833,-1
23834,3
23835,1
23836,-1
23837,-1
23838,3
23839,0
23840,-1
23841,-1
23842,-1
23843,-1
23844,-1
23845,-1
23846,-1
23847,-1
23848,-1
23849,-1
23850,1
23851,1
23852,-1
23853,-1
23854,-1
23855,-1
23856,-1
23857,-1
23858,-1
23859,-1
23860,-1
23861,-1
23862,-1
23863,-1
23864,3
23865,0
23866,-1
23867,-1
23868,-1
23869,-1
23870,3
23871,0
23872,-1
23873,-1
23874,-1
23875,-1
23876,-1
23877,-1
23878,-1
23879,-1
23880,-1
23881,-1
23882,-1
23883,-1
23884,-1
23885,-1
23886,1
23887,0
23888,-1
23889,-1
23890,-1
23891,-1
23892,-1
23893,-1
23894,-1
23895,-1
23896,-1
23897,-1
23898,-1
23899,-1
23900,-1
23901,-1
23902,-1
23903,-1
23904,-1
23905,-1
23906,-1
23907,-1
23908,-1
23909,-1
23910,-1
23911,-1
23912,-1
23913,-1
23914,-1
23915,-1
23916,-1
23917,-1
23918,-1
23919,-1
23920,-1
23921,-1
23922,3
23923,0
23924,-1
23925,-1
23926,-1
23927,-1
23928,-1
23929,-1
23930,-1
23931,-1
23932,2
23933,1
23934,-1
23935,-1
23936,-1
23937,-1
23938,-1
23939,-1
23940,-1
23941,-1
23942,-1
23943,-1
23944,2
23945,1
23946,-1
23947,-1
23948,-1
23949,-1
23950,-1
23951,-1
23952,-1
23953,-1
23954,-1
23955,-1
23956,-1
23957,-1
23958,-1
23959,-1
23960,-1
23961,-1
23962,-1
23963,-1
23964,-1
23965,-1
23966,-1
23967,-1
23968,1
23969,1
23970,-1
23971,-1
23972,-1
23973,-1
23974,-1
23975,-1
23976,-1
23977,-1
23978,-1
23979,-1
23980,-1
23981,-1
23982,-1
23983,-1
23984,-1
23985,-1
23986,-1
23987,-1
23988,-1
23989,-1
23990,-1
23991,-1
23992,-1
23993,-1
23994,1
23995,2
23996,-1
23997,-1
23998,-1
23999,-1
24000,-1
24001,-1
24002,-1
24003,-1
24004,-1
24005,-1
24006,-1
24007,-1
24008,-1
24009,-1
24010,1
24011,2
24012,-1
24013,-1
24014,-1
24015,-1
24016,1
24017,2
24018,-1
24019,-1
24020,-1
24021,-1
24022,-1
24023,-1
24024,-1
24025,-1
24026,-1
24027,-1
24028,-1
24029,-1
24030,3
24031,0
24032,-1
24033,-1
24034,-1
24035,-1
24036,-1
24037,-1
24038,-1
24039,-1
24040,-1
24041,-1
24042,-1
24043,-1
24044,-1
24045,-1
24046,-1
24047,-1
24048,-1
24049,-1
24050,-1
24051,-1
24052,1
24053,2
24054,-1
24055,-1
24056,2
24057,2
24058,-1
24059,-1
24060,-1
24061,-1
24062,-1
24063,-1
24064,-1
24065,-1
24066,2
24067,1
24068,-1
24069,-1
24070,-1
24071,-1
24072,-1
24073,-1
24074,1
24075,0
24076,-1
24077,-1
24078,-1
24079,-1
24080,2
24081,2
24082,1
24083,2
24084,-1
24085,-1
24086,1
24087,1
24088,3
24089,1
24090,-1
24091,-1
24092,-1
24093,-1
24094,-1
24095,-1
24096,-1
24097,-1
24098,-1
24099,-1
24100,-1
24101,-1
24102,-1
24103,-1
24104,-1
24105,-1
24106,-1
24107,-1
24108,-1
24109,-1
24110,-1
24111,-1
24112,-1
24113,-1
24114,-1
24115,-1
24116,-1
24117,-1
24118,-1
24119,-1
24120,1
24121,0
24122,-1
24123,-1
24124,-1
24125,-1
24126,2
24127,0
24128,-1
24129,-1
24130,-1
24131,-1
24132,-1
24133,-1
24134,3
24135,2
24136,-1
24137,-1
24138,1
24139,2
24140,-1
24141,-1
24142,2
24143,0
24144,-1
24145,-1
24146,-1
24147,-1
24148,2
24149,2
24150,1
24151,0
24152,-1
24153,-1
24154,-1
24155,-1
24156,-1
24157,-1
24158,-1
24159,-1
24160,1
24161,0
24162,-1
24163,-1
24164,-1
24165,-1
24166,3
24167,2
24168,-1
24169,-1
24170,-1
24171,-1
24172,-1
24173,-1
24174,1
24175,1
24176,-1
24177,-1
24178,-1
24179,-1
24180,-1
24181,-1
24182,-1
24183,-1
24184,-1
24185,-1
24186,-1
24187,-1
24188,-1
24189,-1
24190,-1
24191,-1
24192,-1
24193,-1
24194,-1
24195,-1
24196,-1
24197,-1
24198,-1
24199,-1
24200,-1
24201,-1
24202,-1
24203,-1
24204,-1
24205,-1
24206,-1
24207,-1
24208,-1
24209,-1
24210,-1
24211,-1
24212,-1
24213,-1
24214,-1
24215,-1
24216,-1
24217,-1
24218,-1
24219,-1
24220,-1
24221,-1
24222,-1
24223,-1
24224,-1
24225,-1
24226,-1
24227,-1
24228,-1
24229,-1
24230,1
24231,0
24232,-1
24233,-1
24234,-1
24235,-1
24236,3
24237,0
24238,-1
24239,-1
24240,-1
24241,-1
24242,-1
24243,-1
24244,-1
24245,-1
24246,2
24247,1
24248,3
24249,1
24250,1
24251,2
24252,-1
24253,-1
24254,-1
24255,-1
24256,2
24257,0
24258,-1
24259,-1
24260,2
24261,2
24262,-1
24263,-1
24264,-1
24265,-1
24266,3
24267,2
24268,1
24269,0
24270,-1
24271,-1
24272,-1
24273,-1
24274,-1
24275,-1
24276,-1
24277,-1
24278,-1
24279,-1
24280,-1
24281,-1
24282,-1
24283,-1
24284,-1
24285,-1
24286,-1
24287,-1
24288,-1
24289,-1
24290,-1
24291,-1
24292,-1
24293,-1
24294,-1
24295,-1
24296,-1
24297,-1
24298,-1
24299,-1
24300,1
24301,0
24302,-1
24303,-1
24304,3
24305,1
24306,3
24307,1
24308,-1
24309,-1
24310,-1
24311,-1
24312,-1
24313,-1
24314,-1
24315,-1
24316,-1
24317,-1
24318,-1
24319,-1
24320,-1
24321,-1
24322,2
24323,0
24324,-1
24325,-1
24326,3
24327,1
24328,-1
24329,-1
24330,-1
24331,-1
24332,-1
24333,-1
24334,-1
24335,-1
24336,-1
24337,-1
24338,-1
24339,-1
24340,3
24341,2
24342,1
24343,0
24344,-1
24345,-1
24346,3
24347,0
24348,-1
24349,-1
24350,-1
24351,-1
24352,2
24353,1
24354,-1
24355,-1
24356,-1
24357,-1
24358,3
24359,0
24360,-1
24361,-1
24362,-1
24363,-1
24364,-1
24365,-1
24366,-1
24367,-1
24368,-1
24369,-1
24370,-1
24371,-1
24372,2
24373,0
24374,-1
24375,-1
24376,-1
24377,-1
24378,-1
24379,-1
24380,-1
24381,-1
24382,-1
24383,-1
24384,-1
24385,-1
24386,-1
24387,-1
24388,-1
24389,-1
24390,-1
24391,-1
24392,-1
24393,-1
24394,-1
24395,-1
24396,-1
24397,-1
24398,-1
24399,-1
24400,-1
24401,-1
24402,-1
24403,-1
24404,-1
24405,-1
24406,-1
24407,-1
24408,-1
24409,-1
24410,1
24411,1
24412,-1
24413,-1
24414,-1
24415,-1
24416,-1
24417,-1
24418,-1
24419,-1
24420,-1
24421,-1
24422,-1
24423,-1
24424,-1
24425,-1
24426,-1
24427,-1
24428,-1
24429,-1
24430,-1
24431,-1
24432,-1
24433,-1
24434,3
24435,1
24436,-1
24437,-1
24438,2
24439,0
24440,-1
24441,-1
24442,2
24443,1
24444,-1
24445,-1
24446,-1
24447,-1
24448,2
24449,1
24450,-1
24451,-1
24452,-1
24453,-1
24454,-1
24455,-1
24456,2
24457,2
24458,-1
24459,-1
24460,-1
24461,-1
24462,-1
24463,-1
24464,-1
24465,-1
24466,-1
24467,-1
24468,1
24469,1
24470,-1
24471,-1
24472,-1
24473,-1
24474,3
24475,2
24476,-1
24477,-1
24478,1
24479,1
24480,-1
24481,-1
24482,-1
24483,-1
24484,3
24485,1
24486,-1
24487,-1
24488,-1
24489,-1
24490,-1
24491,-1
24492,-1
24493,-1
24494,-1
24495,-1
24496,-1
24497,-1
24498,-1
24499,-1
24500,-1
24501,-1
24502,1
24503,1
24504,-1
24505,-1
24506,-1
24507,-1
24508,-1
24509,-1
24510,-1
24511,-1
24512,-1
24513,-1
24514,-1
24515,-1
24516,3
24517,0
24518,2
24519,2
24520,2
24521,1
24522,-1
24523,-1
24524,1
24525,0
24526,-1
24527,-1
24528,-1
24529,-1
24530,-1
24531,-1
24532,-1
24533,-1
24534,-1
24535,-1
24536,-1
24537,-1
24538,-1
24539,-1
24540,-1
24541,-1
24542,-1
24543,-1
24544,-1
24545,-1
24546,-1
24547,-1
24548,-1
24549,-1
24550,-1
24551,-1
24552,-1
24553,-1
24554,-1
24555,-1
24556,-1
24557,-1
24558,-1
24559,-1
24560,-1
24561,-1
24562,-1
24563,-1
24564,-1
24565,-1
24566,-1
24567,-1
24568,-1
24569,-1
24570,-1
24571,-1
24572,-1
24573,-1
24574,-1
24575,-1
24576,2
24577,2
24578,-1
24579,-1
24580,-1
24581,-1
24582,-1
24583,-1
24584,-1
24585,-1
24586,-1
24587,-1
24588,-1
24589,-1
24590,-1
24591,-1
24592,-1
24593,-1
24594,-1
24595,-1
24596,-1
24597,-1
24598,-1
24599,-1
24600,-1
24601,-1
24602,-1
24603,-1
24604,1
24605,2
24606,-1
24607,-1
24608,-1
24609,-1
24610,2
24611,2
24612,-1
24613,-1
24614,-1
24615,-1
24616,-1
24617,-1
24618,-1
24619,-1
24620,1
24621,1
24622,-1
24623,-1
24624,-1
24625,-1
24626,-1
24627,-1
24628,-1
24629,-1
24630,-1
24631,-1
24632,1
24633,2
24634,1
24635,2
24636,-1
24637,-1
24638,-1
24639,-1
24640,-1
24641,-1
24642,-1
24643,-1
24644,-1
24645,-1
24646,-1
24647,-1
24648,-1
24649,-1
24650,-1
24651,-1
24652,-1
24653,-1
24654,2
24655,1
24656,-1
24657,-1
24658,-1
24659,-1
24660,-1
24661,-1
24662,-1
24663,-1
24664,-1
24665,-1
24666,-1
24667,-1
24668,2
24669,2
24670,-1
24671,-1
24672,-1
24673,-1
24674,-1
24675,-1
24676,-1
24677,-1
24678,-1
24679,-1
24680,-1
24681,-1
24682,1
24683,2
24684,-1
24685,-1
24686,-1
24687,-1
24688,-1
24689,-1
24690,3
24691,0
24692,-1
24693,-1
24694,-1
24695,-1
24696,-1
24697,-1
24698,-1
24699,-1
24700,-1
24701,-1
24702,2
24703,1
24704,2
24705,1
24706,-1
24707,-1
24708,1
24709,2
24710,-1
24711,-1
24712,1
24713,0
24714,-1
24715,-1
24716,-1
24717,-1
24718,-1
24719,-1
24720,-1
24721,-1
24722,-1
24723,-1
24724,-1
24725,-1
24726,-1
24727,-1
24728,-1
24729,-1
24730,-1
24731,-1
24732,-1
24733,-1
24734,3
24735,2
24736,1
24737,2
24738,-1
24739,-1
24740,2
24741,2
24742,2
24743,1
24744,-1
24745,-1
24746,-1
24747,-1
24748,-1
24749,-1
24750,3
24751,2
24752,-1
24753,-1
24754,-1
24755,-1
24756,3
24757,1
24758,-1
24759,-1
24760,-1
24761,-1
24762,-1
24763,-1
24764,-1
24765,-1
24766,-1
24767,-1
24768,-1
24769,-1
24770,-1
24771,-1
24772,1
24773,1
24774,-1
24775,-1
24776,-1
24777,-1
24778,-1
24779,-1
24780,-1
24781,-1
24782,-1
24783,-1
24784,1
24785,2
24786,-1
24787,-1
24788,-1
24789,-1
24790,-1
24791,-1
24792,-1
24793,-1
24794,1
24795,1
24796,-1
24797,-1
24798,1
24799,0
24800,-1
24801,-1
24802,-1
24803,-1
24804,2
24805,0
24806,1
24807,1
24808,-1
24809,-1
24810,-1
24811,-1
24812,2
24813,1
24814,-1
24815,-1
24816,2
24817,0
24818,1
24819,0
24820,-1
24821,-1
24822,-1
24823,-1
24824,3
24825,0
24826,-1
24827,-1
24828,-1
24829,-1
24830,-1
24831,-1
24832,2
24833,1
24834,-1
24835,-1
24836,-1
24837,-1
24838,-1
24839,-1
24840,-1
24841,-1
24842,-1
24843,-1
24844,2
24845,2
24846,-1
24847,-1
24848,-1
24849,-1
24850,-1
24851,-1
24852,-1
24853,-1
24854,-1
24855,-1
24856,-1
24857,-1
24858,-1
24859,-1
24860,-1
24861,-1
24862,2
24863,1
24864,-1
24865,-1
24866,2
24867,2
24868,-1
24869,-1
24870,-1
24871,-1
24872,-1
24873,-1
24874,-1
24875,-1
24876,2
24877,1
24878,-1
24879,-1
24880,-1
24881,-1
24882,-1
24883,-1
24884,-1
24885,-1
24886,-1
24887,-1
24888,-1
24889,-1
24890,2
24891,1
24892,-1
24893,-1
24894,-1
24895,-1
24896,-1
24897,-1
24898,1
24899,0
24900,-1
24901,-1
24902,-1
24903,-1
24904,-1
24905,-1
24906,-1
24907,-1
24908,-1
24909,-1
24910,-1
24911,-1
24912,-1
24913,-1
24914,-1
24915,-1
24916,-1
24917,-1
24918,-1
24919,-1
24920,-1
24921,-1
24922,1
24923,2
24924,3
24925,2
24926,1
24927,0
24928,-1
24929,-1
24930,3
24931,2
24932,-1
24933,-1
24934,2
24935,1
24936,-1
24937,-1
24938,-1
24939,-1
24940,1
24941,0
24942,-1
24943,-1
24944,1
24945,0
24946,1
24947,2
24948,3
24949,0
24950,-1
24951,-1
24952,1
24953,1
24954,3
24955,1
24956,-1
24957,-1
24958,-1
24959,-1
24960,-1
24961,-1
24962,-1
24963,-1
24964,-1
24965,-1
24966,-1
24967,-1
24968,3
24969,1
24970,1
24971,2
24972,-1
24973,-1
24974,-1
24975,-1
24976,3
24977,0
24978,-1
24979,-1
24980,1
24981,2
24982,3
24983,0
24984,-1
24985,-1
24986,-1
24987,-1
24988,-1
24989,-1
24990,-1
24991,-1
24992,-1
24993,-1
24994,-1
24995,-1
24996,-1
24997,-1
24998,-1
24999,-1
25000,2
25001,2
25002,-1
25003,-1
25004,-1
25005,-1
25006,1
25007,1
25008,-1
25009,-1
25010,-1
25011,-1
25012,2
25013,1
25014,-1
25015,-1
25016,-1
25017,-1
25018,-1
25019,-1
25020,-1
25021,-1
25022,-1
25023,-1
25024,2
25025,1
25026,-1
25027,-1
25028,-1
25029,-1
25030,-1
25031,-1
25032,-1
25033,-1
25034,-1
25035,-1
25036,3
25037,0
25038,1
25039,0
25040,-1
25041,-1
25042,-1
25043,-1
25044,-1
25045,-1
25046,2
25047,2
25048,-1
25049,-1
25050,1
25051,0
25052,-1
25053,-1
25054,1
25055,2
25056,3
25057,1
25058,-1
25059,-1
25060,-1
25061,-1
25062,-1
25063,-1
25064,2
25065,2
25066,2
25067,1
25068,-1
25069,-1
25070,-1
25071,-1
25072,-1
25073,-1
25074,2
25075,1
25076,-1
25077,-1
25078,3
25079,1
25080,-1
25081,-1
25082,3
25083,1
25084,-1
25085,-1
25086,-1
25087,-1
25088,-1
25089,-1
25090,-1
25091,-1
25092,-1
25093,-1
25094,-1
25095,-1
25096,-1
25097,-1
25098,1
25099,1
25100,-1
25101,-1
25102,-1
25103,-1
25104,2
25105,0
25106,-1
25107,-1
25108,-1
25109,-1
25110,-1
25111,-1
25112,1
25113,2
25114,-1
25115,-1
25116,-1
25117,-1
25118,-1
25119,-1
25120,1
25121,0
25122,1
25123,2
25124,-1
25125,-1
25126,2
25127,2
25128,-1
25129,-1
25130,3
25131,0
25132,-1
25133,-1
25134,-1
25135,-1
25136,-1
25137,-1
25138,-1
25139,-1
25140,-1
25141,-1
25142,-1
25143,-1
25144,-1
25145,-1
25146,-1
25147,-1
25148,-1
25149,-1
25150,-1
25151,-1
25152,-1
25153,-1
25154,3
25155,2
25156,-1
25157,-1
25158,-1
25159,-1
25160,2
25161,0
25162,-1
25163,-1
25164,3
25165,0
25166,-1
25167,-1
25168,-1
25169,-1
25170,1
25171,0
25172,1
25173,1
25174,-1
25175,-1
25176,-1
25177,-1
25178,2
25179,1
25180,-1
25181,-1
25182,-1
25183,-1
25184,-1
25185,-1
25186,3
25187,0
25188,1
25189,2
25190,-1
25191,-1
25192,-1
25193,-1
25194,-1
25195,-1
25196,-1
25197,-1
25198,-1
25199,-1
25200,3
25201,2
25202,-1
25203,-1
25204,3
25205,2
25206,1
25207,0
25208,2
25209,0
25210,-1
25211,-1
25212,3
25213,1
25214,-1
25215,-1
25216,2
25217,1
25218,-1
25219,-1
25220,3
25221,0
25222,-1
25223,-1
25224,-1
25225,-1
25226,1
25227,0
25228,-1
25229,-1
25230,2
25231,1
25232,-1
25233,-1
25234,1
25235,0
25236,2
25237,2
25238,-1
25239,-1
25240,-1
25241,-1
25242,-1
25243,-1
25244,1
25245,2
25246,-1
25247,-1
25248,-1
25249,-1
25250,-1
25251,-1
25252,-1
25253,-1
25254,-1
25255,-1
25256,-1
25257,-1
25258,2
25259,0
25260,-1
25261,-1
25262,-1
25263,-1
25264,2
25265,1
25266,-1
25267,-1
25268,-1
25269,-1
25270,-1
25271,-1
25272,-1
25273,-1
25274,-1
25275,-1
25276,-1
25277,-1
25278,-1
25279,-1
25280,-1
25281,-1
25282,-1
25283,-1
25284,3
25285,0
25286,-1
25287,-1
25288,-1
25289,-1
25290,-1
25291,-1
25292,-1
25293,-1
25294,-1
25295,-1
25296,-1
25297,-1
25298,-1
25299,-1
25300,-1
25301,-1
25302,-1
25303,-1
25304,1
25305,0
25306,-1
25307,-1
25308,-1
25309,-1
25310,-1
25311,-1
25312,-1
25313,-1
25314,-1
25315,-1
25316,-1
25317,-1
25318,-1
25319,-1
25320,-1
25321,-1
25322,-1
25323,-1
25324,-1
25325,-1
25326,-1
25327,-1
25328,-1
25329,-1
25330,-1
25331,-1
25332,-1
25333,-1
25334,-1
25335,-1
25336,-1
25337,-1
25338,2
25339,1
25340,-1
25341,-1
25342,-1
25343,-1
25344,1
25345,0
25346,-1
25347,-1
25348,-1
25349,-1
25350,-1
25351,-1
25352,-1
25353,-1
25354,1
25355,0
25356,-1
25357,-1
25358,-1
25359,-1
25360,-1
25361,-1
25362,1
25363,2
25364,-1
25365,-1
25366,-1
25367,-1
25368,3
25369,0
25370,-1
25371,-1
25372,-1
25373,-1
25374,3
25375,2
25376,-1
25377,-1
25378,-1
25379,-1
25380,3
25381,0
25382,-1
25383,-1
25384,-1
25385,-1
25386,-1
25387,-1
25388,-1
25389,-1
25390,-1
25391,-1
25392,-1
25393,-1
25394,-1
25395,-1
25396,3
25397,2
25398,3
25399,2
25400,-1
25401,-1
25402,3
25403,0
25404,-1
25405,-1
25406,-1
25407,-1
25408,1
25409,1
25410,-1
25411,-1
25412,-1
25413,-1
25414,-1
25415,-1
25416,-1
25417,-1
25418,-1
25419,-1
25420,2
25421,2
25422,-1
25423,-1
25424,-1
25425,-1
25426,-1
25427,-1
25428,3
25429,2
25430,-1
25431,-1
25432,-1
25433,-1
25434,1
25435,2
25436,-1
25437,-1
25438,2
25439,0
25440,1
25441,2
25442,3
25443,0
25444,-1
25445,-1
25446,-1
25447,-1
25448,1
25449,2
25450,-1
25451,-1
25452,1
25453,0
25454,1
25455,2
25456,-1
25457,-1
25458,-1
25459,-1
25460,2
25461,2
25462,-1
25463,-1
25464,-1
25465,-1
25466,-1
25467,-1
25468,-1
25469,-1
25470,1
25471,0
25472,-1
25473,-1
25474,1
25475,0
25476,-1
25477,-1
25478,-1
25479,-1
25480,-1
25481,-1
25482,-1
25483,-1
25484,-1
25485,-1
25486,-1
25487,-1
25488,-1
25489,-1
25490,-1
25491,-1
25492,-1
25493,-1
25494,-1
25495,-1
25496,3
25497,1
25498,-1
25499,-1
25500,-1
25501,-1
25502,-1
25503,-1
25504,2
25505,0
25506,2
25507,0
25508,-1
25509,-1
25510,-1
25511,-1
25512,-1
25513,-1
25514,1
25515,0
25516,-1
25517,-1
25518,-1
25519,-1
25520,-1
25521,-1
25522,2
25523,2
25524,-1
25525,-1
25526,-1
25527,-1
25528,1
25529,1
25530,-1
25531,-1
25532,3
25533,0
25534,-1
25535,-1
25536,2
25537,0
25538,-1
25539,-1
25540,-1
25541,-1
25542,-1
25543,-1
25544,-1
25545,-1
25546,-1
25547,-1
25548,1
25549,2
25550,1
25551,1
25552,1
25553,0
25554,1
25555,2
25556,-1
25557,-1
25558,-1
25559,-1
25560,-1
25561,-1
25562,-1
25563,-1
25564,1
25565,0
25566,-1
25567,-1
25568,-1
25569,-1
25570,-1
25571,-1
25572,2
25573,0
25574,-1
25575,-1
25576,-1
25577,-1
25578,1
25579,1
25580,-1
25581,-1
25582,-1
25583,-1
25584,-1
25585,-1
25586,-1
25587,-1
25588,-1
25589,-1
25590,-1
25591,-1
25592,-1
25593,-1
25594,-1
25595,-1
25596,-1
25597,-1
25598,1
25599,1
25600,3
25601,0
25602,-1
25603,-1
25604,1
25605,2
25606,-1
25607,-1
25608,-1
25609,-1
25610,-1
25611,-1
25612,-1
25613,-1
25614,2
25615,2
25616,-1
25617,-1
25618,-1
25619,-1
25620,1
25621,0
25622,-1
25623,-1
25624,-1
25625,-1
25626,-1
25627,-1
25628,-1
25629,-1
25630,2
25631,2
25632,-1
25633,-1
25634,3
25635,1
25636,2
25637,1
25638,3
25639,1
25640,-1
25641,-1
25642,3
25643,1
25644,2
25645,2
25646,1
25647,0
25648,3
25649,1
25650,3
25651,0
25652,-1
25653,-1
25654,2
25655,1
25656,2
25657,1
25658,-1
25659,-1
25660,-1
25661,-1
25662,-1
25663,-1
25664,3
25665,1
25666,2
25667,1
25668,-1
25669,-1
25670,-1
25671,-1
25672,-1
25673,-1
25674,-1
25675,-1
25676,-1
25677,-1
25678,-1
25679,-1
25680,-1
25681,-1
25682,-1
25683,-1
25684,-1
25685,-1
25686,-1
25687,-1
25688,-1
25689,-1
25690,-1
25691,-1
25692,-1
25693,-1
25694,1
25695,1
25696,-1
25697,-1
25698,-1
25699,-1
25700,-1
25701,-1
25702,1
25703,2
25704,2
25705,2
25706,-1
25707,-1
25708,-1
25709,-1
25710,2
25711,1
25712,1
25713,0
25714,-1
25715,-1
25716,-1
25717,-1
25718,1
25719,1
25720,-1
25721,-1
25722,-1
25723,-1
25724,-1
25725,-1
25726,2
25727,0
25728,-1
25729,-1
25730,2
25731,1
25732,-1
25733,-1
25734,2
25735,1
25736,2
25737,0
25738,-1
25739,-1
25740,-1
25741,-1
25742,-1
25743,-1
25744,3
25745,1
25746,-1
25747,-1
25748,-1
25749,-1
25750,-1
25751,-1
25752,2
25753,0
25754,-1
25755,-1
25756,2
25757,0
25758,-1
25759,-1
25760,-1
25761,-1
25762,-1
25763,-1
25764,-1
25765,-1
25766,-1
25767,-1
25768,-1
25769,-1
25770,-1
25771,-1
25772,-1
25773,-1
25774,1
25775,1
25776,1
25777,1
25778,1
25779,1
25780,-1
25781,-1
25782,-1
25783,-1
25784,2
25785,0
25786,1
25787,1
25788,3
25789,0
25790,-1
25791,-1
25792,1
25793,0
25794,-1
25795,-1
25796,-1
25797,-1
25798,3
25799,0
25800,-1
25801,-1
25802,-1
25803,-1
25804,3
25805,1
25806,1
25807,1
25808,-1
25809,-1
25810,3
25811,1
25812,-1
25813,-1
25814,-1
25815,-1
25816,3
25817,2
25818,-1
25819,-1
25820,2
25821,0
25822,-1
25823,-1
25824,-1
25825,-1
25826,3
25827,2
25828,2
25829,2
25830,2
25831,1
25832,2
25833,1
25834,-1
25835,-1
25836,-1
25837,-1
25838,-1
25839,-1
25840,-1
25841,-1
25842,-1
25843,-1
25844,-1
25845,-1
25846,-1
25847,-1
25848,1
25849,2
25850,-1
25851,-1
25852,-1
25853,-1
25854,-1
25855,-1
25856,-1
25857,-1
25858,-1
25859,-1
25860,-1
25861,-1
25862,2
25863,0
25864,-1
25865,-1
25866,1
25867,0
25868,1
25869,2
25870,-1
25871,-1
25872,2
25873,1
25874,-1
25875,-1
25876,3
25877,2
25878,-1
25879,-1
25880,1
25881,2
25882,-1
25883,-1
25884,-1
25885,-1
25886,-1
25887,-1
25888,-1
25889,-1
25890,-1
25891,-1
25892,2
25893,0
25894,-1
25895,-1
25896,3
25897,0
25898,-1
25899,-1
25900,1
25901,2
25902,-1
25903,-1
25904,2
25905,2
25906,-1
25907,-1
25908,-1
25909,-1
25910,-1
25911,-1
25912,1
25913,2
25914,-1
25915,-1
25916,-1
25917,-1
25918,-1
25919,-1
25920,-1
25921,-1
25922,-1
25923,-1
25924,-1
25925,-1
25926,3
25927,2
25928,-1
25929,-1
25930,-1
25931,-1
25932,-1
25933,-1
25934,-1
25935,-1
25936,2
25937,2
25938,1
25939,1
25940,-1
25941,-1
25942,-1
25943,-1
25944,3
25945,0
25946,3
25947,1
25948,2
25949,1
25950,-1
25951,-1
25952,-1
25953,-1
25954,-1
25955,-1
25956,-1
25957,-1
25958,-1
25959,-1
25960,-1
25961,-1
25962,2
25963,2
25964,-1
25965,-1
25966,-1
25967,-1
25968,2
25969,1
25970,3
25971,1
25972,3
25973,1
25974,-1
25975,-1
25976,-1
25977,-1
25978,1
25979,0
25980,-1
25981,-1
25982,-1
25983,-1
25984,-1
25985,-1
25986,2
25987,2
25988,-1
25989,-1
25990,-1
25991,-1
25992,1
25993,2
25994,3
25995,0
25996,2
25997,0
25998,-1
25999,-1
26000,2
26001,0
26002,2
26003,1
26004,2
26005,0
26006,-1
26007,-1
26008,-1
26009,-1
26010,-1
26011,-1
26012,-1
26013,-1
26014,-1
26015,-1
26016,-1
26017,-1
26018,3
26019,0
26020,-1
26021,-1
26022,-1
26023,-1
26024,-1
26025,-1
26026,-1
26027,-1
26028,-1
26029,-1
26030,-1
26031,-1
26032,-1
26033,-1
26034,2
26035,1
26036,1
26037,0
26038,-1
26039,-1
26040,-1
26041,-1
26042,-1
26043,-1
26044,-1
26045,-1
26046,3
26047,0
26048,-1
26049,-1
26050,-1
26051,-1
26052,-1
26053,-1
26054,1
26055,1
26056,3
26057,1
26058,-1
26059,-1
26060,1
26061,2
26062,-1
26063,-1
26064,-1
26065,-1
26066,-1
26067,-1
26068,-1
26069,-1
26070,1
26071,0
26072,1
26073,2
26074,-1
26075,-1
26076,-1
26077,-1
26078,-1
26079,-1
26080,-1
26081,-1
26082,-1
26083,-1
26084,-1
26085,-1
26086,-1
26087,-1
26088,-1
26089,-1
26090,-1
26091,-1
26092,-1
26093,-1
26094,-1
26095,-1
26096,3
26097,1
26098,-1
26099,-1
26100,3
26101,1
26102,-1
26103,-1
26104,-1
26105,-1
26106,-1
26107,-1
26108,-1
26109,-1
26110,-1
26111,-1
26112,-1
26113,-1
26114,-1
26115,-1
26116,-1
26117,-1
26118,2
26119,0
26120,-1
26121,-1
26122,-1
26123,-1
26124,-1
26125,-1
26126,-1
26127,-1
26128,-1
26129,-1
26130,3
26131,1
26132,3
26133,1
26134,-1
26135,-1
26136,-1
26137,-1
26138,-1
26139,-1
26140,-1
26141,-1
26142,-1
26143,-1
26144,-1
26145,-1
26146,-1
26147,-1
26148,-1
26149,-1
26150,2
26151,0
26152,-1
26153,-1
26154,2
26155,1
26156,-1
26157,-1
26158,-1
26159,-1
26160,3
26161,1
26162,3
26163,1
26164,-1
26165,-1
26166,1
26167,1
26168,-1
26169,-1
26170,1
26171,1
26172,2
26173,1
26174,-1
26175,-1
26176,-1
26177,-1
26178,-1
26179,-1
26180,-1
26181,-1
26182,-1
26183,-1
26184,-1
26185,-1
26186,-1
26187,-1
26188,3
26189,2
26190,-1
26191,-1
26192,-1
26193,-1
26194,-1
26195,-1
26196,1
26197,2
26198,-1
26199,-1
26200,-1
26201,-1
26202,-1
26203,-1
26204,-1
26205,-1
26206,-1
26207,-1
26208,-1
26209,-1
26210,-1
26211,-1
26212,-1
26213,-1
26214,1
26215,2
26216,-1
26217,-1
26218,3
26219,0
26220,-1
26221,-1
26222,-1
26223,-1
26224,-1
26225,-1
26226,-1
26227,-1
26228,-1
26229,-1
26230,-1
26231,-1
26232,2
26233,0
26234,-1
26235,-1
26236,-1
26237,-1
26238,-1
26239,-1
26240,-1
26241,-1
26242,-1
26243,-1
26244,-1
26245,-1
26246,-1
26247,-1
26248,-1
26249,-1
26250,2
26251,0
26252,-1
26253,-1
26254,3
26255,2
26256,-1
26257,-1
26258,3
26259,2
26260,-1
26261,-1
26262,1
26263,0
26264,-1
26265,-1
26266,2
26267,2
26268,-1
26269,-1
26270,-1
26271,-1
26272,3
26273,2
26274,-1
26275,-1
26276,-1
26277,-1
26278,-1
26279,-1
26280,3
26281,0
26282,-1
26283,-1
26284,3
26285,1
26286,1
26287,2
26288,2
26289,1
26290,2
26291,2
26292,2
26293,0
26294,2
26295,1
26296,-1
26297,-1
26298,-1
26299,-1
26300,-1
26301,-1
26302,1
26303,0
26304,3
26305,0
26306,2
26307,0
26308,-1
26309,-1
26310,-1
26311,-1
26312,-1
26313,-1
26314,2
26315,2
26316,-1
26317,-1
26318,-1
26319,-1
26320,2
26321,1
26322,2
26323,0
26324,-1
26325,-1
26326,2
26327,1
26328,-1
26329,-1
26330,-1
26331,-1
26332,-1
26333,-1
26334,-1
26335,-1
26336,3
26337,2
26338,3
26339,1
26340,-1
26341,-1
26342,-1
26343,-1
26344,-1
26345,-1
26346,-1
26347,-1
26348,-1
26349,-1
26350,-1
26351,-1
26352,-1
26353,-1
26354,-1
26355,-1
26356,2
26357,1
26358,3
26359,2
26360,1
26361,0
26362,-1
26363,-1
26364,-1
26365,-1
26366,-1
26367,-1
26368,-1
26369,-1
26370,-1
26371,-1
26372,-1
26373,-1
26374,-1
26375,-1
26376,-1
26377,-1
26378,-1
26379,-1
26380,-1
26381,-1
26382,-1
26383,-1
26384,3
26385,0
26386,-1
26387,-1
26388,3
26389,2
26390,-1
26391,-1
26392,-1
26393,-1
26394,-1
26395,-1
26396,1
26397,2
26398,-1
26399,-1
26400,-1
26401,-1
26402,-1
26403,-1
26404,-1
26405,-1
26406,-1
26407,-1
26408,2
26409,1
26410,-1
26411,-1
26412,-1
26413,-1
26414,-1
26415,-1
26416,-1
26417,-1
26418,-1
26419,-1
26420,-1
26421,-1
26422,-1
26423,-1
26424,1
26425,2
26426,-1
26427,-1
26428,-1
26429,-1
26430,1
26431,0
26432,-1
26433,-1
26434,-1
26435,-1
26436,-1
26437,-1
26438,-1
26439,-1
26440,-1
26441,-1
26442,-1
26443,-1
26444,-1
26445,-1
26446,-1
26447,-1
26448,1
26449,1
26450,-1
26451,-1
26452,1
26453,1
26454,-1
26455,-1
26456,-1
26457,-1
26458,-1
26459,-1
26460,-1
26461,-1
26462,-1
26463,-1
26464,-1
26465,-1
26466,-1
26467,-1
26468,3
26469,2
26470,-1
26471,-1
26472,3
26473,1
26474,-1
26475,-1
26476,1
26477,0
26478,-1
26479,-1
26480,-1
26481,-1
26482,-1
26483,-1
26484,-1
26485,-1
26486,-1
26487,-1
26488,2
26489,0
26490,1
26491,2
26492,-1
26493,-1
26494,-1
26495,-1
26496,-1
26497,-1
26498,-1
26499,-1
26500,-1
26501,-1
26502,-1
26503,-1
26504,-1
26505,-1
26506,-1
26507,-1
26508,-1
26509,-1
26510,-1
26511,-1
26512,-1
26513,-1
26514,-1
26515,-1
26516,3
26517,1
26518,-1
26519,-1
26520,-1
26521,-1
26522,-1
26523,-1
26524,1
26525,0
26526,-1
26527,-1
26528,-1
26529,-1
26530,-1
26531,-1
26532,-1
26533,-1
26534,-1
26535,-1
26536,-1
26537,-1
26538,-1
26539,-1
26540,-1
26541,-1
26542,-1
26543,-1
26544,-1
26545,-1
26546,3
26547,0
26548,-1
26549,-1
26550,-1
26551,-1
26552,-1
26553,-1
26554,2
26555,2
26556,1
26557,1
26558,-1
26559,-1
26560,-1
26561,-1
26562,-1
26563,-1
26564,-1
26565,-1
26566,-1
26567,-1
26568,-1
26569,-1
26570,-1
26571,-1
26572,1
26573,0
26574,-1
26575,-1
26576,2
26577,2
26578,-1
26579,-1
26580,1
26581,2
26582,-1
26583,-1
26584,-1
26585,-1
26586,-1
26587,-1
26588,3
26589,1
26590,-1
26591,-1
26592,3
26593,1
26594,-1
26595,-1
26596,-1
26597,-1
26598,-1
26599,-1
26600,-1
26601,-1
26602,-1
26603,-1
26604,2
26605,1
26606,-1
26607,-1
26608,-1
26609,-1
26610,-1
26611,-1
26612,-1
26613,-1
26614,-1
26615,-1
26616,2
26617,0
26618,3
26619,2
26620,-1
26621,-1
26622,-1
26623,-1
26624,-1
26625,-1
26626,3
26627,1
26628,-1
26629,-1
26630,-1
26631,-1
26632,-1
26633,-1
26634,-1
26635,-1
26636,-1
26637,-1
26638,-1
26639,-1
26640,-1
26641,-1
26642,-1
26643,-1
26644,-1
26645,-1
26646,1
26647,0
26648,-1
26649,-1
26650,-1
26651,-1
26652,-1
26653,-1
26654,-1
26655,-1
26656,-1
26657,-1
26658,1
26659,1
26660,-1
26661,-1
26662,2
26663,1
26664,-1
26665,-1
26666,-1
26667,-1
26668,1
26669,0
26670,3
26671,0
26672,-1
26673,-1
26674,2
26675,0
26676,-1
26677,-1
26678,-1
26679,-1
26680,-1
26681,-1
26682,3
26683,2
26684,-1
26685,-1
26686,-1
26687,-1
26688,-1
26689,-1
26690,-1
26691,-1
26692,-1
26693,-1
26694,3
26695,2
26696,1
26697,1
26698,2
26699,1
26700,-1
26701,-1
26702,-1
26703,-1
26704,-1
26705,-1
26706,-1
26707,-1
26708,-1
26709,-1
26710,-1
26711,-1
26712,-1
26713,-1
26714,-1
26715,-1
26716,-1
26717,-1
26718,1
26719,2
26720,-1
26721,-1
26722,-1
26723,-1
26724,-1
26725,-1
26726,-1
26727,-1
26728,3
26729,2
26730,1
26731,0
26732,2
26733,2
26734,1
26735,0
26736,-1
26737,-1
26738,-1
26739,-1
26740,-1
26741,-1
26742,-1
26743,-1
26744,-1
26745,-1
26746,-1
26747,-1
26748,1
26749,1
26750,-1
26751,-1
26752,2
26753,2
26754,-1
26755,-1
26756,1
26757,1
26758,-1
26759,-1
26760,-1
26761,-1
26762,-1
26763,-1
26764,-1
26765,-1
26766,-1
26767,-1
26768,-1
26769,-1
26770,-1
26771,-1
26772,-1
26773,-1
26774,1
26775,2
26776,-1
26777,-1
26778,1
26779,0
26780,-1
26781,-1
26782,-1
26783,-1
26784,-1
26785,-1
26786,-1
26787,-1
26788,3
26789,2
26790,2
26791,0
26792,-1
26793,-1
26794,-1
26795,-1
26796,-1
26797,-1
26798,1
26799,0
26800,-1
26801,-1
26802,3
26803,1
26804,-1
26805,-1
26806,-1
26807,-1
26808,-1
26809,-1
26810,-1
26811,-1
26812,3
26813,0
26814,-1
26815,-1
26816,-1
26817,-1
26818,-1
26819,-1
26820,-1
26821,-1
26822,-1
26823,-1
26824,-1
26825,-1
26826,2
26827,1
26828,-1
26829,-1
26830,-1
26831,-1
26832,-1
26833,-1
26834,2
26835,2
26836,-1
26837,-1
26838,-1
26839,-1
26840,-1
26841,-1
26842,2
26843,1
26844,-1
26845,-1
26846,-1
26847,-1
26848,-1
26849,-1
26850,1
26851,2
26852,2
26853,1
26854,1
26855,0
26856,-1
26857,-1
26858,-1
26859,-1
26860,-1
26861,-1
26862,2
26863,0
26864,-1
26865,-1
26866,-1
26867,-1
26868,-1
26869,-1
26870,-1
26871,-1
26872,-1
26873,-1
26874,-1
26875,-1
26876,2
26877,1
26878,-1
26879,-1
26880,2
26881,2
26882,3
26883,1
26884,-1
26885,-1
26886,-1
26887,-1
26888,-1
26889,-1
26890,-1
26891,-1
26892,-1
26893,-1
26894,-1
26895,-1
26896,-1
26897,-1
26898,-1
26899,-1
26900,-1
26901,-1
26902,1
26903,0
26904,-1
26905,-1
26906,-1
26907,-1
26908,-1
26909,-1
26910,-1
26911,-1
26912,-1
26913,-1
26914,2
26915,1
26916,-1
26917,-1
26918,-1
26919,-1
26920,1
26921,2
26922,-1
26923,-1
26924,1
26925,0
26926,-1
26927,-1
26928,-1
26929,-1
26930,-1
26931,-1
26932,2
26933,2
26934,-1
26935,-1
26936,-1
26937,-1
26938,-1
26939,-1
26940,-1
26941,-1
26942,2
26943,2
26944,3
26945,1
26946,-1
26947,-1
26948,-1
26949,-1
26950,-1
26951,-1
26952,3
26953,1
26954,-1
26955,-1
26956,-1
26957,-1
26958,-1
26959,-1
26960,-1
26961,-1
26962,-1
26963,-1
26964,-1
26965,-1
26966,-1
26967,-1
26968,1
26969,1
26970,3
26971,0
26972,-1
26973,-1
26974,2
26975,1
26976,-1
26977,-1
26978,-1
26979,-1
26980,-1
26981,-1
26982,3
26983,0
26984,-1
26985,-1
26986,-1
26987,-1
26988,-1
26989,-1
26990,1
26991,0
26992,-1
26993,-1
26994,-1
26995,-1
26996,3
26997,2
26998,-1
26999,-1
27000,-1
27001,-1
27002,3
27003,0
27004,-1
27005,-1
27006,-1
27007,-1
27008,-1
27009,-1
27010,-1
27011,-1
27012,-1
27013,-1
27014,3
27015,2
27016,-1
27017,-1
27018,-1
27019,-1
27020,-1
27021,-1
27022,-1
27023,-1
27024,-1
27025,-1
27026,-1
27027,-1
27028,-1
27029,-1
27030,-1
27031,-1
27032,-1
27033,-1
27034,-1
27035,-1
27036,-1
27037,-1
27038,-1
27039,-1
27040,2
27041,0
27042,3
27043,1
27044,2
27045,1
27046,-1
27047,-1
27048,3
27049,2
27050,-1
27051,-1
27052,-1
27053,-1
27054,1
27055,0
27056,-1
27057,-1
27058,-1
27059,-1
27060,-1
27061,-1
27062,1
27063,0
27064,-1
27065,-1
27066,-1
27067,-1
27068,-1
27069,-1
27070,-1
27071,-1
27072,-1
27073,-1
27074,-1
27075,-1
27076,-1
27077,-1
27078,-1
27079,-1
27080,-1
27081,-1
27082,-1
27083,-1
27084,-1
27085,-1
27086,1
27087,1
27088,-1
27089,-1
27090,-1
27091,-1
27092,-1
27093,-1
27094,-1
27095,-1
27096,3
27097,0
27098,-1
27099,-1
27100,-1
27101,-1
27102,3
27103,0
27104,-1
27105,-1
27106,-1
27107,-1
27108,-1
27109,-1
27110,-1
27111,-1
27112,-1
27113,-1
27114,-1
27115,-1
27116,-1
27117,-1
27118,-1
27119,-1
27120,3
27121,2
27122,-1
27123,-1
27124,-1
27125,-1
27126,-1
27127,-1
27128,-1
27129,-1
27130,-1
27131,-1
27132,-1
27133,-1
27134,-1
27135,-1
27136,-1
27137,-1
27138,-1
27139,-1
27140,2
27141,2
27142,-1
27143,-1
27144,-1
27145,-1
27146,-1
27147,-1
27148,-1
27149,-1
27150,-1
27151,-1
27152,-1
27153,-1
27154,-1
27155,-1
27156,-1
27157,-1
27158,-1
27159,-1
27160,-1
27161,-1
27162,-1
27163,-1
27164,-1
27165,-1
27166,1
27167,2
27168,2
27169,1
27170,2
27171,0
27172,-1
27173,-1
27174,-1
27175,-1
27176,1
27177,0
27178,-1
27179,-1
27180,-1
27181,-1
27182,-1
27183,-1
27184,2
27185,2
27186,-1
27187,-1
27188,3
27189,2
27190,-1
27191,-1
27192,-1
27193,-1
27194,-1
27195,-1
27196,-1
27197,-1
27198,-1
27199,-1
27200,-1
27201,-1
27202,-1
27203,-1
27204,-1
27205,-1
27206,-1
27207,-1
27208,-1
27209,-1
27210,-1
27211,-1
27212,-1
27213,-1
27214,3
27215,1
27216,-1
27217,-1
27218,1
27219,1
27220,-1
27221,-1
27222,3
27223,0
27224,-1
27225,-1
27226,-1
27227,-1
27228,-1
27229,-1
27230,-1
27231,-1
27232,-1
27233,-1
27234,-1
27235,-1
27236,-1
27237,-1
27238,-1
27239,-1
27240,-1
27241,-1
27242,-1
27243,-1
27244,1
27245,1
27246,2
27247,1
27248,1
27249,2
27250,-1
27251,-1
27252,-1
27253,-1
27254,-1
27255,-1
27256,-1
27257,-1
27258,-1
27259,-1
27260,-1
27261,-1
27262,3
27263,1
27264,-1
27265,-1
27266,-1
27267,-1
27268,-1
27269,-1
27270,3
27271,2
27272,-1
27273,-1
27274,3
27275,0
27276,-1
27277,-1
27278,-1
27279,-1
27280,-1
27281,-1
27282,-1
27283,-1
27284,-1
27285,-1
27286,2
27287,2
27288,1
27289,0
27290,-1
27291,-1
27292,-1
27293,-1
27294,-1
27295,-1
27296,-1
27297,-1
27298,-1
27299,-1
27300,-1
27301,-1
27302,-1
27303,-1
27304,-1
27305,-1
27306,-1
27307,-1
27308,-1
27309,-1
27310,3
27311,0
27312,-1
27313,-1
27314,-1
27315,-1
27316,-1
27317,-1
27318,-1
27319,-1
27320,-1
27321,-1
27322,2
27323,2
27324,-1
27325,-1
27326,-1
27327,-1
27328,-1
27329,-1
27330,3
27331,0
27332,-1
27333,-1
27334,-1
27335,-1
27336,-1
27337,-1
27338,-1
27339,-1
27340,3
27341,0
27342,2
27343,1
27344,-1
27345,-1
27346,-1
27347,-1
27348,-1
27349,-1
27350,-1
27351,-1
27352,-1
27353,-1
27354,3
27355,2
27356,-1
27357,-1
27358,2
27359,1
27360,-1
27361,-1
27362,2
27363,1
27364,-1
27365,-1
27366,1
27367,2
27368,-1
27369,-1
27370,-1
27371,-1
27372,-1
27373,-1
27374,-1
27375,-1
27376,-1
27377,-1
27378,3
27379,0
27380,-1
27381,-1
27382,-1
27383,-1
27384,-1
27385,-1
27386,2
27387,0
27388,-1
27389,-1
27390,-1
27391,-1
27392,-1
27393,-1
27394,-1
27395,-1
27396,3
27397,0
27398,-1
27399,-1
27400,-1
27401,-1
27402,-1
27403,-1
27404,-1
27405,-1
27406,-1
27407,-1
27408,-1
27409,-1
27410,-1
27411,-1
27412,-1
27413,-1
27414,-1
27415,-1
27416,-1
27417,-1
27418,-1
27419,-1
27420,-1
27421,-1
27422,-1
27423,-1
27424,-1
27425,-1
27426,3
27427,1
27428,3
27429,2
27430,-1
27431,-1
27432,1
27433,2
27434,1
27435,1
27436,1
27437,1
27438,-1
27439,-1
27440,-1
27441,-1
27442,2
27443,2
27444,-1
27445,-1
27446,-1
27447,-1
27448,-1
27449,-1
27450,-1
27451,-1
27452,2
27453,2
27454,-1
27455,-1
27456,1
27457,1
27458,-1
27459,-1
27460,1
27461,0
27462,-1
27463,-1
27464,1
27465,0
27466,1
27467,2
27468,-1
27469,-1
27470,2
27471,1
27472,-1
27473,-1
27474,1
27475,0
27476,-1
27477,-1
27478,-1
27479,-1
27480,-1
27481,-1
27482,-1
27483,-1
27484,-1
27485,-1
27486,-1
27487,-1
27488,-1
27489,-1
27490,-1
27491,-1
27492,2
27493,0
27494,-1
27495,-1
27496,-1
27497,-1
27498,-1
27499,-1
27500,-1
27501,-1
27502,-1
27503,-1
27504,1
27505,2
27506,-1
27507,-1
27508,-1
27509,-1
27510,-1
27511,-1
27512,-1
27513,-1
27514,-1
27515,-1
27516,-1
27517,-1
27518,1
27519,1
27520,1
27521,1
27522,1
27523,2
27524,-1
27525,-1
27526,-1
27527,-1
27528,-1
27529,-1
27530,-1
27531,-1
27532,-1
27533,-1
27534,-1
27535,-1
27536,3
27537,0
27538,-1
27539,-1
27540,-1
27541,-1
27542,2
27543,2
27544,-1
27545,-1
27546,-1
27547,-1
27548,-1
27549,-1
27550,-1
27551,-1
27552,3
27553,1
27554,-1
27555,-1
27556,-1
27557,-1
27558,2
27559,0
27560,-1
27561,-1
27562,-1
27563,-1
27564,3
27565,2
27566,-1
27567,-1
27568,2
27569,2
27570,-1
27571,-1
27572,-1
27573,-1
27574,-1
27575,-1
27576,-1
27577,-1
27578,-1
27579,-1
27580,-1
27581,-1
27582,-1
27583,-1
27584,-1
27585,-1
27586,2
27587,1
27588,-1
27589,-1
27590,-1
27591,-1
27592,3
27593,2
27594,-1
27595,-1
27596,-1
27597,-1
27598,1
27599,2
27600,-1
27601,-1
27602,-1
27603,-1
27604,2
27605,1
27606,2
27607,2
27608,-1
27609,-1
27610,-1
27611,-1
27612,-1
27613,-1
27614,-1
27615,-1
27616,-1
27617,-1
27618,-1
27619,-1
27620,3
27621,0
27622,-1
27623,-1
27624,-1
27625,-1
27626,-1
27627,-1
27628,-1
27629,-1
27630,-1
27631,-1
27632,3
27633,1
27634,-1
27635,-1
27636,-1
27637,-1
27638,1
27639,2
27640,-1
27641,-1
27642,-1
27643,-1
27644,-1
27645,-1
27646,2
27647,0
27648,-1
27649,-1
27650,2
27651,1
27652,-1
27653,-1
27654,2
27655,0
27656,-1
27657,-1
27658,-1
27659,-1
27660,-1
27661,-1
27662,-1
27663,-1
27664,-1
27665,-1
27666,-1
27667,-1
27668,-1
27669,-1
27670,-1
27671,-1
27672,-1
27673,-1
27674,-1
27675,-1
27676,-1
27677,-1
27678,3
27679,0
27680,-1
27681,-1
27682,-1
27683,-1
27684,-1
27685,-1
27686,2
27687,2
27688,-1
27689,-1
27690,-1
27691,-1
27692,-1
27693,-1
27694,-1
27695,-1
27696,1
27697,1
27698,-1
27699,-1
27700,-1
27701,-1
27702,1
27703,2
27704,-1
27705,-1
27706,-1
27707,-1
27708,-1
27709,-1
27710,-1
27711,-1
27712,2
27713,1
27714,-1
27715,-1
27716,-1
27717,-1
27718,-1
27719,-1
27720,-1
27721,-1
27722,-1
27723,-1
27724,-1
27725,-1
27726,-1
27727,-1
27728,-1
27729,-1
27730,-1
27731,-1
27732,3
27733,1
27734,-1
27735,-1
27736,1
27737,1
27738,-1
27739,-1
27740,-1
27741,-1
27742,-1
27743,-1
27744,-1
27745,-1
27746,-1
27747,-1
27748,-1
27749,-1
27750,-1
27751,-1
27752,-1
27753,-1
27754,-1
27755,-1
27756,-1
27757,-1
27758,-1
27759,-1
27760,-1
27761,-1
27762,3
27763,2
27764,-1
27765,-1
27766,-1
27767,-1
27768,1
27769,2
27770,-1
27771,-1
27772,-1
27773,-1
27774,-1
27775,-1
27776,-1
27777,-1
27778,3
27779,0
27780,-1
27781,-1
27782,-1
27783,-1
27784,2
27785,0
27786,1
27787,0
27788,-1
27789,-1
27790,-1
27791,-1
27792,1
27793,1
27794,-1
27795,-1
27796,-1
27797,-1
27798,2
27799,1
27800,-1
27801,-1
27802,3
27803,2
27804,-1
27805,-1
27806,-1
27807,-1
27808,-1
27809,-1
27810,2
27811,0
27812,-1
27813,-1
27814,-1
27815,-1
27816,-1
27817,-1
27818,-1
27819,-1
27820,-1
27821,-1
27822,3
27823,1
27824,-1
27825,-1
27826,-1
27827,-1
27828,2
27829,0
27830,-1
27831,-1
27832,-1
27833,-1
27834,3
27835,1
27836,1
27837,0
27838,-1
27839,-1
27840,-1
27841,-1
27842,-1
27843,-1
27844,-1
27845,-1
27846,-1
27847,-1
27848,-1
27849,-1
27850,-1
27851,-1
27852,-1
27853,-1
27854,2
27855,1
27856,1
27857,0
27858,-1
27859,-1
27860,-1
27861,-1
27862,-1
27863,-1
27864,-1
27865,-1
27866,-1
27867,-1
27868,-1
27869,-1
27870,-1
27871,-1
27872,-1
27873,-1
27874,1
27875,1
27876,-1
27877,-1
27878,2
27879,1
27880,-1
27881,-1
27882,-1
27883,-1
27884,-1
27885,-1
27886,-1
27887,-1
27888,-1
27889,-1
27890,-1
27891,-1
27892,3
27893,2
27894,-1
27895,-1
27896,-1
27897,-1
27898,1
27899,0
27900,-1
27901,-1
27902,-1
27903,-1
27904,2
27905,1
27906,3
27907,0
27908,1
27909,0
27910,-1
27911,-1
27912,-1
27913,-1
27914,-1
27915,-1
27916,2
27917,0
27918,-1
27919,-1
27920,-1
27921,-1
27922,2
27923,0
27924,-1
27925,-1
27926,3
27927,0
27928,2
27929,2
27930,-1
27931,-1
27932,-1
27933,-1
27934,-1
27935,-1
27936,-1
27937,-1
27938,-1
27939,-1
27940,-1
27941,-1
27942,-1
27943,-1
27944,-1
27945,-1
27946,-1
27947,-1
27948,-1
27949,-1
27950,3
27951,0
27952,2
27953,1
27954,-1
27955,-1
27956,-1
27957,-1
27958,3
27959,2
27960,-1
27961,-1
27962,1
27963,1
27964,-1
27965,-1
27966,1
27967,2
27968,-1
27969,-1
27970,-1
27971,-1
27972,-1
27973,-1
27974,-1
27975,-1
27976,-1
27977,-1
27978,-1
27979,-1
27980,-1
27981,-1
27982,-1
27983,-1
27984,-1
27985,-1
27986,2
27987,0
27988,-1
27989,-1
27990,-1
27991,-1
27992,2
27993,2
27994,-1
27995,-1
27996,-1
27997,-1
27998,-1
27999,-1
28000,2
28001,2
28002,-1
28003,-1
28004,3
28005,2
28006,1
28007,0
28008,-1
28009,-1
28010,-1
28011,-1
28012,-1
28013,-1
28014,-1
28015,-1
28016,-1
28017,-1
28018,-1
28019,-1
28020,-1
28021,-1
28022,-1
28023,-1
28024,-1
28025,-1
28026,3
28027,2
28028,3
28029,0
28030,-1
28031,-1
28032,-1
28033,-1
28034,3
28035,2
28036,-1
28037,-1
28038,-1
28039,-1
28040,1
28041,0
28042,-1
28043,-1
28044,-1
28045,-1
28046,-1
28047,-1
28048,-1
28049,-1
28050,-1
28051,-1
28052,-1
28053,-1
28054,-1
28055,-1
28056,-1
28057,-1
28058,-1
28059,-1
28060,3
28061,1
28062,-1
28063,-1
28064,-1
28065,-1
28066,-1
28067,-1
28068,-1
28069,-1
28070,-1
28071,-1
28072,-1
28073,-1
28074,-1
28075,-1
28076,-1
28077,-1
28078,-1
28079,-1
28080,1
28081,0
28082,-1
28083,-1
28084,1
28085,2
28086,3
28087,1
28088,2
28089,0
28090,2
28091,1
28092,-1
28093,-1
28094,3
28095,1
28096,-1
28097,-1
28098,-1
28099,-1
28100,1
28101,0
28102,-1
28103,-1
28104,1
28105,2
28106,1
28107,2
28108,-1
28109,-1
28110,-1
28111,-1
28112,-1
28113,-1
28114,2
28115,2
28116,-1
28117,-1
28118,-1
28119,-1
28120,-1
28121,-1
28122,-1
28123,-1
28124,-1
28125,-1
28126,-1
28127,-1
28128,-1
28129,-1
28130,3
28131,2
28132,-1
28133,-1
28134,1
28135,1
28136,-1
28137,-1
28138,-1
28139,-1
28140,-1
28141,-1
28142,2
28143,0
28144,-1
28145,-1
28146,-1
28147,-1
28148,2
28149,1
28150,-1
28151,-1
28152,-1
28153,-1
28154,1
28155,2
28156,-1
28157,-1
28158,2
28159,0
28160,-1
28161,-1
28162,-1
28163,-1
28164,1
28165,2
28166,-1
28167,-1
28168,-1
28169,-1
28170,3
28171,0
28172,3
28173,1
28174,-1
28175,-1
28176,-1
28177,-1
28178,-1
28179,-1
28180,-1
28181,-1
28182,-1
28183,-1
28184,2
28185,1
28186,-1
28187,-1
28188,-1
28189,-1
28190,1
28191,2
28192,-1
28193,-1
28194,-1
28195,-1
28196,-1
28197,-1
28198,-1
28199,-1
28200,-1
28201,-1
28202,-1
28203,-1
28204,-1
28205,-1
28206,-1
28207,-1
28208,-1
28209,-1
28210,-1
28211,-1
28212,-1
28213,-1
28214,-1
28215,-1
28216,-1
28217,-1
28218,2
28219,2
28220,-1
28221,-1
28222,-1
28223,-1
28224,-1
28225,-1
28226,-1
28227,-1
28228,-1
28229,-1
28230,-1
28231,-1
28232,-1
28233,-1
28234,-1
28235,-1
28236,-1
28237,-1
28238,2
28239,1
28240,-1
28241,-1
28242,-1
28243,-1
28244,-1
28245,-1
28246,-1
28247,-1
28248,1
28249,0
28250,-1
28251,-1
28252,-1
28253,-1
28254,-1
28255,-1
28256,2
28257,1
28258,2
28259,0
28260,-1
28261,-1
28262,-1
28263,-1
28264,-1
28265,-1
28266,3
28267,0
28268,-1
28269,-1
28270,1
28271,0
28272,-1
28273,-1
28274,-1
28275,-1
28276,-1
28277,-1
28278,-1
28279,-1
28280,2
28281,1
28282,-1
28283,-1
28284,-1
28285,-1
28286,-1
28287,-1
28288,-1
28289,-1
28290,-1
28291,-1
28292,-1
28293,-1
28294,-1
28295,-1
28296,1
28297,2
28298,-1
28299,-1
28300,-1
28301,-1
28302,3
28303,2
28304,-1
28305,-1
28306,-1
28307,-1
28308,1
28309,1
28310,-1
28311,-1
28312,-1
28313,-1
28314,-1
28315,-1
28316,-1
28317,-1
28318,-1
28319,-1
28320,-1
28321,-1
28322,-1
28323,-1
28324,-1
28325,-1
28326,-1
28327,-1
28328,-1
28329,-1
28330,-1
28331,-1
28332,-1
28333,-1
28334,-1
28335,-1
28336,-1
28337,-1
28338,-1
28339,-1
28340,-1
28341,-1
28342,1
28343,2
28344,-1
28345,-1
28346,-1
28347,-1
28348,1
28349,2
28350,-1
28351,-1
28352,-1
28353,-1
28354,-1
28355,-1
28356,-1
28357,-1
28358,-1
28359,-1
28360,1
28361,0
28362,-1
28363,-1
28364,-1
28365,-1
28366,-1
28367,-1
28368,1
28369,1
28370,-1
28371,-1
28372,-1
28373,-1
28374,1
28375,0
28376,-1
28377,-1
28378,-1
28379,-1
28380,-1
28381,-1
28382,3
28383,1
28384,-1
28385,-1
28386,2
28387,1
28388,1
28389,2
28390,-1
28391,-1
28392,-1
28393,-1
28394,-1
28395,-1
28396,-1
28397,-1
28398,-1
28399,-1
28400,-1
28401,-1
28402,-1
28403,-1
28404,-1
28405,-1
28406,2
28407,1
28408,-1
28409,-1
28410,-1
28411,-1
28412,-1
28413,-1
28414,3
28415,2
28416,-1
28417,-1
28418,-1
28419,-1
28420,-1
28421,-1
28422,-1
28423,-1
28424,-1
28425,-1
28426,-1
28427,-1
28428,2
28429,0
28430,-1
28431,-1
28432,-1
28433,-1
28434,-1
28435,-1
28436,-1
28437,-1
28438,-1
28439,-1
28440,-1
28441,-1
28442,1
28443,0
28444,-1
28445,-1
28446,3
28447,0
28448,3
28449,0
28450,2
28451,1
28452,-1
28453,-1
28454,-1
28455,-1
28456,3
28457,0
28458,-1
28459,-1
28460,-1
28461,-1
28462,1
28463,0
28464,-1
28465,-1
28466,-1
28467,-1
28468,-1
28469,-1
28470,-1
28471,-1
28472,-1
28473,-1
28474,-1
28475,-1
28476,-1
28477,-1
28478,-1
28479,-1
28480,-1
28481,-1
28482,2
28483,1
28484,-1
28485,-1
28486,-1
28487,-1
28488,1
28489,1
28490,-1
28491,-1
28492,-1
28493,-1
28494,-1
28495,-1
28496,-1
28497,-1
28498,-1
28499,-1
28500,-1
28501,-1
28502,-1
28503,-1
28504,-1
28505,-1
28506,-1
28507,-1
28508,-1
28509,-1
28510,-1
28511,-1
28512,-1
28513,-1
28514,-1
28515,-1
28516,3
28517,2
28518,-1
28519,-1
28520,-1
28521,-1
28522,2
28523,1
28524,2
28525,0
28526,-1
28527,-1
28528,-1
28529,-1
28530,-1
28531,-1
28532,-1
28533,-1
28534,-1
28535,-1
28536,-1
28537,-1
28538,-1
28539,-1
28540,-1
28541,-1
28542,-1
28543,-1
28544,-1
28545,-1
28546,3
28547,0
28548,3
28549,0
28550,3
28551,2
28552,-1
28553,-1
28554,-1
28555,-1
28556,-1
28557,-1
28558,3
28559,1
28560,1
28561,0
28562,-1
28563,-1
28564,-1
28565,-1
28566,-1
28567,-1
28568,1
28569,0
28570,1
28571,2
28572,-1
28573,-1
28574,-1
28575,-1
28576,-1
28577,-1
28578,-1
28579,-1
28580,3
28581,2
28582,-1
28583,-1
28584,-1
28585,-1
28586,-1
28587,-1
28588,1
28589,2
28590,3
28591,2
28592,-1
28593,-1
28594,-1
28595,-1
28596,-1
28597,-1
28598,1
28599,2
28600,-1
28601,-1
28602,-1
28603,-1
28604,-1
28605,-1
28606,-1
28607,-1
28608,-1
28609,-1
28610,-1
28611,-1
28612,-1
28613,-1
28614,1
28615,0
28616,-1
28617,-1
28618,-1
28619,-1
28620,-1
28621,-1
28622,1
28623,2
28624,1
28625,1
28626,-1
28627,-1
28628,2
28629,2
28630,-1
28631,-1
28632,1
28633,1
28634,-1
28635,-1
28636,-1
28637,-1
28638,-1
28639,-1
28640,-1
28641,-1
28642,-1
28643,-1
28644,-1
28645,-1
28646,-1
28647,-1
28648,-1
28649,-1
28650,-1
28651,-1
28652,-1
28653,-1
28654,-1
28655,-1
28656,3
28657,0
28658,-1
28659,-1
28660,2
28661,1
28662,2
28663,1
28664,-1
28665,-1
28666,-1
28667,-1
28668,2
28669,2
28670,3
28671,1
28672,-1
28673,-1
28674,-1
28675,-1
28676,2
28677,2
28678,-1
28679,-1
28680,-1
28681,-1
28682,1
28683,0
28684,-1
28685,-1
28686,-1
28687,-1
28688,3
28689,1
28690,3
28691,2
28692,-1
28693,-1
28694,-1
28695,-1
28696,-1
28697,-1
28698,-1
28699,-1
28700,-1
28701,-1
28702,-1
28703,-1
28704,2
28705,0
28706,-1
28707,-1
28708,-1
28709,-1
28710,-1
28711,-1
28712,-1
28713,-1
28714,-1
28715,-1
28716,2
28717,1
28718,-1
28719,-1
28720,-1
28721,-1
28722,-1
28723,-1
28724,-1
28725,-1
28726,3
28727,0
28728,-1
28729,-1
28730,-1
28731,-1
28732,-1
28733,-1
28734,1
28735,2
28736,1
28737,1
28738,-1
28739,-1
28740,-1
28741,-1
28742,1
28743,0
28744,-1
28745,-1
28746,-1
28747,-1
28748,-1
28749,-1
28750,-1
28751,-1
28752,-1
28753,-1
28754,-1
28755,-1
28756,3
28757,2
28758,2
28759,0
28760,-1
28761,-1
28762,-1
28763,-1
28764,-1
28765,-1
28766,2
28767,1
28768,-1
28769,-1
28770,1
28771,1
28772,2
28773,0
28774,-1
28775,-1
28776,-1
28777,-1
28778,2
28779,1
28780,-1
28781,-1
28782,-1
28783,-1
28784,3
28785,1
28786,-1
28787,-1
28788,-1
28789,-1
28790,2
28791,1
28792,-1
28793,-1
28794,-1
28795,-1
28796,-1
28797,-1
28798,-1
28799,-1
28800,1
28801,2
28802,-1
28803,-1
28804,-1
28805,-1
28806,-1
28807,-1
28808,1
28809,0
28810,3
28811,2
28812,-1
28813,-1
28814,2
28815,1
28816,-1
28817,-1
28818,3
28819,1
28820,-1
28821,-1
28822,-1
28823,-1
28824,-1
28825,-1
28826,2
28827,0
28828,-1
28829,-1
28830,3
28831,2
28832,-1
28833,-1
28834,-1
28835,-1
28836,-1
28837,-1
28838,1
28839,2
28840,-1
28841,-1
28842,2
28843,0
28844,-1
28845,-1
28846,-1
28847,-1
28848,-1
28849,-1
28850,-1
28851,-1
28852,-1
28853,-1
28854,-1
28855,-1
28856,2
28857,1
28858,2
28859,1
28860,-1
28861,-1
28862,-1
28863,-1
28864,-1
28865,-1
28866,-1
28867,-1
28868,-1
28869,-1
28870,-1
28871,-1
28872,-1
28873,-1
28874,3
28875,1
28876,-1
28877,-1
28878,-1
28879,-1
28880,-1
28881,-1
28882,-1
28883,-1
28884,-1
28885,-1
28886,-1
28887,-1
28888,-1
28889,-1
28890,-1
28891,-1
28892,2
28893,0
28894,2
28895,1
28896,-1
28897,-1
28898,-1
28899,-1
28900,2
28901,1
28902,3
28903,0
28904,-1
28905,-1
28906,-1
28907,-1
28908,-1
28909,-1
28910,-1
28911,-1
28912,-1
28913,-1
28914,-1
28915,-1
28916,2
28917,1
28918,-1
28919,-1
28920,-1
28921,-1
28922,-1
28923,-1
28924,-1
28925,-1
28926,-1
28927,-1
28928,-1
28929,-1
28930,-1
28931,-1
28932,-1
28933,-1
28934,-1
28935,-1
28936,-1
28937,-1
28938,-1
28939,-1
28940,-1
28941,-1
28942,-1
28943,-1
28944,-1
28945,-1
28946,-1
28947,-1
28948,-1
28949,-1
28950,-1
28951,-1
28952,1
28953,0
28954,-1
28955,-1
28956,-1
28957,-1
28958,1
28959,0
28960,-1
28961,-1
28962,1
28963,2
28964,-1
28965,-1
28966,-1
28967,-1
28968,1
28969,0
28970,-1
28971,-1
28972,3
28973,2
28974,-1
28975,-1
28976,1
28977,1
28978,-1
28979,-1
28980,-1
28981,-1
28982,-1
28983,-1
28984,-1
28985,-1
28986,-1
28987,-1
28988,-1
28989,-1
28990,-1
28991,-1
28992,-1
28993,-1
28994,-1
28995,-1
28996,-1
28997,-1
28998,2
28999,2
29000,-1
29001,-1
29002,-1
29003,-1
29004,-1
29005,-1
29006,1
29007,1
29008,-1
29009,-1
29010,-1
29011,-1
29012,1
29013,2
29014,-1
29015,-1
29016,-1
29017,-1
29018,-1
29019,-1
29020,-1
29021,-1
29022,-1
29023,-1
29024,-1
29025,-1
29026,-1
29027,-1
29028,3
29029,0
29030,2
29031,1
29032,-1
29033,-1
29034,-1
29035,-1
29036,-1
29037,-1
29038,-1
29039,-1
29040,-1
29041,-1
29042,-1
29043,-1
29044,-1
29045,-1
29046,-1
29047,-1
29048,-1
29049,-1
29050,-1
29051,-1
29052,-1
29053,-1
29054,1
29055,2
29056,1
29057,1
29058,-1
29059,-1
29060,-1
29061,-1
29062,-1
29063,-1
29064,-1
29065,-1
29066,-1
29067,-1
29068,-1
29069,-1
29070,-1
29071,-1
29072,3
29073,2
29074,-1
29075,-1
29076,2
29077,2
29078,-1
29079,-1
29080,-1
29081,-1
29082,2
29083,2
29084,3
29085,1
29086,-1
29087,-1
29088,-1
29089,-1
29090,2
29091,1
29092,-1
29093,-1
29094,-1
29095,-1
29096,-1
29097,-1
29098,-1
29099,-1
29100,-1
29101,-1
29102,-1
29103,-1
29104,-1
29105,-1
29106,1
29107,1
29108,-1
29109,-1
29110,-1
29111,-1
29112,3
29113,0
29114,-1
29115,-1
29116,3
29117,0
29118,-1
29119,-1
29120,-1
29121,-1
29122,-1
29123,-1
29124,-1
29125,-1
29126,-1
29127,-1
29128,3
29129,0
29130,-1
29131,-1
29132,3
29133,0
29134,2
29135,0
29136,-1
29137,-1
29138,-1
29139,-1
29140,-1
29141,-1
29142,1
29143,1
29144,2
29145,0
29146,-1
29147,-1
29148,2
29149,1
29150,-1
29151,-1
29152,-1
29153,-1
29154,-1
29155,-1
29156,-1
29157,-1
29158,-1
29159,-1
29160,-1
29161,-1
29162,-1
29163,-1
29164,-1
29165,-1
29166,-1
29167,-1
29168,-1
29169,-1
29170,-1
29171,-1
29172,-1
29173,-1
29174,-1
29175,-1
29176,3
29177,0
29178,-1
29179,-1
29180,-1
29181,-1
29182,-1
29183,-1
29184,-1
29185,-1
29186,-1
29187,-1
29188,-1
29189,-1
29190,-1
29191,-1
29192,2
29193,2
29194,-1
29195,-1
29196,-1
29197,-1
29198,-1
29199,-1
29200,-1
29201,-1
29202,1
29203,2
29204,-1
29205,-1
29206,-1
29207,-1
29208,-1
29209,-1
29210,-1
29211,-1
29212,-1
29213,-1
29214,2
29215,2
29216,-1
29217,-1
29218,-1
29219,-1
29220,-1
29221,-1
29222,3
29223,0
29224,-1
29225,-1
29226,-1
29227,-1
29228,-1
29229,-1
29230,-1
29231,-1
29232,-1
29233,-1
29234,-1
29235,-1
29236,-1
29237,-1
29238,2
29239,0
29240,-1
29241,-1
29242,3
29243,1
29244,-1
29245,-1
29246,2
29247,1
29248,-1
29249,-1
29250,-1
29251,-1
29252,-1
29253,-1
29254,-1
29255,-1
29256,3
29257,0
29258,-1
29259,-1
29260,-1
29261,-1
29262,-1
29263,-1
29264,-1
29265,-1
29266,-1
29267,-1
29268,-1
29269,-1
29270,-1
29271,-1
29272,-1
29273,-1
29274,-1
29275,-1
29276,-1
29277,-1
29278,-1
29279,-1
29280,-1
29281,-1
29282,-1
29283,-1
29284,-1
29285,-1
29286,-1
29287,-1
29288,-1
29289,-1
29290,-1
29291,-1
29292,-1
29293,-1
29294,-1
29295,-1
29296,1
29297,0
29298,-1
29299,-1
29300,-1
29301,-1
29302,-1
29303,-1
29304,-1
29305,-1
29306,2
29307,0
29308,-1
29309,-1
29310,3
29311,1
29312,-1
29313,-1
29314,-1
29315,-1
29316,-1
29317,-1
29318,-1
29319,-1
29320,-1
29321,-1
29322,-1
29323,-1
29324,-1
29325,-1
29326,-1
29327,-1
29328,-1
29329,-1
29330,-1
29331,-1
29332,-1
29333,-1
29334,-1
29335,-1
29336,3
29337,2
29338,3
29339,1
29340,-1
29341,-1
29342,-1
29343,-1
29344,-1
29345,-1
29346,-1
29347,-1
29348,2
29349,2
29350,-1
29351,-1
29352,-1
29353,-1
29354,-1
29355,-1
29356,3
29357,1
29358,-1
29359,-1
29360,-1
29361,-1
29362,-1
29363,-1
29364,-1
29365,-1
29366,-1
29367,-1
29368,-1
29369,-1
29370,-1
29371,-1
29372,-1
29373,-1
29374,-1
29375,-1
29376,-1
29377,-1
29378,2
29379,2
29380,-1
29381,-1
29382,-1
29383,-1
29384,-1
29385,-1
29386,-1
29387,-1
29388,-1
29389,-1
29390,-1
29391,-1
29392,2
29393,1
29394,-1
29395,-1
29396,-1
29397,-1
29398,1
29399,1
29400,-1
29401,-1
29402,3
29403,1
29404,-1
29405,-1
29406,-1
29407,-1
29408,-1
29409,-1
29410,-1
29411,-1
29412,-1
29413,-1
29414,2
29415,2
29416,-1
29417,-1
29418,-1
29419,-1
29420,1
29421,1
29422,1
29423,0
29424,2
29425,1
29426,-1
29427,-1
29428,-1
29429,-1
29430,-1
29431,-1
29432,-1
29433,-1
29434,-1
29435,-1
29436,-1
29437,-1
29438,-1
29439,-1
29440,3
29441,0
29442,-1
29443,-1
29444,3
29445,2
29446,2
29447,0
29448,-1
29449,-1
29450,1
29451,2
29452,-1
29453,-1
29454,2
29455,0
29456,-1
29457,-1
29458,-1
29459,-1
29460,-1
29461,-1
29462,-1
29463,-1
29464,-1
29465,-1
29466,-1
29467,-1
29468,-1
29469,-1
29470,-1
29471,-1
29472,2
29473,2
29474,-1
29475,-1
29476,-1
29477,-1
29478,1
29479,0
29480,-1
29481,-1
29482,-1
29483,-1
29484,-1
29485,-1
29486,-1
29487,-1
29488,1
29489,0
29490,-1
29491,-1
29492,-1
29493,-1
29494,-1
29495,-1
29496,1
29497,2
29498,1
29499,1
29500,3
29501,0
29502,2
29503,0
29504,-1
29505,-1
29506,-1
29507,-1
29508,1
29509,1
29510,-1
29511,-1
29512,-1
29513,-1
29514,-1
29515,-1
29516,-1
29517,-1
29518,-1
29519,-1
29520,-1
29521,-1
29522,-1
29523,-1
29524,-1
29525,-1
29526,-1
29527,-1
29528,-1
29529,-1
29530,-1
29531,-1
29532,-1
29533,-1
29534,-1
29535,-1
29536,-1
29537,-1
29538,-1
29539,-1
29540,-1
29541,-1
29542,-1
29543,-1
29544,-1
29545,-1
29546,-1
29547,-1
29548,2
29549,1
29550,-1
29551,-1
29552,-1
29553,-1
29554,-1
29555,-1
29556,1
29557,2
29558,-1
29559,-1
29560,-1
29561,-1
29562,-1
29563,-1
29564,-1
29565,-1
29566,2
29567,0
29568,-1
29569,-1
29570,-1
29571,-1
29572,-1
29573,-1
29574,-1
29575,-1
29576,-1
29577,-1
29578,-1
29579,-1
29580,-1
29581,-1
29582,-1
29583,-1
29584,-1
29585,-1
29586,-1
29587,-1
29588,-1
29589,-1
29590,-1
29591,-1
29592,1
29593,1
29594,3
29595,1
29596,3
29597,1
29598,-1
29599,-1
29600,-1
29601,-1
29602,-1
29603,-1
29604,-1
29605,-1
29606,-1
29607,-1
29608,-1
29609,-1
29610,-1
29611,-1
29612,-1
29613,-1
29614,-1
29615,-1
29616,-1
29617,-1
29618,3
29619,0
29620,-1
29621,-1
29622,-1
29623,-1
29624,-1
29625,-1
29626,-1
29627,-1
29628,-1
29629,-1
29630,-1
29631,-1
29632,-1
29633,-1
29634,-1
29635,-1
29636,-1
29637,-1
29638,-1
29639,-1
29640,-1
29641,-1
29642,-1
29643,-1
29644,3
29645,1
29646,-1
29647,-1
29648,-1
29649,-1
29650,-1
29651,-1
29652,-1
29653,-1
29654,-1
29655,-1
29656,-1
29657,-1
29658,-1
29659,-1
29660,2
29661,0
29662,2
29663,0
29664,-1
29665,-1
29666,-1
29667,-1
29668,-1
29669,-1
29670,-1
29671,-1
29672,-1
29673,-1
29674,-1
29675,-1
29676,-1
29677,-1
29678,-1
29679,-1
29680,-1
29681,-1
29682,2
29683,2
29684,-1
29685,-1
29686,-1
29687,-1
29688,-1
29689,-1
29690,-1
29691,-1
29692,-1
29693,-1
29694,-1
29695,-1
29696,1
29697,0
29698,1
29699,1
29700,1
29701,0
29702,-1
29703,-1
29704,-1
29705,-1
29706,-1
29707,-1
29708,-1
29709,-1
29710,-1
29711,-1
29712,-1
29713,-1
29714,1
29715,0
29716,-1
29717,-1
29718,2
29719,0
29720,-1
29721,-1
29722,-1
29723,-1
29724,-1
29725,-1
29726,-1
29727,-1
29728,-1
29729,-1
29730,1
29731,0
29732,-1
29733,-1
29734,-1
29735,-1
29736,1
29737,1
29738,-1
29739,-1
29740,-1
29741,-1
29742,3
29743,0
29744,-1
29745,-1
29746,-1
29747,-1
29748,-1
29749,-1
29750,-1
29751,-1
29752,1
29753,1
29754,-1
29755,-1
29756,3
29757,1
29758,-1
29759,-1
29760,2
29761,2
29762,-1
29763,-1
29764,2
29765,1
29766,-1
29767,-1
29768,-1
29769,-1
29770,2
29771,0
29772,-1
29773,-1
29774,-1
29775,-1
29776,1
29777,0
29778,-1
29779,-1
29780,-1
29781,-1
29782,-1
29783,-1
29784,-1
29785,-1
29786,-1
29787,-1
29788,-1
29789,-1
29790,-1
29791,-1
29792,1
29793,2
29794,3
29795,1
29796,1
29797,1
29798,-1
29799,-1
29800,-1
29801,-1
29802,-1
29803,-1
29804,-1
29805,-1
29806,-1
29807,-1
29808,-1
29809,-1
29810,-1
29811,-1
29812,-1
29813,-1
29814,-1
29815,-1
29816,1
29817,2
29818,1
29819,0
29820,-1
29821,-1
29822,2
29823,2
29824,2
29825,1
29826,-1
29827,-1
29828,-1
29829,-1
29830,-1
29831,-1
29832,-1
29833,-1
29834,1
29835,0
29836,-1
29837,-1
29838,-1
29839,-1
29840,-1
29841,-1
29842,-1
29843,-1
29844,-1
29845,-1
29846,-1
29847,-1
29848,-1
29849,-1
29850,-1
29851,-1
29852,-1
29853,-1
29854,-1
29855,-1
29856,-1
29857,-1
29858,-1
29859,-1
29860,1
29861,2
29862,1
29863,1
29864,2
29865,1
29866,-1
29867,-1
29868,1
29869,0
29870,2
29871,0
29872,-1
29873,-1
29874,-1
29875,-1
29876,3
29877,0
29878,-1
29879,-1
29880,2
29881,0
29882,-1
29883,-1
29884,-1
29885,-1
29886,-1
29887,-1
29888,-1
29889,-1
29890,-1
29891,-1
29892,-1
29893,-1
29894,-1
29895,-1
29896,2
29897,0
29898,-1
29899,-1
29900,-1
29901,-1
29902,-1
29903,-1
29904,-1
29905,-1
29906,-1
29907,-1
29908,-1
29909,-1
29910,-1
29911,-1
29912,2
29913,1
29914,3
29915,0
29916,-1
29917,-1
29918,-1
29919,-1
29920,-1
29921,-1
29922,-1
29923,-1
29924,-1
29925,-1
29926,3
29927,2
29928,-1
29929,-1
29930,-1
29931,-1
29932,-1
29933,-1
29934,-1
29935,-1
29936,-1
29937,-1
29938,-1
29939,-1
29940,-1
29941,-1
29942,-1
29943,-1
29944,-1
29945,-1
29946,3
29947,2
29948,-1
29949,-1
29950,2
29951,1
29952,-1
29953,-1
29954,-1
29955,-1
29956,-1
29957,-1
29958,-1
29959,-1
29960,-1
29961,-1
29962,-1
29963,-1
29964,-1
29965,-1
29966,-1
29967,-1
29968,-1
29969,-1
29970,-1
29971,-1
29972,-1
29973,-1
29974,3
29975,0
29976,-1
29977,-1
29978,-1
29979,-1
29980,1
29981,2
29982,-1
29983,-1
29984,-1
29985,-1
29986,-1
29987,-1
29988,-1
29989,-1
29990,2
29991,1
29992,-1
29993,-1
29994,-1
29995,-1
29996,-1
29997,-1
29998,3
29999,2
30000,-1
30001,-1
30002,-1
30003,-1
30004,-1
30005,-1
30006,-1
30007,-1
30008,-1
30009,-1
30010,-1
30011,-1
30012,-1
30013,-1
30014,-1
30015,-1
30016,-1
30017,-1
30018,-1
30019,-1
30020,-1
30021,-1
30022,-1
30023,-1
30024,-1
30025,-1
30026,-1
30027,-1
30028,-1
30029,-1
30030,-1
30031,-1
30032,2
30033,0
30034,-1
30035,-1
30036,-1
30037,-1
30038,-1
30039,-1
30040,-1
30041,-1
30042,-1
30043,-1
30044,-1
30045,-1
30046,3
30047,0
30048,-1
30049,-1
30050,1
30051,0
30052,-1
30053,-1
30054,-1
30055,-1
30056,-1
30057,-1
30058,2
30059,0
30060,1
30061,2
30062,-1
30063,-1
30064,-1
30065,-1
30066,2
30067,1
30068,-1
30069,-1
30070,-1
30071,-1
30072,-1
30073,-1
30074,-1
30075,-1
30076,-1
30077,-1
30078,-1
30079,-1
30080,-1
30081,-1
30082,1
30083,0
30084,-1
30085,-1
30086,-1
30087,-1
30088,1
30089,1
30090,-1
30091,-1
30092,3
30093,1
30094,-1
30095,-1
30096,-1
30097,-1
30098,1
30099,0
30100,-1
30101,-1
30102,-1
30103,-1
30104,-1
30105,-1
30106,-1
30107,-1
30108,-1
30109,-1
30110,-1
30111,-1
30112,-1
30113,-1
30114,-1
30115,-1
30116,-1
30117,-1
30118,3
30119,2
30120,3
30121,1
30122,2
30123,0
30124,-1
30125,-1
30126,-1
30127,-1
30128,-1
30129,-1
30130,-1
30131,-1
30132,-1
30133,-1
30134,-1
30135,-1
30136,-1
30137,-1
30138,-1
30139,-1
30140,3
30141,2
30142,-1
30143,-1
30144,-1
30145,-1
30146,2
30147,0
30148,-1
30149,-1
30150,-1
30151,-1
30152,-1
30153,-1
30154,-1
30155,-1
30156,-1
30157,-1
30158,-1
30159,-1
30160,-1
30161,-1
30162,-1
30163,-1
30164,-1
30165,-1
30166,-1
30167,-1
30168,-1
30169,-1
30170,-1
30171,-1
30172,-1
30173,-1
30174,-1
30175,-1
30176,-1
30177,-1
30178,1
30179,0
30180,-1
30181,-1
30182,-1
30183,-1
30184,1
30185,1
30186,-1
30187,-1
30188,-1
30189,-1
30190,-1
30191,-1
30192,-1
30193,-1
30194,-1
30195,-1
30196,-1
30197,-1
30198,-1
30199,-1
30200,-1
30201,-1
30202,-1
30203,-1
30204,-1
30205,-1
30206,-1
30207,-1
30208,1
30209,1
30210,-1
30211,-1
30212,-1
30213,-1
30214,-1
30215,-1
30216,-1
30217,-1
30218,-1
30219,-1
30220,-1
30221,-1
30222,-1
30223,-1
30224,-1
30225,-1
30226,3
30227,2
30228,-1
30229,-1
30230,-1
30231,-1
30232,1
30233,2
30234,-1
30235,-1
30236,-1
30237,-1
30238,-1
30239,-1
30240,-1
30241,-1
30242,1
30243,0
30244,-1
30245,-1
30246,-1
30247,-1
30248,-1
30249,-1
30250,1
30251,0
30252,-1
30253,-1
30254,-1
30255,-1
30256,-1
30257,-1
30258,-1
30259,-1
30260,-1
30261,-1
30262,-1
30263,-1
30264,-1
30265,-1
30266,-1
30267,-1
30268,-1
30269,-1
30270,-1
30271,-1
30272,-1
30273,-1
30274,-1
30275,-1
30276,-1
30277,-1
30278,-1
30279,-1
30280,3
30281,1
30282,-1
30283,-1
30284,2
30285,0
30286,-1
30287,-1
30288,-1
30289,-1
30290,-1
30291,-1
30292,-1
30293,-1
30294,-1
30295,-1
30296,-1
30297,-1
30298,-1
30299,-1
30300,-1
30301,-1
30302,-1
30303,-1
30304,-1
30305,-1
30306,-1
30307,-1
30308,-1
30309,-1
30310,-1
30311,-1
30312,-1
30313,-1
30314,-1
30315,-1
30316,-1
30317,-1
30318,2
30319,2
30320,-1
30321,-1
30322,-1
30323,-1
30324,-1
30325,-1
30326,-1
30327,-1
30328,-1
30329,-1
30330,-1
30331,-1
30332,-1
30333,-1
30334,-1
30335,-1
30336,-1
30337,-1
30338,-1
30339,-1
30340,-1
30341,-1
30342,1
30343,0
30344,1
30345,0
30346,-1
30347,-1
30348,-1
30349,-1
30350,-1
30351,-1
30352,-1
30353,-1
30354,-1
30355,-1
30356,3
30357,0
30358,-1
30359,-1
30360,-1
30361,-1
30362,-1
30363,-1
30364,-1
30365,-1
30366,-1
30367,-1
30368,-1
30369,-1
30370,1
30371,0
30372,-1
30373,-1
30374,-1
30375,-1
30376,-1
30377,-1
30378,-1
30379,-1
30380,-1
30381,-1
30382,2
30383,1
30384,-1
30385,-1
30386,-1
30387,-1
30388,-1
30389,-1
30390,2
30391,0
30392,-1
30393,-1
30394,-1
30395,-1
30396,-1
30397,-1
30398,-1
30399,-1
30400,-1
30401,-1
30402,-1
30403,-1
30404,1
30405,1
30406,-1
30407,-1
30408,-1
30409,-1
30410,-1
30411,-1
30412,2
30413,0
30414,1
30415,1
30416,-1
30417,-1
30418,1
30419,0
30420,-1
30421,-1
30422,1
30423,1
30424,-1
30425,-1
30426,-1
30427,-1
30428,-1
30429,-1
30430,3
30431,2
30432,-1
30433,-1
30434,1
30435,1
30436,-1
30437,-1
30438,1
30439,0
30440,-1
30441,-1
30442,-1
30443,-1
30444,-1
30445,-1
30446,-1
30447,-1
30448,-1
30449,-1
30450,-1
30451,-1
30452,-1
30453,-1
30454,2
30455,0
30456,-1
30457,-1
30458,-1
30459,-1
30460,1
30461,0
30462,-1
30463,-1
30464,-1
30465,-1
30466,2
30467,2
30468,-1
30469,-1
30470,-1
30471,-1
30472,-1
30473,-1
30474,-1
30475,-1
30476,1
30477,0
30478,2
30479,0
30480,3
30481,2
30482,-1
30483,-1
30484,3
30485,0
30486,-1
30487,-1
30488,-1
30489,-1
30490,-1
30491,-1
30492,1
30493,1
30494,-1
30495,-1
30496,-1
30497,-1
30498,-1
30499,-1
30500,-1
30501,-1
30502,-1
30503,-1
30504,-1
30505,-1
30506,-1
30507,-1
30508,-1
30509,-1
30510,1
30511,0
30512,-1
30513,-1
30514,-1
30515,-1
30516,-1
30517,-1
30518,-1
30519,-1
30520,2
30521,0
30522,-1
30523,-1
30524,-1
30525,-1
30526,-1
30527,-1
30528,-1
30529,-1
30530,-1
30531,-1
30532,-1
30533,-1
30534,-1
30535,-1
30536,-1
30537,-1
30538,-1
30539,-1
30540,-1
30541,-1
30542,-1
30543,-1
30544,-1
30545,-1
30546,1
30547,1
30548,2
30549,1
30550,2
30551,0
30552,3
30553,1
30554,-1
30555,-1
30556,-1
30557,-1
30558,-1
30559,-1
30560,2
30561,0
30562,-1
30563,-1
30564,-1
30565,-1
30566,2
30567,2
30568,-1
30569,-1
30570,-1
30571,-1
30572,-1
30573,-1
30574,1
30575,0
30576,-1
30577,-1
30578,-1
30579,-1
30580,1
30581,0
30582,-1
30583,-1
30584,-1
30585,-1
30586,1
30587,2
30588,-1
30589,-1
30590,-1
30591,-1
30592,2
30593,1
30594,-1
30595,-1
30596,-1
30597,-1
30598,-1
30599,-1
30600,-1
30601,-1
30602,2
30603,1
30604,-1
30605,-1
30606,2
30607,0
30608,1
30609,0
30610,-1
30611,-1
30612,-1
30613,-1
30614,1
30615,1
30616,-1
30617,-1
30618,2
30619,1
30620,-1
30621,-1
30622,-1
30623,-1
30624,-1
30625,-1
30626,1
30627,1
30628,-1
30629,-1
30630,3
30631,1
30632,-1
30633,-1
30634,1
30635,0
30636,-1
30637,-1
30638,1
30639,2
30640,-1
30641,-1
30642,-1
30643,-1
30644,-1
30645,-1
30646,-1
30647,-1
30648,1
30649,2
30650,-1
30651,-1
30652,-1
30653,-1
30654,2
30655,1
30656,1
30657,0
30658,-1
30659,-1
30660,2
30661,2
30662,2
30663,1
30664,-1
30665,-1
30666,-1
30667,-1
30668,-1
30669,-1
30670,-1
30671,-1
30672,3
30673,1
30674,2
30675,2
30676,-1
30677,-1
30678,-1
30679,-1
30680,-1
30681,-1
30682,-1
30683,-1
30684,-1
30685,-1
30686,2
30687,0
30688,-1
30689,-1
30690,-1
30691,-1
30692,3
30693,0
30694,-1
30695,-1
30696,-1
30697,-1
30698,-1
30699,-1
30700,1
30701,1
30702,-1
30703,-1
30704,1
30705,0
30706,-1
30707,-1
30708,-1
30709,-1
30710,1
30711,2
30712,-1
30713,-1
30714,1
30715,1
30716,-1
30717,-1
30718,-1
30719,-1
30720,1
30721,0
30722,-1
30723,-1
30724,-1
30725,-1
30726,2
30727,0
30728,-1
30729,-1
30730,-1
30731,-1
30732,-1
30733,-1
30734,-1
30735,-1
30736,-1
30737,-1
30738,-1
30739,-1
30740,-1
30741,-1
30742,1
30743,0
30744,2
30745,0
30746,-1
30747,-1
30748,-1
30749,-1
30750,2
30751,2
30752,-1
30753,-1
30754,-1
30755,-1
30756,-1
30757,-1
30758,-1
30759,-1
30760,1
30761,1
30762,-1
30763,-1
30764,1
30765,0
30766,-1
30767,-1
30768,-1
30769,-1
30770,-1
30771,-1
30772,-1
30773,-1
30774,-1
30775,-1
30776,-1
30777,-1
30778,-1
30779,-1
30780,-1
30781,-1
30782,-1
30783,-1
30784,-1
30785,-1
30786,-1
30787,-1
30788,-1
30789,-1
30790,-1
30791,-1
30792,3
30793,1
30794,-1
30795,-1
30796,-1
30797,-1
30798,-1
30799,-1
30800,2
30801,0
30802,-1
30803,-1
30804,-1
30805,-1
30806,-1
30807,-1
30808,-1
30809,-1
30810,-1
30811,-1
30812,-1
30813,-1
30814,-1
30815,-1
30816,3
30817,0
30818,-1
30819,-1
30820,-1
30821,-1
30822,-1
30823,-1
30824,-1
30825,-1
30826,-1
30827,-1
30828,1
30829,0
30830,-1
30831,-1
30832,1
30833,0
30834,-1
30835,-1
30836,1
30837,0
30838,-1
30839,-1
30840,-1
30841,-1
30842,-1
30843,-1
30844,1
30845,1
30846,-1
30847,-1
30848,2
30849,1
30850,-1
30851,-1
30852,-1
30853,-1
30854,-1
30855,-1
30856,3
30857,0
30858,1
30859,1
30860,-1
30861,-1
30862,-1
30863,-1
30864,-1
30865,-1
30866,-1
30867,-1
30868,2
30869,0
30870,-1
30871,-1
30872,-1
30873,-1
30874,-1
30875,-1
30876,1
30877,0
30878,-1
30879,-1
30880,-1
30881,-1
30882,1
30883,0
30884,2
30885,0
30886,-1
30887,-1
30888,-1
30889,-1
30890,-1
30891,-1
30892,-1
30893,-1
30894,-1
30895,-1
30896,-1
30897,-1
30898,-1
30899,-1
30900,-1
30901,-1
30902,3
30903,2
30904,-1
30905,-1
30906,-1
30907,-1
30908,-1
30909,-1
30910,-1
30911,-1
30912,-1
30913,-1
30914,2
30915,0
30916,-1
30917,-1
30918,-1
30919,-1
30920,-1
30921,-1
30922,-1
30923,-1
30924,-1
30925,-1
30926,-1
30927,-1
30928,-1
30929,-1
30930,-1
30931,-1
30932,-1
30933,-1
30934,-1
30935,-1
30936,2
30937,0
30938,3
30939,2
30940,-1
30941,-1
30942,1
30943,2
30944,-1
30945,-1
30946,-1
30947,-1
30948,-1
30949,-1
30950,1
30951,1
30952,-1
30953,-1
30954,2
30955,0
30956,-1
30957,-1
30958,-1
30959,-1
30960,-1
30961,-1
30962,-1
30963,-1
30964,1
30965,2
30966,-1
30967,-1
30968,1
30969,0
30970,1
30971,0
30972,-1
30973,-1
30974,-1
30975,-1
30976,2
30977,0
30978,-1
30979,-1
30980,-1
30981,-1
30982,-1
30983,-1
30984,3
30985,1
30986,-1
30987,-1
30988,-1
30989,-1
30990,2
30991,0
30992,-1
30993,-1
30994,-1
30995,-1
30996,-1
30997,-1
30998,-1
30999,-1
31000,-1
31001,-1
31002,2
31003,0
31004,-1
31005,-1
31006,1
31007,0
31008,-1
31009,-1
31010,-1
31011,-1
31012,-1
31013,-1
31014,-1
31015,-1
31016,3
31017,1
31018,3
31019,1
31020,3
31021,1
31022,1
31023,2
31024,3
31025,2
31026,3
31027,1
31028,-1
31029,-1
31030,-1
31031,-1
31032,2
31033,0
31034,-1
31035,-1
31036,-1
31037,-1
31038,-1
31039,-1
31040,-1
31041,-1
31042,-1
31043,-1
31044,-1
31045,-1
31046,-1
31047,-1
31048,2
31049,1
31050,-1
31051,-1
31052,-1
31053,-1
31054,-1
31055,-1
31056,-1
31057,-1
31058,-1
31059,-1
31060,1
31061,1
31062,-1
31063,-1
31064,1
31065,0
31066,-1
31067,-1
31068,-1
31069,-1
31070,-1
31071,-1
31072,-1
31073,-1
31074,-1
31075,-1
31076,-1
31077,-1
31078,-1
31079,-1
31080,-1
31081,-1
31082,-1
31083,-1
31084,2
31085,0
31086,-1
31087,-1
31088,-1
31089,-1
31090,3
31091,1
31092,-1
31093,-1
31094,3
31095,2
31096,-1
31097,-1
31098,-1
31099,-1
31100,-1
31101,-1
31102,-1
31103,-1
31104,-1
31105,-1
31106,-1
31107,-1
31108,-1
31109,-1
31110,-1
31111,-1
31112,-1
31113,-1
31114,-1
31115,-1
31116,-1
31117,-1
31118,-1
31119,-1
31120,-1
31121,-1
31122,1
31123,0
31124,-1
31125,-1
31126,-1
31127,-1
31128,-1
31129,-1
31130,-1
31131,-1
31132,-1
31133,-1
31134,-1
31135,-1
31136,-1
31137,-1
31138,2
31139,1
31140,-1
31141,-1
31142,2
31143,1
31144,1
31145,0
31146,1
31147,0
31148,-1
31149,-1
31150,-1
31151,-1
31152,-1
31153,-1
31154,2
31155,1
31156,-1
31157,-1
31158,1
31159,2
31160,-1
31161,-1
31162,-1
31163,-1
31164,3
31165,1
31166,-1
31167,-1
31168,-1
31169,-1
31170,-1
31171,-1
31172,-1
31173,-1
31174,3
31175,2
31176,-1
31177,-1
31178,2
31179,2
31180,-1
31181,-1
31182,3
31183,2
31184,-1
31185,-1
31186,-1
31187,-1
31188,1
31189,0
31190,-1
31191,-1
31192,2
31193,0
31194,1
31195,2
31196,-1
31197,-1
31198,3
31199,0
31200,1
31201,1
31202,-1
31203,-1
31204,2
31205,1
31206,-1
31207,-1
31208,-1
31209,-1
31210,-1
31211,-1
31212,-1
31213,-1
31214,-1
31215,-1
31216,-1
31217,-1
31218,-1
31219,-1
31220,-1
31221,-1
31222,-1
31223,-1
31224,-1
31225,-1
31226,-1
31227,-1
31228,-1
31229,-1
31230,-1
31231,-1
31232,-1
31233,-1
31234,-1
31235,-1
31236,-1
31237,-1
31238,-1
31239,-1
31240,2
31241,1
31242,-1
31243,-1
31244,-1
31245,-1
31246,-1
31247,-1
31248,-1
31249,-1
31250,-1
31251,-1
31252,-1
31253,-1
31254,-1
31255,-1
31256,-1
31257,-1
31258,-1
31259,-1
31260,-1
31261,-1
31262,2
31263,1
31264,-1
31265,-1
31266,3
31267,1
31268,-1
31269,-1
31270,-1
31271,-1
31272,-1
31273,-1
31274,1
31275,1
31276,-1
31277,-1
31278,-1
31279,-1
31280,-1
31281,-1
31282,-1
31283,-1
31284,-1
31285,-1
31286,-1
31287,-1
31288,-1
31289,-1
31290,1
31291,0
31292,3
31293,0
31294,-1
31295,-1
31296,-1
31297,-1
31298,-1
31299,-1
31300,-1
31301,-1
31302,-1
31303,-1
31304,-1
31305,-1
31306,-1
31307,-1
31308,-1
31309,-1
31310,-1
31311,-1
31312,-1
31313,-1
31314,-1
31315,-1
31316,3
31317,2
31318,-1
31319,-1
31320,-1
31321,-1
31322,-1
31323,-1
31324,-1
31325,-1
31326,-1
31327,-1
31328,1
31329,1
31330,-1
31331,-1
31332,2
31333,1
31334,-1
31335,-1
31336,-1
31337,-1
31338,-1
31339,-1
31340,-1
31341,-1
31342,-1
31343,-1
31344,-1
31345,-1
31346,-1
31347,-1
31348,3
31349,2
31350,1
31351,1
31352,-1
31353,-1
31354,-1
31355,-1
31356,-1
31357,-1
31358,-1
31359,-1
31360,-1
31361,-1
31362,-1
31363,-1
31364,-1
31365,-1
31366,-1
31367,-1
31368,2
31369,0
31370,-1
31371,-1
31372,1
31373,0
31374,-1
31375,-1
31376,-1
31377,-1
31378,-1
31379,-1
31380,1
31381,2
31382,2
31383,2
31384,-1
31385,-1
31386,-1
31387,-1
31388,-1
31389,-1
31390,-1
31391,-1
31392,2
31393,2
31394,-1
31395,-1
31396,-1
31397,-1
31398,-1
31399,-1
31400,-1
31401,-1
31402,-1
31403,-1
31404,-1
31405,-1
31406,-1
31407,-1
31408,-1
31409,-1
31410,-1
31411,-1
31412,-1
31413,-1
31414,1
31415,1
31416,-1
31417,-1
31418,-1
31419,-1
31420,2
31421,1
31422,2
31423,2
31424,-1
31425,-1
31426,-1
31427,-1
31428,-1
31429,-1
31430,3
31431,0
31432,2
31433,1
31434,-1
31435,-1
31436,-1
31437,-1
31438,-1
31439,-1
31440,-1
31441,-1
31442,-1
31443,-1
31444,1
31445,1
31446,-1
31447,-1
31448,1
31449,0
31450,1
31451,2
31452,-1
31453,-1
31454,-1
31455,-1
31456,2
31457,1
31458,3
31459,1
31460,2
31461,1
31462,-1
31463,-1
31464,2
31465,1
31466,-1
31467,-1
31468,-1
31469,-1
31470,-1
31471,-1
31472,1
31473,2
31474,-1
31475,-1
31476,-1
31477,-1
31478,-1
31479,-1
31480,-1
31481,-1
31482,1
31483,1
31484,2
31485,0
31486,3
31487,0
31488,-1
31489,-1
31490,-1
31491,-1
31492,2
31493,2
31494,-1
31495,-1
31496,-1
31497,-1
31498,-1
31499,-1
31500,-1
31501,-1
31502,-1
31503,-1
31504,-1
31505,-1
31506,-1
31507,-1
31508,2
31509,2
31510,2
31511,0
31512,1
31513,2
31514,1
31515,1
31516,-1
31517,-1
31518,2
31519,0
31520,-1
31521,-1
31522,-1
31523,-1
31524,-1
31525,-1
31526,3
31527,1
31528,-1
31529,-1
31530,-1
31531,-1
31532,-1
31533,-1
31534,-1
31535,-1
31536,-1
31537,-1
31538,-1
31539,-1
31540,-1
31541,-1
31542,-1
31543,-1
31544,-1
31545,-1
31546,-1
31547,-1
31548,1
31549,1
31550,-1
31551,-1
31552,-1
31553,-1
31554,2
31555,0
31556,-1
31557,-1
31558,-1
31559,-1
31560,2
31561,0
31562,-1
31563,-1
31564,-1
31565,-1
31566,-1
31567,-1
31568,-1
31569,-1
31570,-1
31571,-1
31572,-1
31573,-1
31574,-1
31575,-1
31576,-1
31577,-1
31578,-1
31579,-1
31580,-1
31581,-1
31582,-1
31583,-1
31584,3
31585,0
31586,-1
31587,-1
31588,1
31589,1
31590,-1
31591,-1
31592,-1
31593,-1
31594,-1
31595,-1
31596,-1
31597,-1
31598,-1
31599,-1
31600,-1
31601,-1
31602,-1
31603,-1
31604,1
31605,0
31606,-1
31607,-1
31608,-1
31609,-1
31610,1
31611,0
31612,1
31613,0
31614,-1
31615,-1
31616,1
31617,0
31618,-1
31619,-1
31620,-1
31621,-1
31622,1
31623,1
31624,-1
31625,-1
31626,-1
31627,-1
31628,3
31629,2
31630,-1
31631,-1
31632,1
31633,0
31634,-1
31635,-1
31636,-1
31637,-1
31638,-1
31639,-1
31640,2
31641,1
31642,-1
31643,-1
31644,-1
31645,-1
31646,-1
31647,-1
31648,-1
31649,-1
31650,-1
31651,-1
31652,-1
31653,-1
31654,-1
31655,-1
31656,-1
31657,-1
31658,2
31659,1
31660,1
31661,1
31662,-1
31663,-1
31664,-1
31665,-1
31666,-1
31667,-1
31668,-1
31669,-1
31670,-1
31671,-1
31672,1
31673,1
31674,-1
31675,-1
31676,3
31677,2
31678,-1
31679,-1
31680,-1
31681,-1
31682,-1
31683,-1
31684,2
31685,1
31686,1
31687,2
31688,2
31689,1
31690,-1
31691,-1
31692,-1
31693,-1
31694,-1
31695,-1
31696,-1
31697,-1
31698,-1
31699,-1
31700,-1
31701,-1
31702,1
31703,2
31704,-1
31705,-1
31706,-1
31707,-1
31708,2
31709,2
31710,-1
31711,-1
31712,-1
31713,-1
31714,-1
31715,-1
31716,3
31717,0
31718,3
31719,1
31720,-1
31721,-1
31722,-1
31723,-1
31724,-1
31725,-1
31726,-1
31727,-1
31728,-1
31729,-1
31730,-1
31731,-1
31732,3
31733,0
31734,-1
31735,-1
31736,-1
31737,-1
31738,-1
31739,-1
31740,-1
31741,-1
31742,-1
31743,-1
31744,-1
31745,-1
31746,-1
31747,-1
31748,-1
31749,-1
31750,-1
31751,-1
31752,-1
31753,-1
31754,-1
31755,-1
31756,-1
31757,-1
31758,-1
31759,-1
31760,-1
31761,-1
31762,-1
31763,-1
31764,-1
31765,-1
31766,-1
31767,-1
31768,2
31769,0
31770,-1
31771,-1
31772,2
31773,0
31774,-1
31775,-1
31776,-1
31777,-1
31778,2
31779,2
31780,2
31781,2
31782,-1
31783,-1
31784,-1
31785,-1
31786,3
31787,0
31788,1
31789,0
31790,-1
31791,-1
31792,2
31793,1
31794,2
31795,2
31796,1
31797,1
31798,-1
31799,-1
31800,-1
31801,-1
31802,1
31803,0
31804,3
31805,0
31806,-1
31807,-1
31808,-1
31809,-1
31810,3
31811,1
31812,1
31813,0
31814,-1
31815,-1
31816,3
31817,1
31818,-1
31819,-1
31820,-1
31821,-1
31822,-1
31823,-1
31824,1
31825,0
31826,-1
31827,-1
31828,-1
31829,-1
31830,-1
31831,-1
31832,-1
31833,-1
31834,-1
31835,-1
31836,-1
31837,-1
31838,-1
31839,-1
31840,-1
31841,-1
31842,3
31843,1
31844,2
31845,1
31846,2
31847,1
31848,-1
31849,-1
31850,-1
31851,-1
31852,2
31853,0
31854,3
31855,1
31856,-1
31857,-1
31858,-1
31859,-1
31860,3
31861,0
31862,-1
31863,-1
31864,-1
31865,-1
31866,2
31867,2
31868,-1
31869,-1
31870,-1
31871,-1
31872,-1
31873,-1
31874,-1
31875,-1
31876,-1
31877,-1
31878,-1
31879,-1
31880,2
31881,2
31882,-1
31883,-1
31884,-1
31885,-1
31886,-1
31887,-1
31888,-1
31889,-1
31890,-1
31891,-1
31892,-1
31893,-1
31894,3
31895,0
31896,-1
31897,-1
31898,-1
31899,-1
31900,-1
31901,-1
31902,-1
31903,-1
31904,-1
31905,-1
31906,-1
31907,-1
31908,-1
31909,-1
31910,-1
31911,-1
31912,1
31913,1
31914,-1
31915,-1
31916,-1
31917,-1
31918,-1
31919,-1
31920,-1
31921,-1
31922,-1
31923,-1
31924,-1
31925,-1
31926,-1
31927,-1
31928,-1
31929,-1
31930,2
31931,2
31932,-1
31933,-1
31934,-1
31935,-1
31936,2
31937,0
31938,-1
31939,-1
31940,-1
31941,-1
31942,-1
31943,-1
31944,-1
31945,-1
31946,-1
31947,-1
31948,-1
31949,-1
31950,-1
31951,-1
31952,-1
31953,-1
31954,-1
31955,-1
31956,1
31957,2
31958,-1
31959,-1
31960,2
31961,0
31962,-1
31963,-1
31964,-1
31965,-1
31966,3
31967,2
31968,3
31969,2
31970,-1
31971,-1
31972,-1
31973,-1
31974,-1
31975,-1
31976,-1
31977,-1
31978,-1
31979,-1
31980,-1
31981,-1
31982,3
31983,2
31984,-1
31985,-1
31986,1
31987,2
31988,-1
31989,-1
31990,3
31991,2
31992,-1
31993,-1
31994,-1
31995,-1
31996,3
31997,1
31998,-1
31999,-1
32000,1
32001,1
32002,2
32003,1
32004,-1
32005,-1
32006,-1
32007,-1
32008,-1
32009,-1
32010,-1
32011,-1
32012,-1
32013,-1
32014,2
32015,1
32016,-1
32017,-1
32018,1
32019,1
32020,-1
32021,-1
32022,1
32023,0
32024,2
32025,1
32026,1
32027,0
32028,-1
32029,-1
32030,-1
32031,-1
32032,-1
32033,-1
32034,-1
32035,-1
32036,-1
32037,-1
32038,2
32039,0
32040,1
32041,0
32042,-1
32043,-1
32044,-1
32045,-1
32046,3
32047,2
32048,-1
32049,-1
32050,-1
32051,-1
32052,-1
32053,-1
32054,3
32055,1
32056,3
32057,2
32058,-1
32059,-1
32060,-1
32061,-1
32062,-1
32063,-1
32064,-1
32065,-1
32066,-1
32067,-1
32068,-1
32069,-1
32070,-1
32071,-1
32072,-1
32073,-1
32074,-1
32075,-1
32076,-1
32077,-1
32078,-1
32079,-1
32080,2
32081,2
32082,-1
32083,-1
32084,2
32085,1
32086,-1
32087,-1
32088,-1
32089,-1
32090,-1
32091,-1
32092,-1
32093,-1
32094,-1
32095,-1
32096,1
32097,2
32098,-1
32099,-1
32100,-1
32101,-1
32102,-1
32103,-1
32104,1
32105,2
32106,1
32107,0
32108,-1
32109,-1
32110,2
32111,0
32112,-1
32113,-1
32114,-1
32115,-1
32116,3
32117,2
32118,-1
32119,-1
32120,-1
32121,-1
32122,3
32123,0
32124,-1
32125,-1
32126,-1
32127,-1
32128,-1
32129,-1
32130,2
32131,2
32132,-1
32133,-1
32134,-1
32135,-1
32136,3
32137,0
32138,-1
32139,-1
32140,-1
32141,-1
32142,-1
32143,-1
32144,-1
32145,-1
32146,-1
32147,-1
32148,-1
32149,-1
32150,-1
32151,-1
32152,-1
32153,-1
32154,-1
32155,-1
32156,1
32157,0
32158,-1
32159,-1
32160,-1
32161,-1
32162,1
32163,2
32164,-1
32165,-1
32166,2
32167,2
32168,-1
32169,-1
32170,3
32171,0
32172,-1
32173,-1
32174,-1
32175,-1
32176,-1
32177,-1
32178,-1
32179,-1
32180,-1
32181,-1
32182,-1
32183,-1
32184,-1
32185,-1
32186,-1
32187,-1
32188,3
32189,1
32190,-1
32191,-1
32192,-1
32193,-1
32194,-1
32195,-1
32196,-1
32197,-1
32198,-1
32199,-1
32200,1
32201,2
32202,-1
32203,-1
32204,1
32205,2
32206,3
32207,1
32208,-1
32209,-1
32210,-1
32211,-1
32212,-1
32213,-1
32214,3
32215,2
32216,-1
32217,-1
32218,-1
32219,-1
32220,-1
32221,-1
32222,-1
32223,-1
32224,-1
32225,-1
32226,-1
32227,-1
32228,-1
32229,-1
32230,-1
32231,-1
32232,-1
32233,-1
32234,-1
32235,-1
32236,-1
32237,-1
32238,-1
32239,-1
32240,-1
32241,-1
32242,-1
32243,-1
32244,-1
32245,-1
32246,-1
32247,-1
32248,-1
32249,-1
32250,-1
32251,-1
32252,-1
32253,-1
32254,1
32255,0
32256,-1
32257,-1
32258,1
32259,2
32260,-1
32261,-1
32262,-1
32263,-1
32264,-1
32265,-1
32266,-1
32267,-1
32268,-1
32269,-1
32270,-1
32271,-1
32272,-1
32273,-1
32274,-1
32275,-1
32276,-1
32277,-1
32278,3
32279,0
32280,-1
32281,-1
32282,-1
32283,-1
32284,1
32285,0
32286,-1
32287,-1
32288,-1
32289,-1
32290,-1
32291,-1
32292,-1
32293,-1
32294,-1
32295,-1
32296,1
32297,1
32298,-1
32299,-1
32300,-1
32301,-1
32302,2
32303,1
32304,-1
32305,-1
32306,-1
32307,-1
32308,-1
32309,-1
32310,-1
32311,-1
32312,2
32313,2
32314,-1
32315,-1
32316,-1
32317,-1
32318,-1
32319,-1
32320,-1
32321,-1
32322,-1
32323,-1
32324,3
32325,1
32326,-1
32327,-1
32328,1
32329,0
32330,-1
32331,-1
32332,-1
32333,-1
32334,-1
32335,-1
32336,-1
32337,-1
32338,3
32339,1
32340,-1
32341,-1
32342,2
32343,2
32344,1
32345,0
32346,-1
32347,-1
32348,-1
32349,-1
32350,3
32351,1
32352,-1
32353,-1
32354,1
32355,0
32356,1
32357,0
32358,-1
32359,-1
32360,-1
32361,-1
32362,1
32363,2
32364,-1
32365,-1
32366,-1
32367,-1
32368,-1
32369,-1
32370,-1
32371,-1
32372,-1
32373,-1
32374,-1
32375,-1
32376,-1
32377,-1
32378,-1
32379,-1
32380,-1
32381,-1
32382,-1
32383,-1
32384,-1
32385,-1
32386,-1
32387,-1
32388,1
32389,0
32390,-1
32391,-1
32392,-1
32393,-1
32394,-1
32395,-1
32396,3
32397,2
32398,-1
32399,-1
32400,2
32401,1
32402,-1
32403,-1
32404,-1
32405,-1
32406,-1
32407,-1
32408,-1
32409,-1
32410,-1
32411,-1
32412,-1
32413,-1
32414,-1
32415,-1
32416,-1
32417,-1
32418,-1
32419,-1
32420,-1
32421,-1
32422,-1
32423,-1
32424,-1
32425,-1
32426,-1
32427,-1
32428,-1
32429,-1
32430,1
32431,0
32432,-1
32433,-1
32434,-1
32435,-1
32436,1
32437,0
32438,-1
32439,-1
32440,-1
32441,-1
32442,-1
32443,-1
32444,-1
32445,-1
32446,-1
32447,-1
32448,-1
32449,-1
32450,-1
32451,-1
32452,2
32453,2
32454,-1
32455,-1
32456,-1
32457,-1
32458,-1
32459,-1
32460,-1
32461,-1
32462,-1
32463,-1
32464,-1
32465,-1
32466,1
32467,1
32468,-1
32469,-1
32470,-1
32471,-1
32472,3
32473,0
32474,2
32475,0
32476,-1
32477,-1
32478,-1
32479,-1
32480,-1
32481,-1
32482,-1
32483,-1
32484,-1
32485,-1
32486,-1
32487,-1
32488,2
32489,1
32490,-1
32491,-1
32492,-1
32493,-1
32494,-1
32495,-1
32496,-1
32497,-1
32498,1
32499,0
32500,1
32501,0
32502,-1
32503,-1
32504,3
32505,0
32506,-1
32507,-1
32508,-1
32509,-1
32510,-1
32511,-1
32512,1
32513,0
32514,3
32515,2
32516,-1
32517,-1
32518,-1
32519,-1
32520,-1
32521,-1
32522,-1
32523,-1
32524,-1
32525,-1
32526,2
32527,1
32528,1
32529,2
32530,-1
32531,-1
32532,1
32533,2
32534,-1
32535,-1
32536,2
32537,1
32538,-1
32539,-1
32540,-1
32541,-1
32542,-1
32543,-1
32544,-1
32545,-1
32546,-1
32547,-1
32548,-1
32549,-1
32550,2
32551,2
32552,-1
32553,-1
32554,-1
32555,-1
32556,-1
32557,-1
32558,-1
32559,-1
32560,-1
32561,-1
32562,-1
32563,-1
32564,-1
32565,-1
32566,2
32567,2
32568,-1
32569,-1
32570,-1
32571,-1
32572,-1
32573,-1
32574,-1
32575,-1
32576,-1
32577,-1
32578,-1
32579,-1
32580,-1
32581,-1
32582,3
32583,1
32584,3
32585,1
32586,-1
32587,-1
32588,1
32589,2
32590,-1
32591,-1
32592,-1
32593,-1
32594,-1
32595,-1
32596,-1
32597,-1
32598,-1
32599,-1
32600,2
32601,0
32602,-1
32603,-1
32604,-1
32605,-1
32606,-1
32607,-1
32608,-1
32609,-1
32610,1
32611,2
32612,-1
32613,-1
32614,-1
32615,-1
32616,-1
32617,-1
32618,-1
32619,-1
32620,-1
32621,-1
32622,3
32623,2
32624,1
32625,1
32626,-1
32627,-1
32628,3
32629,1
32630,-1
32631,-1
32632,-1
32633,-1
32634,-1
32635,-1
32636,-1
32637,-1
32638,1
32639,0
32640,2
32641,1
32642,-1
32643,-1
32644,-1
32645,-1
32646,-1
32647,-1
32648,-1
32649,-1
32650,-1
32651,-1
32652,-1
32653,-1
32654,-1
32655,-1
32656,-1
32657,-1
32658,-1
32659,-1
32660,-1
32661,-1
32662,-1
32663,-1
32664,-1
32665,-1
32666,-1
32667,-1
32668,-1
32669,-1
32670,-1
32671,-1
32672,-1
32673,-1
32674,-1
32675,-1
32676,-1
32677,-1
32678,-1
32679,-1
32680,-1
32681,-1
32682,1
32683,1
32684,-1
32685,-1
32686,-1
32687,-1
32688,-1
32689,-1
32690,-1
32691,-1
32692,-1
32693,-1
32694,-1
32695,-1
32696,-1
32697,-1
32698,2
32699,0
32700,1
32701,0
32702,-1
32703,-1
32704,2
32705,0
32706,-1
32707,-1
32708,-1
32709,-1
32710,-1
32711,-1
32712,-1
32713,-1
32714,-1
32715,-1
32716,2
32717,0
32718,-1
32719,-1
32720,-1
32721,-1
32722,1
32723,0
32724,-1
32725,-1
32726,-1
32727,-1
32728,2
32729,1
32730,-1
32731,-1
32732,-1
32733,-1
32734,-1
32735,-1
32736,-1
32737,-1
32738,-1
32739,-1
32740,-1
32741,-1
32742,-1
32743,-1
32744,-1
32745,-1
32746,-1
32747,-1
32748,-1
32749,-1
32750,-1
32751,-1
32752,1
32753,2
32754,-1
32755,-1
32756,-1
32757,-1
32758,-1
32759,-1
32760,-1
32761,-1
32762,1
32763,0
32764,2
32765,1
32766,1
32767,2
32768,2
32769,1
32770,-1
32771,-1
32772,1
32773,0
32774,1
32775,1
32776,-1
32777,-1
32778,1
32779,2
32780,-1
32781,-1
32782,-1
32783,-1
32784,-1
32785,-1
32786,-1
32787,-1
32788,-1
32789,-1
32790,-1
32791,-1
32792,-1
32793,-1
32794,-1
32795,-1
32796,-1
32797,-1
32798,2
32799,0
32800,1
32801,0
32802,-1
32803,-1
32804,2
32805,0
32806,-1
32807,-1
32808,1
32809,1
32810,1
32811,0
32812,2
32813,0
32814,-1
32815,-1
32816,3
32817,2
32818,-1
32819,-1
32820,-1
32821,-1
32822,-1
32823,-1
32824,1
32825,0
32826,-1
32827,-1
32828,-1
32829,-1
32830,-1
32831,-1
32832,-1
32833,-1
32834,-1
32835,-1
32836,-1
32837,-1
32838,-1
32839,-1
32840,-1
32841,-1
32842,3
32843,2
32844,-1
32845,-1
32846,-1
32847,-1
32848,-1
32849,-1
32850,1
32851,1
32852,-1
32853,-1
32854,3
32855,0
32856,-1
32857,-1
32858,-1
32859,-1
32860,-1
32861,-1
32862,-1
32863,-1
32864,2
32865,2
32866,1
32867,2
32868,-1
32869,-1
32870,-1
32871,-1
32872,-1
32873,-1
32874,-1
32875,-1
32876,2
32877,0
32878,-1
32879,-1
32880,-1
32881,-1
32882,-1
32883,-1
32884,-1
32885,-1
32886,1
32887,0
32888,-1
32889,-1
32890,1
32891,1
32892,3
32893,1
32894,1
32895,1
32896,2
32897,1
32898,2
32899,2
32900,-1
32901,-1
32902,-1
32903,-1
32904,-1
32905,-1
32906,-1
32907,-1
32908,-1
32909,-1
32910,-1
32911,-1
32912,-1
32913,-1
32914,-1
32915,-1
32916,-1
32917,-1
32918,-1
32919,-1
32920,-1
32921,-1
32922,-1
32923,-1
32924,2
32925,0
32926,-1
32927,-1
32928,-1
32929,-1
32930,-1
32931,-1
32932,3
32933,0
32934,1
32935,0
32936,-1
32937,-1
32938,-1
32939,-1
32940,-1
32941,-1
32942,3
32943,0
32944,1
32945,1
32946,-1
32947,-1
32948,-1
32949,-1
32950,1
32951,0
32952,-1
32953,-1
32954,1
32955,2
32956,-1
32957,-1
32958,-1
32959,-1
32960,-1
32961,-1
32962,-1
32963,-1
32964,-1
32965,-1
32966,-1
32967,-1
32968,-1
32969,-1
32970,-1
32971,-1
32972,-1
32973,-1
32974,2
32975,1
32976,-1
32977,-1
32978,1
32979,1
32980,-1
32981,-1
32982,-1
32983,-1
32984,-1
32985,-1
32986,3
32987,0
32988,-1
32989,-1
32990,-1
32991,-1
32992,-1
32993,-1
32994,-1
32995,-1
32996,2
32997,2
32998,-1
32999,-1
33000,3
33001,0
33002,-1
33003,-1
33004,-1
33005,-1
33006,-1
33007,-1
33008,-1
33009,-1
33010,1
33011,2
33012,-1
33013,-1
33014,-1
33015,-1
33016,-1
33017,-1
33018,2
33019,1
33020,-1
33021,-1
33022,2
33023,2
33024,-1
33025,-1
33026,-1
33027,-1
33028,-1
33029,-1
33030,-1
33031,-1
33032,-1
33033,-1
33034,3
33035,1
33036,-1
33037,-1
33038,-1
33039,-1
33040,-1
33041,-1
33042,-1
33043,-1
33044,-1
33045,-1
33046,2
33047,0
33048,-1
33049,-1
33050,-1
33051,-1
33052,-1
33053,-1
33054,-1
33055,-1
33056,3
33057,1
33058,-1
33059,-1
33060,1
33061,1
33062,1
33063,0
33064,-1
33065,-1
33066,-1
33067,-1
33068,3
33069,1
33070,1
33071,0
33072,-1
33073,-1
33074,1
33075,0
33076,1
33077,1
33078,-1
33079,-1
33080,-1
33081,-1
33082,-1
33083,-1
33084,-1
33085,-1
33086,2
33087,2
33088,-1
33089,-1
33090,1
33091,0
33092,-1
33093,-1
33094,3
33095,2
33096,-1
33097,-1
33098,2
33099,1
33100,-1
33101,-1
33102,2
33103,0
33104,-1
33105,-1
33106,-1
33107,-1
33108,-1
33109,-1
33110,-1
33111,-1
33112,-1
33113,-1
33114,2
33115,2
33116,-1
33117,-1
33118,-1
33119,-1
33120,-1
33121,-1
33122,-1
33123,-1
33124,2
33125,1
33126,1
33127,0
33128,1
33129,0
33130,-1
33131,-1
33132,-1
33133,-1
33134,-1
33135,-1
33136,-1
33137,-1
33138,-1
33139,-1
33140,-1
33141,-1
33142,-1
33143,-1
33144,-1
33145,-1
33146,-1
33147,-1
33148,-1
33149,-1
33150,-1
33151,-1
33152,-1
33153,-1
33154,-1
33155,-1
33156,2
33157,2
33158,-1
33159,-1
33160,-1
33161,-1
33162,3
33163,2
33164,1
33165,0
33166,2
33167,0
33168,2
33169,2
33170,-1
33171,-1
33172,-1
33173,-1
33174,-1
33175,-1
33176,-1
33177,-1
33178,1
33179,1
33180,-1
33181,-1
33182,2
33183,1
33184,-1
33185,-1
33186,-1
33187,-1
33188,-1
33189,-1
33190,1
33191,0
33192,3
33193,1
33194,-1
33195,-1
33196,-1
33197,-1
33198,-1
33199,-1
33200,2
33201,0
33202,2
33203,2
33204,-1
33205,-1
33206,-1
33207,-1
33208,3
33209,2
33210,-1
33211,-1
33212,-1
33213,-1
33214,-1
33215,-1
33216,-1
33217,-1
33218,-1
33219,-1
33220,-1
33221,-1
33222,3
33223,0
33224,-1
33225,-1
33226,-1
33227,-1
33228,-1
33229,-1
33230,2
33231,1
33232,-1
33233,-1
33234,1
33235,1
33236,2
33237,1
33238,1
33239,2
33240,-1
33241,-1
33242,-1
33243,-1
33244,-1
33245,-1
33246,-1
33247,-1
33248,-1
33249,-1
33250,-1
33251,-1
33252,2
33253,1
33254,-1
33255,-1
33256,-1
33257,-1
33258,-1
33259,-1
33260,-1
33261,-1
33262,-1
33263,-1
33264,2
33265,2
33266,-1
33267,-1
33268,-1
33269,-1
33270,-1
33271,-1
33272,2
33273,2
33274,-1
33275,-1
33276,-1
33277,-1
33278,-1
33279,-1
33280,-1
33281,-1
33282,1
33283,2
33284,-1
33285,-1
33286,-1
33287,-1
33288,-1
33289,-1
33290,-1
33291,-1
33292,3
33293,0
33294,-1
33295,-1
33296,2
33297,0
33298,-1
33299,-1
33300,-1
33301,-1
33302,-1
33303,-1
33304,-1
33305,-1
33306,2
33307,2
33308,-1
33309,-1
33310,1
33311,1
33312,-1
33313,-1
33314,-1
33315,-1
33316,3
33317,1
33318,3
33319,1
33320,-1
33321,-1
33322,-1
33323,-1
33324,-1
33325,-1
33326,1
33327,0
33328,1
33329,1
33330,-1
33331,-1
33332,-1
33333,-1
33334,3
33335,1
33336,-1
33337,-1
33338,3
33339,0
33340,-1
33341,-1
33342,-1
33343,-1
33344,-1
33345,-1
33346,-1
33347,-1
33348,-1
33349,-1
33350,1
33351,2
33352,-1
33353,-1
33354,1
33355,1
33356,1
33357,2
33358,-1
33359,-1
33360,2
33361,2
33362,-1
33363,-1
33364,-1
33365,-1
33366,-1
33367,-1
33368,-1
33369,-1
33370,-1
33371,-1
33372,3
33373,2
33374,-1
33375,-1
33376,-1
33377,-1
33378,-1
33379,-1
33380,-1
33381,-1
33382,-1
33383,-1
33384,3
33385,2
33386,-1
33387,-1
33388,-1
33389,-1
33390,-1
33391,-1
33392,-1
33393,-1
33394,-1
33395,-1
33396,-1
33397,-1
33398,1
33399,0
33400,-1
33401,-1
33402,-1
33403,-1
33404,-1
33405,-1
33406,-1
33407,-1
33408,-1
33409,-1
33410,-1
33411,-1
33412,-1
33413,-1
33414,2
33415,1
33416,-1
33417,-1
33418,-1
33419,-1
33420,-1
33421,-1
33422,-1
33423,-1
33424,-1
33425,-1
33426,-1
33427,-1
33428,3
33429,1
33430,-1
33431,-1
33432,-1
33433,-1
33434,-1
33435,-1
33436,3
33437,0
33438,1
33439,0
33440,3
33441,0
33442,-1
33443,-1
33444,-1
33445,-1
33446,-1
33447,-1
33448,-1
33449,-1
33450,-1
33451,-1
33452,-1
33453,-1
33454,-1
33455,-1
33456,-1
33457,-1
33458,-1
33459,-1
33460,-1
33461,-1
33462,-1
33463,-1
33464,3
33465,2
33466,-1
33467,-1
33468,-1
33469,-1
33470,-1
33471,-1
33472,-1
33473,-1
33474,-1
33475,-1
33476,-1
33477,-1
33478,-1
33479,-1
33480,-1
33481,-1
33482,-1
33483,-1
33484,-1
33485,-1
33486,-1
33487,-1
33488,3
33489,2
33490,2
33491,1
33492,2
33493,1
33494,-1
33495,-1
33496,-1
33497,-1
33498,1
33499,2
33500,-1
33501,-1
33502,-1
33503,-1
33504,-1
33505,-1
33506,-1
33507,-1
33508,-1
33509,-1
33510,-1
33511,-1
33512,-1
33513,-1
33514,1
33515,0
33516,-1
33517,-1
33518,3
33519,2
33520,-1
33521,-1
33522,-1
33523,-1
33524,-1
33525,-1
33526,-1
33527,-1
33528,-1
33529,-1
33530,-1
33531,-1
33532,-1
33533,-1
33534,-1
33535,-1
33536,2
33537,2
33538,-1
33539,-1
33540,-1
33541,-1
33542,-1
33543,-1
33544,-1
33545,-1
33546,-1
33547,-1
33548,-1
33549,-1
33550,-1
33551,-1
33552,1
33553,0
33554,-1
33555,-1
33556,1
33557,2
33558,-1
33559,-1
33560,-1
33561,-1
33562,-1
33563,-1
33564,1
33565,0
33566,-1
33567,-1
33568,-1
33569,-1
33570,2
33571,1
33572,-1
33573,-1
33574,-1
33575,-1
33576,-1
33577,-1
33578,2
33579,0
33580,-1
33581,-1
33582,-1
33583,-1
33584,-1
33585,-1
33586,-1
33587,-1
33588,2
33589,2
33590,-1
33591,-1
33592,-1
33593,-1
33594,-1
33595,-1
33596,1
33597,0
33598,-1
33599,-1
33600,-1
33601,-1
33602,2
33603,1
33604,3
33605,1
33606,-1
33607,-1
33608,-1
33609,-1
33610,-1
33611,-1
33612,2
33613,2
33614,2
33615,1
33616,-1
33617,-1
33618,-1
33619,-1
33620,2
33621,1
33622,-1
33623,-1
33624,-1
33625,-1
33626,-1
33627,-1
33628,-1
33629,-1
33630,-1
33631,-1
33632,-1
33633,-1
33634,-1
33635,-1
33636,-1
33637,-1
33638,-1
33639,-1
33640,-1
33641,-1
33642,-1
33643,-1
33644,-1
33645,-1
33646,3
33647,0
33648,-1
33649,-1
33650,-1
33651,-1
33652,1
33653,0
33654,-1
33655,-1
33656,-1
33657,-1
33658,-1
33659,-1
33660,-1
33661,-1
33662,-1
33663,-1
33664,-1
33665,-1
33666,2
33667,1
33668,-1
33669,-1
33670,-1
33671,-1
33672,-1
33673,-1
33674,-1
33675,-1
33676,-1
33677,-1
33678,1
33679,0
33680,-1
33681,-1
33682,1
33683,2
33684,-1
33685,-1
33686,-1
33687,-1
33688,-1
33689,-1
33690,-1
33691,-1
33692,-1
33693,-1
33694,-1
33695,-1
33696,-1
33697,-1
33698,-1
33699,-1
33700,-1
33701,-1
33702,2
33703,1
33704,-1
33705,-1
33706,-1
33707,-1
33708,-1
33709,-1
33710,-1
33711,-1
33712,3
33713,0
33714,3
33715,0
33716,3
33717,2
33718,-1
33719,-1
33720,-1
33721,-1
33722,1
33723,1
33724,2
33725,1
33726,-1
33727,-1
33728,3
33729,0
33730,1
33731,0
33732,-1
33733,-1
33734,-1
33735,-1
33736,-1
33737,-1
33738,2
33739,1
33740,1
33741,0
33742,-1
33743,-1
33744,-1
33745,-1
33746,-1
33747,-1
33748,1
33749,1
33750,-1
33751,-1
33752,-1
33753,-1
33754,-1
33755,-1
33756,-1
33757,-1
33758,-1
33759,-1
33760,-1
33761,-1
33762,-1
33763,-1
33764,-1
33765,-1
33766,-1
33767,-1
33768,-1
33769,-1
33770,-1
33771,-1
33772,-1
33773,-1
33774,1
33775,2
33776,-1
33777,-1
33778,-1
33779,-1
33780,-1
33781,-1
33782,3
33783,2
33784,-1
33785,-1
33786,-1
33787,-1
33788,-1
33789,-1
33790,-1
33791,-1
33792,3
33793,1
33794,-1
33795,-1
33796,-1
33797,-1
33798,3
33799,1
33800,3
33801,2
33802,-1
33803,-1
33804,-1
33805,-1
33806,-1
33807,-1
33808,3
33809,0
33810,-1
33811,-1
33812,-1
33813,-1
33814,-1
33815,-1
33816,-1
33817,-1
33818,-1
33819,-1
33820,-1
33821,-1
33822,-1
33823,-1
33824,-1
33825,-1
33826,1
33827,2
33828,2
33829,1
33830,3
33831,2
33832,3
33833,1
33834,3
33835,0
33836,-1
33837,-1
33838,-1
33839,-1
33840,-1
33841,-1
33842,3
33843,0
33844,-1
33845,-1
33846,2
33847,2
33848,-1
33849,-1
33850,1
33851,0
33852,-1
33853,-1
33854,-1
33855,-1
33856,-1
33857,-1
33858,-1
33859,-1
33860,3
33861,2
33862,-1
33863,-1
33864,-1
33865,-1
33866,-1
33867,-1
33868,3
33869,2
33870,-1
33871,-1
33872,-1
33873,-1
33874,-1
33875,-1
33876,3
33877,1
33878,-1
33879,-1
33880,1
33881,2
33882,-1
33883,-1
33884,2
33885,2
33886,-1
33887,-1
33888,-1
33889,-1
33890,-1
33891,-1
33892,-1
33893,-1
33894,1
33895,2
33896,-1
33897,-1
33898,-1
33899,-1
33900,-1
33901,-1
33902,-1
33903,-1
33904,-1
33905,-1
33906,-1
33907,-1
33908,-1
33909,-1
33910,-1
33911,-1
33912,-1
33913,-1
33914,-1
33915,-1
33916,-1
33917,-1
33918,-1
33919,-1
33920,-1
33921,-1
33922,-1
33923,-1
33924,-1
33925,-1
33926,2
33927,2
33928,-1
33929,-1
33930,1
33931,0
33932,-1
33933,-1
33934,3
33935,0
33936,-1
33937,-1
33938,-1
33939,-1
33940,-1
33941,-1
33942,2
33943,2
33944,-1
33945,-1
33946,-1
33947,-1
33948,-1
33949,-1
33950,2
33951,1
33952,-1
33953,-1
33954,1
33955,0
33956,3
33957,2
33958,-1
33959,-1
33960,2
33961,1
33962,3
33963,0
33964,-1
33965,-1
33966,-1
33967,-1
33968,-1
33969,-1
33970,-1
33971,-1
33972,1
33973,1
33974,1
33975,0
33976,-1
33977,-1
33978,3
33979,2
33980,-1
33981,-1
33982,2
33983,2
33984,1
33985,2
33986,-1
33987,-1
33988,1
33989,2
33990,-1
33991,-1
33992,2
33993,1
33994,-1
33995,-1
33996,-1
33997,-1
33998,-1
33999,-1
34000,-1
34001,-1
34002,3
34003,0
34004,-1
34005,-1
34006,3
34007,2
34008,-1
34009,-1
34010,1
34011,2
34012,-1
34013,-1
34014,-1
34015,-1
34016,-1
34017,-1
34018,-1
34019,-1
34020,-1
34021,-1
34022,-1
34023,-1
34024,1
34025,1
34026,-1
34027,-1
34028,-1
34029,-1
34030,-1
34031,-1
34032,-1
34033,-1
34034,-1
34035,-1
34036,-1
34037,-1
34038,-1
34039,-1
34040,-1
34041,-1
34042,-1
34043,-1
34044,-1
34045,-1
34046,-1
34047,-1
34048,-1
34049,-1
34050,-1
34051,-1
34052,-1
34053,-1
34054,1
34055,0
34056,-1
34057,-1
34058,-1
34059,-1
34060,2
34061,1
34062,-1
34063,-1
34064,1
34065,0
34066,-1
34067,-1
34068,2
34069,1
34070,-1
34071,-1
34072,-1
34073,-1
34074,2
34075,0
34076,-1
34077,-1
34078,3
34079,2
34080,-1
34081,-1
34082,-1
34083,-1
34084,-1
34085,-1
34086,-1
34087,-1
34088,-1
34089,-1
34090,-1
34091,-1
34092,-1
34093,-1
34094,1
34095,2
34096,3
34097,2
34098,-1
34099,-1
34100,-1
34101,-1
34102,-1
34103,-1
34104,1
34105,2
34106,2
34107,1
34108,-1
34109,-1
34110,3
34111,0
34112,-1
34113,-1
34114,1
34115,1
34116,-1
34117,-1
34118,-1
34119,-1
34120,2
34121,0
34122,3
34123,0
34124,-1
34125,-1
34126,-1
34127,-1
34128,1
34129,1
34130,-1
34131,-1
34132,2
34133,0
34134,1
34135,0
34136,3
34137,0
34138,1
34139,0
34140,1
34141,2
34142,1
34143,1
34144,-1
34145,-1
34146,-1
34147,-1
34148,-1
34149,-1
34150,-1
34151,-1
34152,-1
34153,-1
34154,-1
34155,-1
34156,1
34157,2
34158,-1
34159,-1
34160,-1
34161,-1
34162,-1
34163,-1
34164,-1
34165,-1
34166,1
34167,0
34168,-1
34169,-1
34170,-1
34171,-1
34172,2
34173,1
34174,1
34175,0
34176,-1
34177,-1
34178,-1
34179,-1
34180,-1
34181,-1
34182,-1
34183,-1
34184,-1
34185,-1
34186,-1
34187,-1
34188,-1
34189,-1
34190,-1
34191,-1
34192,3
34193,2
34194,-1
34195,-1
34196,-1
34197,-1
34198,-1
34199,-1
34200,1
34201,0
34202,1
34203,0
34204,-1
34205,-1
34206,1
34207,1
34208,-1
34209,-1
34210,-1
34211,-1
34212,3
34213,1
34214,-1
34215,-1
34216,-1
34217,-1
34218,2
34219,1
34220,-1
34221,-1
34222,-1
34223,-1
34224,-1
34225,-1
34226,3
34227,1
34228,3
34229,0
34230,2
34231,1
34232,-1
34233,-1
34234,-1
34235,-1
34236,-1
34237,-1
34238,3
34239,2
34240,1
34241,1
34242,-1
34243,-1
34244,-1
34245,-1
34246,-1
34247,-1
34248,-1
34249,-1
34250,-1
34251,-1
34252,-1
34253,-1
34254,-1
34255,-1
34256,-1
34257,-1
34258,2
34259,0
34260,-1
34261,-1
34262,-1
34263,-1
34264,1
34265,0
34266,-1
34267,-1
34268,-1
34269,-1
34270,1
34271,1
34272,1
34273,1
34274,-1
34275,-1
34276,-1
34277,-1
34278,-1
34279,-1
34280,-1
34281,-1
34282,1
34283,0
34284,3
34285,2
34286,1
34287,0
34288,-1
34289,-1
34290,3
34291,0
34292,-1
34293,-1
34294,-1
34295,-1
34296,3
34297,1
34298,-1
34299,-1
34300,-1
34301,-1
34302,3
34303,2
34304,-1
34305,-1
34306,2
34307,2
34308,-1
34309,-1
34310,-1
34311,-1
34312,-1
34313,-1
34314,-1
34315,-1
34316,-1
34317,-1
34318,2
34319,0
34320,-1
34321,-1
34322,2
34323,1
34324,-1
34325,-1
34326,3
34327,0
34328,-1
34329,-1
34330,-1
34331,-1
34332,3
34333,2
34334,-1
34335,-1
34336,-1
34337,-1
34338,-1
34339,-1
34340,1
34341,0
34342,2
34343,0
34344,-1
34345,-1
34346,-1
34347,-1
34348,-1
34349,-1
34350,-1
34351,-1
34352,-1
34353,-1
34354,2
34355,1
34356,-1
34357,-1
34358,1
34359,0
34360,-1
34361,-1
34362,3
34363,1
34364,2
34365,1
34366,3
34367,2
34368,2
34369,2
34370,1
34371,0
34372,2
34373,1
34374,-1
34375,-1
34376,1
34377,0
34378,-1
34379,-1
34380,-1
34381,-1
34382,-1
34383,-1
34384,-1
34385,-1
34386,1
34387,0
34388,-1
34389,-1
34390,-1
34391,-1
34392,1
34393,2
34394,-1
34395,-1
34396,-1
34397,-1
34398,-1
34399,-1
34400,-1
34401,-1
34402,-1
34403,-1
34404,-1
34405,-1
34406,2
34407,1
34408,3
34409,0
34410,-1
34411,-1
34412,-1
34413,-1
34414,3
34415,0
34416,-1
34417,-1
34418,-1
34419,-1
34420,-1
34421,-1
34422,-1
34423,-1
34424,1
34425,1
34426,-1
34427,-1
34428,-1
34429,-1
34430,2
34431,1
34432,-1
34433,-1
34434,-1
34435,-1
34436,-1
34437,-1
34438,2
34439,0
34440,-1
34441,-1
34442,-1
34443,-1
34444,3
34445,0
34446,3
34447,0
34448,3
34449,1
34450,2
34451,0
34452,-1
34453,-1
34454,3
34455,0
34456,-1
34457,-1
34458,-1
34459,-1
34460,-1
34461,-1
34462,2
34463,0
34464,-1
34465,-1
34466,-1
34467,-1
34468,-1
34469,-1
34470,1
34471,1
34472,-1
34473,-1
34474,2
34475,1
34476,-1
34477,-1
34478,-1
34479,-1
34480,-1
34481,-1
34482,-1
34483,-1
34484,-1
34485,-1
34486,-1
34487,-1
34488,-1
34489,-1
34490,-1
34491,-1
34492,2
34493,1
34494,-1
34495,-1
34496,3
34497,2
34498,-1
34499,-1
34500,1
34501,2
34502,-1
34503,-1
34504,-1
34505,-1
34506,-1
34507,-1
34508,-1
34509,-1
34510,-1
34511,-1
34512,-1
34513,-1
34514,-1
34515,-1
34516,1
34517,0
34518,-1
34519,-1
34520,-1
34521,-1
34522,1
34523,0
34524,-1
34525,-1
34526,-1
34527,-1
34528,-1
34529,-1
34530,-1
34531,-1
34532,2
34533,1
34534,1
34535,0
34536,-1
34537,-1
34538,-1
34539,-1
34540,-1
34541,-1
34542,1
34543,0
34544,2
34545,1
34546,2
34547,2
34548,-1
34549,-1
34550,-1
34551,-1
34552,-1
34553,-1
34554,-1
34555,-1
34556,-1
34557,-1
34558,-1
34559,-1
34560,-1
34561,-1
34562,-1
34563,-1
34564,-1
34565,-1
34566,-1
34567,-1
34568,-1
34569,-1
34570,-1
34571,-1
34572,-1
34573,-1
34574,2
34575,2
34576,2
34577,0
34578,-1
34579,-1
34580,3
34581,0
34582,1
34583,1
34584,-1
34585,-1
34586,-1
34587,-1
34588,-1
34589,-1
34590,-1
34591,-1
34592,-1
34593,-1
34594,-1
34595,-1
34596,-1
34597,-1
34598,-1
34599,-1
34600,-1
34601,-1
34602,-1
34603,-1
34604,-1
34605,-1
34606,-1
34607,-1
34608,-1
34609,-1
34610,-1
34611,-1
34612,-1
34613,-1
34614,2
34615,2
34616,3
34617,0
34618,-1
34619,-1
34620,-1
34621,-1
34622,1
34623,1
34624,-1
34625,-1
34626,1
34627,0
34628,1
34629,0
34630,-1
34631,-1
34632,-1
34633,-1
34634,-1
34635,-1
34636,2
34637,1
34638,-1
34639,-1
34640,-1
34641,-1
34642,1
34643,2
34644,-1
34645,-1
34646,-1
34647,-1
34648,-1
34649,-1
34650,-1
34651,-1
34652,2
34653,1
34654,-1
34655,-1
34656,-1
34657,-1
34658,-1
34659,-1
34660,2
34661,0
34662,-1
34663,-1
34664,-1
34665,-1
34666,-1
34667,-1
34668,-1
34669,-1
34670,1
34671,1
34672,-1
34673,-1
34674,-1
34675,-1
34676,-1
34677,-1
34678,-1
34679,-1
34680,-1
34681,-1
34682,-1
34683,-1
34684,-1
34685,-1
34686,1
34687,1
34688,-1
34689,-1
34690,-1
34691,-1
34692,-1
34693,-1
34694,1
34695,1
34696,2
34697,2
34698,2
34699,0
34700,-1
34701,-1
34702,3
34703,1
34704,2
34705,1
34706,-1
34707,-1
34708,-1
34709,-1
34710,-1
34711,-1
34712,-1
34713,-1
34714,-1
34715,-1
34716,1
34717,0
34718,-1
34719,-1
34720,-1
34721,-1
34722,-1
34723,-1
34724,-1
34725,-1
34726,-1
34727,-1
34728,1
34729,0
34730,2
34731,0
34732,-1
34733,-1
34734,-1
34735,-1
34736,1
34737,0
34738,-1
34739,-1
34740,-1
34741,-1
34742,2
34743,2
34744,-1
34745,-1
34746,-1
34747,-1
34748,-1
34749,-1
34750,-1
34751,-1
34752,-1
34753,-1
34754,-1
34755,-1
34756,2
34757,1
34758,-1
34759,-1
34760,-1
34761,-1
34762,-1
34763,-1
34764,-1
34765,-1
34766,-1
34767,-1
34768,-1
34769,-1
34770,-1
34771,-1
34772,-1
34773,-1
34774,-1
34775,-1
34776,-1
34777,-1
34778,1
34779,2
34780,-1
34781,-1
34782,3
34783,1
34784,-1
34785,-1
34786,3
34787,2
34788,-1
34789,-1
34790,3
34791,1
34792,3
34793,2
34794,-1
34795,-1
34796,-1
34797,-1
34798,-1
34799,-1
34800,-1
34801,-1
34802,1
34803,1
34804,1
34805,0
34806,2
34807,0
34808,-1
34809,-1
34810,-1
34811,-1
34812,-1
34813,-1
34814,-1
34815,-1
34816,-1
34817,-1
34818,-1
34819,-1
34820,-1
34821,-1
34822,-1
34823,-1
34824,2
34825,1
34826,-1
34827,-1
34828,3
34829,0
34830,3
34831,2
34832,-1
34833,-1
34834,-1
34835,-1
34836,-1
34837,-1
34838,-1
34839,-1
34840,-1
34841,-1
34842,-1
34843,-1
34844,-1
34845,-1
34846,-1
34847,-1
34848,1
34849,2
34850,-1
34851,-1
34852,2
34853,1
34854,-1
34855,-1
34856,-1
34857,-1
34858,2
34859,1
34860,-1
34861,-1
34862,3
34863,2
34864,-1
34865,-1
34866,-1
34867,-1
34868,-1
34869,-1
34870,-1
34871,-1
34872,-1
34873,-1
34874,1
34875,1
34876,-1
34877,-1
34878,3
34879,0
34880,-1
34881,-1
34882,-1
34883,-1
34884,-1
34885,-1
34886,-1
34887,-1
34888,-1
34889,-1
34890,-1
34891,-1
34892,2
34893,0
34894,2
34895,0
34896,-1
34897,-1
34898,-1
34899,-1
34900,-1
34901,-1
34902,1
34903,0
34904,-1
34905,-1
34906,-1
34907,-1
34908,-1
34909,-1
34910,3
34911,1
34912,-1
34913,-1
34914,2
34915,0
34916,-1
34917,-1
34918,-1
34919,-1
34920,2
34921,0
34922,3
34923,0
34924,-1
34925,-1
34926,-1
34927,-1
34928,-1
34929,-1
34930,1
34931,2
34932,-1
34933,-1
34934,-1
34935,-1
34936,-1
34937,-1
34938,-1
34939,-1
34940,-1
34941,-1
34942,2
34943,2
34944,-1
34945,-1
34946,1
34947,2
34948,-1
34949,-1
34950,3
34951,2
34952,-1
34953,-1
34954,-1
34955,-1
34956,-1
34957,-1
34958,1
34959,0
34960,-1
34961,-1
34962,3
34963,1
34964,-1
34965,-1
34966,-1
34967,-1
34968,-1
34969,-1
34970,-1
34971,-1
34972,-1
34973,-1
34974,-1
34975,-1
34976,-1
34977,-1
34978,2
34979,0
34980,-1
34981,-1
34982,1
34983,0
34984,-1
34985,-1
34986,-1
34987,-1
34988,-1
34989,-1
34990,3
34991,1
34992,-1
34993,-1
34994,-1
34995,-1
34996,-1
34997,-1
34998,-1
34999,-1
35000,-1
35001,-1
35002,-1
35003,-1
35004,2
35005,2
35006,1
35007,2
35008,1
35009,0
35010,-1
35011,-1
35012,-1
35013,-1
35014,-1
35015,-1
35016,-1
35017,-1
35018,-1
35019,-1
35020,1
35021,0
35022,-1
35023,-1
35024,-1
35025,-1
35026,2
35027,2
35028,-1
35029,-1
35030,-1
35031,-1
35032,1
35033,2
35034,-1
35035,-1
35036,1
35037,1
35038,-1
35039,-1
35040,-1
35041,-1
35042,-1
35043,-1
35044,-1
35045,-1
35046,-1
35047,-1
35048,-1
35049,-1
35050,-1
35051,-1
35052,3
35053,0
35054,2
35055,0
35056,-1
35057,-1
35058,-1
35059,-1
35060,-1
35061,-1
35062,-1
35063,-1
35064,-1
35065,-1
35066,-1
35067,-1
35068,1
35069,0
35070,1
35071,2
35072,-1
35073,-1
35074,1
35075,0
35076,-1
35077,-1
35078,-1
35079,-1
35080,-1
35081,-1
35082,1
35083,1
35084,-1
35085,-1
35086,-1
35087,-1
35088,-1
35089,-1
35090,-1
35091,-1
35092,-1
35093,-1
35094,2
35095,0
35096,1
35097,2
35098,-1
35099,-1
35100,3
35101,0
35102,-1
35103,-1
35104,-1
35105,-1
35106,2
35107,2
35108,-1
35109,-1
35110,2
35111,2
35112,-1
35113,-1
35114,-1
35115,-1
35116,-1
35117,-1
35118,-1
35119,-1
35120,-1
35121,-1
35122,1
35123,1
35124,2
35125,2
35126,-1
35127,-1
35128,-1
35129,-1
35130,3
35131,1
35132,-1
35133,-1
35134,-1
35135,-1
35136,-1
35137,-1
35138,-1
35139,-1
35140,2
35141,1
35142,2
35143,0
35144,1
35145,2
35146,1
35147,2
35148,1
35149,2
35150,-1
35151,-1
35152,3
35153,1
35154,-1
35155,-1
35156,3
35157,2
35158,1
35159,2
35160,2
35161,0
35162,-1
35163,-1
35164,-1
35165,-1
35166,-1
35167,-1
35168,-1
35169,-1
35170,-1
35171,-1
35172,-1
35173,-1
35174,-1
35175,-1
35176,2
35177,1
35178,3
35179,1
35180,-1
35181,-1
35182,-1
35183,-1
35184,3
35185,1
35186,-1
35187,-1
35188,-1
35189,-1
35190,-1
35191,-1
35192,-1
35193,-1
35194,3
35195,1
35196,2
35197,1
35198,-1
35199,-1
35200,-1
35201,-1
35202,3
35203,2
35204,3
35205,2
35206,-1
35207,-1
35208,-1
35209,-1
35210,3
35211,1
35212,-1
35213,-1
35214,3
35215,1
35216,-1
35217,-1
35218,-1
35219,-1
35220,-1
35221,-1
35222,-1
35223,-1
35224,-1
35225,-1
35226,-1
35227,-1
35228,-1
35229,-1
35230,-1
35231,-1
35232,3
35233,1
35234,-1
35235,-1
35236,1
35237,2
35238,-1
35239,-1
35240,-1
35241,-1
35242,-1
35243,-1
35244,-1
35245,-1
35246,-1
35247,-1
35248,-1
35249,-1
35250,-1
35251,-1
35252,-1
35253,-1
35254,-1
35255,-1
35256,-1
35257,-1
35258,-1
35259,-1
35260,-1
35261,-1
35262,-1
35263,-1
35264,-1
35265,-1
35266,-1
35267,-1
35268,2
35269,1
35270,-1
35271,-1
35272,-1
35273,-1
35274,-1
35275,-1
35276,2
35277,0
35278,2
35279,2
35280,-1
35281,-1
35282,-1
35283,-1
35284,-1
35285,-1
35286,-1
35287,-1
35288,-1
35289,-1
35290,-1
35291,-1
35292,-1
35293,-1
35294,-1
35295,-1
35296,-1
35297,-1
35298,-1
35299,-1
35300,2
35301,2
35302,-1
35303,-1
35304,3
35305,1
35306,2
35307,0
35308,-1
35309,-1
35310,-1
35311,-1
35312,2
35313,0
35314,-1
35315,-1
35316,-1
35317,-1
35318,-1
35319,-1
35320,1
35321,1
35322,-1
35323,-1
35324,-1
35325,-1
35326,-1
35327,-1
35328,-1
35329,-1
35330,-1
35331,-1
35332,-1
35333,-1
35334,-1
35335,-1
35336,-1
35337,-1
35338,-1
35339,-1
35340,-1
35341,-1
35342,-1
35343,-1
35344,-1
35345,-1
35346,-1
35347,-1
35348,-1
35349,-1
35350,3
35351,0
35352,-1
35353,-1
35354,-1
35355,-1
35356,2
35357,2
35358,1
35359,0
35360,-1
35361,-1
35362,3
35363,2
35364,-1
35365,-1
35366,-1
35367,-1
35368,-1
35369,-1
35370,-1
35371,-1
35372,1
35373,1
35374,-1
35375,-1
35376,-1
35377,-1
35378,-1
35379,-1
35380,1
35381,1
35382,-1
35383,-1
35384,3
35385,1
35386,2
35387,0
35388,-1
35389,-1
35390,-1
35391,-1
35392,-1
35393,-1
35394,-1
35395,-1
35396,-1
35397,-1
35398,-1
35399,-1
35400,-1
35401,-1
35402,1
35403,1
35404,2
35405,0
35406,-1
35407,-1
35408,-1
35409,-1
35410,-1
35411,-1
35412,-1
35413,-1
35414,-1
35415,-1
35416,-1
35417,-1
35418,-1
35419,-1
35420,-1
35421,-1
35422,-1
35423,-1
35424,-1
35425,-1
35426,-1
35427,-1
35428,2
35429,0
35430,-1
35431,-1
35432,-1
35433,-1
35434,-1
35435,-1
35436,-1
35437,-1
35438,1
35439,0
35440,-1
35441,-1
35442,-1
35443,-1
35444,-1
35445,-1
35446,-1
35447,-1
35448,-1
35449,-1
35450,-1
35451,-1
35452,-1
35453,-1
35454,-1
35455,-1
35456,-1
35457,-1
35458,-1
35459,-1
35460,2
35461,0
35462,-1
35463,-1
35464,3
35465,0
35466,2
35467,0
35468,2
35469,0
35470,-1
35471,-1
35472,-1
35473,-1
35474,-1
35475,-1
35476,-1
35477,-1
35478,-1
35479,-1
35480,-1
35481,-1
35482,-1
35483,-1
35484,-1
35485,-1
35486,-1
35487,-1
35488,-1
35489,-1
35490,-1
35491,-1
35492,-1
35493,-1
35494,-1
35495,-1
35496,-1
35497,-1
35498,-1
35499,-1
35500,-1
35501,-1
35502,-1
35503,-1
35504,2
35505,1
35506,-1
35507,-1
35508,-1
35509,-1
35510,-1
35511,-1
35512,-1
35513,-1
35514,-1
35515,-1
35516,-1
35517,-1
35518,-1
35519,-1
35520,-1
35521,-1
35522,-1
35523,-1
35524,-1
35525,-1
35526,-1
35527,-1
35528,-1
35529,-1
35530,-1
35531,-1
35532,-1
35533,-1
35534,-1
35535,-1
35536,-1
35537,-1
35538,-1
35539,-1
35540,2
35541,0
35542,-1
35543,-1
35544,-1
35545,-1
35546,-1
35547,-1
35548,2
35549,0
35550,1
35551,2
35552,1
35553,1
35554,-1
35555,-1
35556,3
35557,1
35558,1
35559,0
35560,-1
35561,-1
35562,1
35563,0
35564,-1
35565,-1
35566,1
35567,2
35568,1
35569,0
35570,-1
35571,-1
35572,-1
35573,-1
35574,1
35575,2
35576,-1
35577,-1
35578,2
35579,0
35580,3
35581,2
35582,1
35583,0
35584,3
35585,2
35586,-1
35587,-1
35588,-1
35589,-1
35590,2
35591,2
35592,-1
35593,-1
35594,-1
35595,-1
35596,-1
35597,-1
35598,2
35599,1
35600,-1
35601,-1
35602,2
35603,2
35604,-1
35605,-1
35606,-1
35607,-1
35608,-1
35609,-1
35610,-1
35611,-1
35612,-1
35613,-1
35614,-1
35615,-1
35616,3
35617,1
35618,-1
35619,-1
35620,-1
35621,-1
35622,-1
35623,-1
35624,-1
35625,-1
35626,-1
35627,-1
35628,-1
35629,-1
35630,-1
35631,-1
35632,-1
35633,-1
35634,-1
35635,-1
35636,1
35637,1
35638,1
35639,0
35640,-1
35641,-1
35642,-1
35643,-1
35644,-1
35645,-1
35646,1
35647,0
35648,3
35649,1
35650,-1
35651,-1
35652,3
35653,2
35654,-1
35655,-1
35656,-1
35657,-1
35658,3
35659,1
35660,1
35661,1
35662,1
35663,1
35664,-1
35665,-1
35666,-1
35667,-1
35668,-1
35669,-1
35670,-1
35671,-1
35672,3
35673,2
35674,2
35675,2
35676,-1
35677,-1
35678,-1
35679,-1
35680,1
35681,0
35682,-1
35683,-1
35684,-1
35685,-1
35686,-1
35687,-1
35688,-1
35689,-1
35690,-1
35691,-1
35692,-1
35693,-1
35694,-1
35695,-1
35696,-1
35697,-1
35698,-1
35699,-1
35700,3
35701,1
35702,-1
35703,-1
35704,3
35705,1
35706,-1
35707,-1
35708,-1
35709,-1
35710,-1
35711,-1
35712,3
35713,2
35714,-1
35715,-1
35716,-1
35717,-1
35718,1
35719,2
35720,3
35721,1
35722,-1
35723,-1
35724,-1
35725,-1
35726,-1
35727,-1
35728,-1
35729,-1
35730,-1
35731,-1
35732,3
35733,2
35734,-1
35735,-1
35736,-1
35737,-1
35738,-1
35739,-1
35740,2
35741,0
35742,-1
35743,-1
35744,-1
35745,-1
35746,-1
35747,-1
35748,-1
35749,-1
35750,-1
35751,-1
35752,-1
35753,-1
35754,2
35755,0
35756,-1
35757,-1
35758,-1
35759,-1
35760,-1
35761,-1
35762,2
35763,1
35764,-1
35765,-1
35766,-1
35767,-1
35768,-1
35769,-1
35770,-1
35771,-1
35772,-1
35773,-1
35774,-1
35775,-1
35776,-1
35777,-1
35778,-1
35779,-1
35780,-1
35781,-1
35782,-1
35783,-1
35784,-1
35785,-1
35786,-1
35787,-1
35788,-1
35789,-1
35790,-1
35791,-1
35792,-1
35793,-1
35794,-1
35795,-1
35796,-1
35797,-1
35798,2
35799,1
35800,-1
35801,-1
35802,-1
35803,-1
35804,1
35805,1
35806,-1
35807,-1
35808,-1
35809,-1
35810,2
35811,0
35812,-1
35813,-1
35814,-1
35815,-1
35816,-1
35817,-1
35818,-1
35819,-1
35820,-1
35821,-1
35822,-1
35823,-1
35824,-1
35825,-1
35826,2
35827,1
35828,-1
35829,-1
35830,-1
35831,-1
35832,-1
35833,-1
35834,-1
35835,-1
35836,-1
35837,-1
35838,-1
35839,-1
35840,1
35841,2
35842,-1
35843,-1
35844,-1
35845,-1
35846,-1
35847,-1
35848,-1
35849,-1
35850,-1
35851,-1
35852,-1
35853,-1
35854,-1
35855,-1
35856,-1
35857,-1
35858,2
35859,0
35860,-1
35861,-1
35862,-1
35863,-1
35864,-1
35865,-1
35866,1
35867,1
35868,-1
35869,-1
35870,3
35871,0
35872,-1
35873,-1
35874,-1
35875,-1
35876,-1
35877,-1
35878,2
35879,0
35880,-1
35881,-1
35882,-1
35883,-1
35884,-1
35885,-1
35886,2
35887,2
35888,-1
35889,-1
35890,-1
35891,-1
35892,-1
35893,-1
35894,-1
35895,-1
35896,-1
35897,-1
35898,-1
35899,-1
35900,-1
35901,-1
35902,-1
35903,-1
35904,-1
35905,-1
35906,1
35907,1
35908,-1
35909,-1
35910,-1
35911,-1
35912,-1
35913,-1
35914,-1
35915,-1
35916,-1
35917,-1
35918,-1
35919,-1
35920,2
35921,0
35922,-1
35923,-1
35924,-1
35925,-1
35926,1
35927,0
35928,3
35929,1
35930,-1
35931,-1
35932,1
35933,2
35934,-1
35935,-1
35936,2
35937,0
35938,-1
35939,-1
35940,-1
35941,-1
35942,2
35943,0
35944,2
35945,2
35946,3
35947,1
35948,-1
35949,-1
35950,-1
35951,-1
35952,-1
35953,-1
35954,-1
35955,-1
35956,-1
35957,-1
35958,2
35959,1
35960,-1
35961,-1
35962,-1
35963,-1
35964,-1
35965,-1
35966,3
35967,0
35968,-1
35969,-1
35970,-1
35971,-1
35972,-1
35973,-1
35974,-1
35975,-1
35976,-1
35977,-1
35978,-1
35979,-1
35980,3
35981,1
35982,-1
35983,-1
35984,-1
35985,-1
35986,-1
35987,-1
35988,-1
35989,-1
35990,-1
35991,-1
35992,-1
35993,-1
35994,-1
35995,-1
35996,-1
35997,-1
35998,-1
35999,-1
36000,-1
36001,-1
36002,-1
36003,-1
36004,-1
36005,-1
36006,2
36007,1
36008,1
36009,2
36010,-1
36011,-1
36012,-1
36013,-1
36014,-1
36015,-1
36016,3
36017,2
36018,-1
36019,-1
36020,-1
36021,-1
36022,-1
36023,-1
36024,3
36025,0
36026,-1
36027,-1
36028,-1
36029,-1
36030,3
36031,1
36032,-1
36033,-1
36034,-1
36035,-1
36036,-1
36037,-1
36038,-1
36039,-1
36040,1
36041,0
36042,-1
36043,-1
36044,-1
36045,-1
36046,-1
36047,-1
36048,-1
36049,-1
36050,-1
36051,-1
36052,-1
36053,-1
36054,3
36055,1
36056,-1
36057,-1
36058,-1
36059,-1
36060,-1
36061,-1
36062,-1
36063,-1
36064,3
36065,0
36066,-1
36067,-1
36068,-1
36069,-1
36070,3
36071,1
36072,-1
36073,-1
36074,-1
36075,-1
36076,-1
36077,-1
36078,-1
36079,-1
36080,-1
36081,-1
36082,-1
36083,-1
36084,-1
36085,-1
36086,-1
36087,-1
36088,-1
36089,-1
36090,2
36091,1
36092,-1
36093,-1
36094,-1
36095,-1
36096,1
36097,2
36098,-1
36099,-1
36100,3
36101,1
36102,-1
36103,-1
36104,-1
36105,-1
36106,2
36107,1
36108,-1
36109,-1
36110,-1
36111,-1
36112,2
36113,1
36114,-1
36115,-1
36116,1
36117,2
36118,-1
36119,-1
36120,-1
36121,-1
36122,-1
36123,-1
36124,-1
36125,-1
36126,-1
36127,-1
36128,-1
36129,-1
36130,3
36131,2
36132,3
36133,2
36134,-1
36135,-1
36136,-1
36137,-1
36138,-1
36139,-1
36140,-1
36141,-1
36142,-1
36143,-1
36144,-1
36145,-1
36146,-1
36147,-1
36148,-1
36149,-1
36150,-1
36151,-1
36152,-1
36153,-1
36154,-1
36155,-1
36156,-1
36157,-1
36158,3
36159,1
36160,1
36161,0
36162,-1
36163,-1
36164,3
36165,1
36166,-1
36167,-1
36168,-1
36169,-1
36170,-1
36171,-1
36172,-1
36173,-1
36174,-1
36175,-1
36176,-1
36177,-1
36178,-1
36179,-1
36180,-1
36181,-1
36182,-1
36183,-1
36184,-1
36185,-1
36186,-1
36187,-1
36188,-1
36189,-1
36190,-1
36191,-1
36192,-1
36193,-1
36194,3
36195,0
36196,2
36197,1
36198,-1
36199,-1
36200,-1
36201,-1
36202,-1
36203,-1
36204,-1
36205,-1
36206,-1
36207,-1
36208,-1
36209,-1
36210,2
36211,2
36212,-1
36213,-1
36214,-1
36215,-1
36216,-1
36217,-1
36218,-1
36219,-1
36220,-1
36221,-1
36222,-1
36223,-1
36224,-1
36225,-1
36226,-1
36227,-1
36228,-1
36229,-1
36230,-1
36231,-1
36232,-1
36233,-1
36234,-1
36235,-1
36236,3
36237,0
36238,-1
36239,-1
36240,1
36241,1
36242,-1
36243,-1
36244,-1
36245,-1
36246,-1
36247,-1
36248,-1
36249,-1
36250,-1
36251,-1
36252,-1
36253,-1
36254,-1
36255,-1
36256,-1
36257,-1
36258,-1
36259,-1
36260,-1
36261,-1
36262,-1
36263,-1
36264,-1
36265,-1
36266,-1
36267,-1
36268,-1
36269,-1
36270,-1
36271,-1
36272,3
36273,0
36274,-1
36275,-1
36276,-1
36277,-1
36278,-1
36279,-1
36280,-1
36281,-1
36282,1
36283,2
36284,-1
36285,-1
36286,-1
36287,-1
36288,-1
36289,-1
36290,2
36291,1
36292,-1
36293,-1
36294,-1
36295,-1
36296,3
36297,0
36298,-1
36299,-1
36300,-1
36301,-1
36302,-1
36303,-1
36304,-1
36305,-1
36306,-1
36307,-1
36308,-1
36309,-1
36310,3
36311,2
36312,2
36313,1
36314,-1
36315,-1
36316,1
36317,2
36318,-1
36319,-1
36320,-1
36321,-1
36322,-1
36323,-1
36324,-1
36325,-1
36326,-1
36327,-1
36328,-1
36329,-1
36330,-1
36331,-1
36332,-1
36333,-1
36334,-1
36335,-1
36336,-1
36337,-1
36338,1
36339,2
36340,1
36341,0
36342,-1
36343,-1
36344,-1
36345,-1
36346,2
36347,2
36348,-1
36349,-1
36350,-1
36351,-1
36352,-1
36353,-1
36354,-1
36355,-1
36356,-1
36357,-1
36358,-1
36359,-1
36360,-1
36361,-1
36362,2
36363,1
36364,3
36365,0
36366,-1
36367,-1
36368,-1
36369,-1
36370,-1
36371,-1
36372,-1
36373,-1
36374,-1
36375,-1
36376,-1
36377,-1
36378,-1
36379,-1
36380,-1
36381,-1
36382,-1
36383,-1
36384,3
36385,2
36386,-1
36387,-1
36388,-1
36389,-1
36390,-1
36391,-1
36392,-1
36393,-1
36394,-1
36395,-1
36396,-1
36397,-1
36398,-1
36399,-1
36400,-1
36401,-1
36402,-1
36403,-1
36404,-1
36405,-1
36406,-1
36407,-1
36408,-1
36409,-1
36410,-1
36411,-1
36412,-1
36413,-1
36414,-1
36415,-1
36416,1
36417,0
36418,3
36419,0
36420,-1
36421,-1
36422,-1
36423,-1
36424,3
36425,2
36426,-1
36427,-1
36428,-1
36429,-1
36430,2
36431,1
36432,1
36433,1
36434,-1
36435,-1
36436,-1
36437,-1
36438,-1
36439,-1
36440,-1
36441,-1
36442,1
36443,0
36444,-1
36445,-1
36446,-1
36447,-1
36448,1
36449,0
36450,-1
36451,-1
36452,-1
36453,-1
36454,-1
36455,-1
36456,-1
36457,-1
36458,-1
36459,-1
36460,-1
36461,-1
36462,-1
36463,-1
36464,-1
36465,-1
36466,-1
36467,-1
36468,1
36469,2
36470,-1
36471,-1
36472,-1
36473,-1
36474,-1
36475,-1
36476,-1
36477,-1
36478,-1
36479,-1
36480,-1
36481,-1
36482,1
36483,2
36484,-1
36485,-1
36486,-1
36487,-1
36488,-1
36489,-1
36490,-1
36491,-1
36492,2
36493,2
36494,3
36495,0
36496,-1
36497,-1
36498,-1
36499,-1
36500,-1
36501,-1
36502,-1
36503,-1
36504,2
36505,0
36506,-1
36507,-1
36508,-1
36509,-1
36510,-1
36511,-1
36512,-1
36513,-1
36514,-1
36515,-1
36516,1
36517,2
36518,2
36519,2
36520,-1
36521,-1
36522,-1
36523,-1
36524,-1
36525,-1
36526,-1
36527,-1
36528,-1
36529,-1
36530,-1
36531,-1
36532,2
36533,1
36534,-1
36535,-1
36536,-1
36537,-1
36538,-1
36539,-1
36540,-1
36541,-1
36542,-1
36543,-1
36544,-1
36545,-1
36546,-1
36547,-1
36548,-1
36549,-1
36550,-1
36551,-1
36552,-1
36553,-1
36554,-1
36555,-1
36556,-1
36557,-1
36558,-1
36559,-1
36560,-1
36561,-1
36562,-1
36563,-1
36564,2
36565,2
36566,-1
36567,-1
36568,-1
36569,-1
36570,-1
36571,-1
36572,3
36573,2
36574,-1
36575,-1
36576,-1
36577,-1
36578,-1
36579,-1
36580,-1
36581,-1
36582,3
36583,1
36584,-1
36585,-1
36586,-1
36587,-1
36588,1
36589,2
36590,-1
36591,-1
36592,-1
36593,-1
36594,-1
36595,-1
36596,2
36597,0
36598,-1
36599,-1
36600,-1
36601,-1
36602,3
36603,0
36604,2
36605,0
36606,1
36607,2
36608,-1
36609,-1
36610,-1
36611,-1
36612,-1
36613,-1
36614,-1
36615,-1
36616,-1
36617,-1
36618,-1
36619,-1
36620,-1
36621,-1
36622,-1
36623,-1
36624,-1
36625,-1
36626,1
36627,2
36628,-1
36629,-1
36630,-1
36631,-1
36632,-1
36633,-1
36634,-1
36635,-1
36636,-1
36637,-1
36638,-1
36639,-1
36640,-1
36641,-1
36642,-1
36643,-1
36644,-1
36645,-1
36646,-1
36647,-1
36648,3
36649,2
36650,-1
36651,-1
36652,-1
36653,-1
36654,-1
36655,-1
36656,-1
36657,-1
36658,-1
36659,-1
36660,1
36661,1
36662,-1
36663,-1
36664,2
36665,2
36666,-1
36667,-1
36668,-1
36669,-1
36670,-1
36671,-1
36672,-1
36673,-1
36674,-1
36675,-1
36676,-1
36677,-1
36678,1
36679,1
36680,-1
36681,-1
36682,1
36683,0
36684,-1
36685,-1
36686,-1
36687,-1
36688,-1
36689,-1
36690,-1
36691,-1
36692,-1
36693,-1
36694,1
36695,2
36696,-1
36697,-1
36698,-1
36699,-1
36700,-1
36701,-1
36702,-1
36703,-1
36704,-1
36705,-1
36706,1
36707,0
36708,-1
36709,-1
36710,-1
36711,-1
36712,3
36713,2
36714,-1
36715,-1
36716,-1
36717,-1
36718,-1
36719,-1
36720,-1
36721,-1
36722,-1
36723,-1
36724,-1
36725,-1
36726,-1
36727,-1
36728,-1
36729,-1
36730,-1
36731,-1
36732,-1
36733,-1
36734,-1
36735,-1
36736,-1
36737,-1
36738,-1
36739,-1
36740,-1
36741,-1
36742,2
36743,1
36744,1
36745,0
36746,-1
36747,-1
36748,-1
36749,-1
36750,-1
36751,-1
36752,-1
36753,-1
36754,-1
36755,-1
36756,-1
36757,-1
36758,1
36759,0
36760,-1
36761,-1
36762,-1
36763,-1
36764,-1
36765,-1
36766,-1
36767,-1
36768,-1
36769,-1
36770,-1
36771,-1
36772,-1
36773,-1
36774,-1
36775,-1
36776,1
36777,2
36778,-1
36779,-1
36780,1
36781,1
36782,-1
36783,-1
36784,-1
36785,-1
36786,-1
36787,-1
36788,3
36789,0
36790,-1
36791,-1
36792,1
36793,0
36794,3
36795,0
36796,-1
36797,-1
36798,-1
36799,-1
36800,-1
36801,-1
36802,-1
36803,-1
36804,-1
36805,-1
36806,2
36807,1
36808,-1
36809,-1
36810,-1
36811,-1
36812,2
36813,2
36814,-1
36815,-1
36816,-1
36817,-1
36818,3
36819,1
36820,-1
36821,-1
36822,-1
36823,-1
36824,-1
36825,-1
36826,-1
36827,-1
36828,2
36829,0
36830,1
36831,0
36832,-1
36833,-1
36834,-1
36835,-1
36836,-1
36837,-1
36838,-1
36839,-1
36840,-1
36841,-1
36842,-1
36843,-1
36844,-1
36845,-1
36846,-1
36847,-1
36848,-1
36849,-1
36850,-1
36851,-1
36852,-1
36853,-1
36854,-1
36855,-1
36856,-1
36857,-1
36858,-1
36859,-1
36860,-1
36861,-1
36862,-1
36863,-1
36864,2
36865,1
36866,-1
36867,-1
36868,1
36869,1
36870,-1
36871,-1
36872,-1
36873,-1
36874,-1
36875,-1
36876,-1
36877,-1
36878,-1
36879,-1
36880,-1
36881,-1
36882,-1
36883,-1
36884,1
36885,0
36886,3
36887,0
36888,-1
36889,-1
36890,-1
36891,-1
36892,-1
36893,-1
36894,-1
36895,-1
36896,-1
36897,-1
36898,-1
36899,-1
36900,2
36901,2
36902,1
36903,0
36904,-1
36905,-1
36906,-1
36907,-1
36908,1
36909,2
36910,-1
36911,-1
36912,-1
36913,-1
36914,2
36915,1
36916,-1
36917,-1
36918,-1
36919,-1
36920,2
36921,0
36922,2
36923,0
36924,-1
36925,-1
36926,-1
36927,-1
36928,-1
36929,-1
36930,-1
36931,-1
36932,1
36933,0
36934,-1
36935,-1
36936,-1
36937,-1
36938,-1
36939,-1
36940,-1
36941,-1
36942,-1
36943,-1
36944,1
36945,2
36946,-1
36947,-1
36948,-1
36949,-1
36950,2
36951,1
36952,3
36953,2
36954,-1
36955,-1
36956,-1
36957,-1
36958,2
36959,1
36960,3
36961,0
36962,1
36963,1
36964,-1
36965,-1
36966,-1
36967,-1
36968,-1
36969,-1
36970,-1
36971,-1
36972,2
36973,1
36974,-1
36975,-1
36976,-1
36977,-1
36978,-1
36979,-1
36980,3
36981,1
36982,3
36983,2
36984,-1
36985,-1
36986,-1
36987,-1
36988,2
36989,0
36990,-1
36991,-1
36992,-1
36993,-1
36994,-1
36995,-1
36996,-1
36997,-1
36998,-1
36999,-1
37000,2
37001,0
37002,-1
37003,-1
37004,-1
37005,-1
37006,-1
37007,-1
37008,-1
37009,-1
37010,-1
37011,-1
37012,-1
37013,-1
37014,-1
37015,-1
37016,2
37017,2
37018,-1
37019,-1
37020,-1
37021,-1
37022,-1
37023,-1
37024,1
37025,1
37026,3
37027,1
37028,-1
37029,-1
37030,-1
37031,-1
37032,1
37033,1
37034,-1
37035,-1
37036,-1
37037,-1
37038,-1
37039,-1
37040,-1
37041,-1
37042,-1
37043,-1
37044,3
37045,0
37046,-1
37047,-1
37048,1
37049,2
37050,-1
37051,-1
37052,-1
37053,-1
37054,-1
37055,-1
37056,-1
37057,-1
37058,-1
37059,-1
37060,-1
37061,-1
37062,1
37063,1
37064,-1
37065,-1
37066,-1
37067,-1
37068,-1
37069,-1
37070,-1
37071,-1
37072,-1
37073,-1
37074,-1
37075,-1
37076,-1
37077,-1
37078,-1
37079,-1
37080,-1
37081,-1
37082,-1
37083,-1
37084,-1
37085,-1
37086,-1
37087,-1
37088,-1
37089,-1
37090,-1
37091,-1
37092,-1
37093,-1
37094,-1
37095,-1
37096,2
37097,2
37098,3
37099,2
37100,-1
37101,-1
37102,-1
37103,-1
37104,2
37105,2
37106,2
37107,1
37108,-1
37109,-1
37110,1
37111,0
37112,-1
37113,-1
37114,-1
37115,-1
37116,1
37117,0
37118,3
37119,0
37120,-1
37121,-1
37122,2
37123,2
37124,1
37125,0
37126,-1
37127,-1
37128,-1
37129,-1
37130,-1
37131,-1
37132,3
37133,2
37134,-1
37135,-1
37136,3
37137,1
37138,2
37139,1
37140,-1
37141,-1
37142,-1
37143,-1
37144,2
37145,2
37146,-1
37147,-1
37148,-1
37149,-1
37150,-1
37151,-1
37152,-1
37153,-1
37154,-1
37155,-1
37156,3
37157,2
37158,-1
37159,-1
37160,-1
37161,-1
37162,-1
37163,-1
37164,-1
37165,-1
37166,-1
37167,-1
37168,-1
37169,-1
37170,-1
37171,-1
37172,-1
37173,-1
37174,-1
37175,-1
37176,-1
37177,-1
37178,-1
37179,-1
37180,-1
37181,-1
37182,-1
37183,-1
37184,-1
37185,-1
37186,3
37187,0
37188,-1
37189,-1
37190,-1
37191,-1
37192,3
37193,0
37194,3
37195,1
37196,-1
37197,-1
37198,1
37199,0
37200,-1
37201,-1
37202,2
37203,2
37204,2
37205,0
37206,-1
37207,-1
37208,-1
37209,-1
37210,-1
37211,-1
37212,3
37213,0
37214,-1
37215,-1
37216,-1
37217,-1
37218,-1
37219,-1
37220,2
37221,1
37222,-1
37223,-1
37224,1
37225,0
37226,-1
37227,-1
37228,3
37229,0
37230,-1
37231,-1
37232,-1
37233,-1
37234,1
37235,0
37236,-1
37237,-1
37238,1
37239,1
37240,-1
37241,-1
37242,-1
37243,-1
37244,-1
37245,-1
37246,-1
37247,-1
37248,-1
37249,-1
37250,1
37251,1
37252,-1
37253,-1
37254,-1
37255,-1
37256,-1
37257,-1
37258,-1
37259,-1
37260,-1
37261,-1
37262,-1
37263,-1
37264,-1
37265,-1
37266,-1
37267,-1
37268,-1
37269,-1
37270,-1
37271,-1
37272,-1
37273,-1
37274,-1
37275,-1
37276,-1
37277,-1
37278,-1
37279,-1
37280,1
37281,0
37282,-1
37283,-1
37284,-1
37285,-1
37286,-1
37287,-1
37288,-1
37289,-1
37290,-1
37291,-1
37292,-1
37293,-1
37294,3
37295,1
37296,3
37297,1
37298,-1
37299,-1
37300,2
37301,1
37302,1
37303,0
37304,-1
37305,-1
37306,-1
37307,-1
37308,-1
37309,-1
37310,-1
37311,-1
37312,2
37313,2
37314,-1
37315,-1
37316,3
37317,0
37318,-1
37319,-1
37320,-1
37321,-1
37322,2
37323,0
37324,1
37325,1
37326,-1
37327,-1
37328,1
37329,1
37330,1
37331,0
37332,-1
37333,-1
37334,-1
37335,-1
37336,-1
37337,-1
37338,-1
37339,-1
37340,-1
37341,-1
37342,1
37343,0
37344,1
37345,1
37346,2
37347,1
37348,-1
37349,-1
37350,-1
37351,-1
37352,1
37353,0
37354,2
37355,1
37356,-1
37357,-1
37358,-1
37359,-1
37360,3
37361,0
37362,-1
37363,-1
37364,-1
37365,-1
37366,-1
37367,-1
37368,-1
37369,-1
37370,-1
37371,-1
37372,3
37373,2
37374,-1
37375,-1
37376,-1
37377,-1
37378,-1
37379,-1
37380,2
37381,0
37382,-1
37383,-1
37384,-1
37385,-1
37386,-1
37387,-1
37388,-1
37389,-1
37390,-1
37391,-1
37392,-1
37393,-1
37394,-1
37395,-1
37396,-1
37397,-1
37398,-1
37399,-1
37400,-1
37401,-1
37402,-1
37403,-1
37404,-1
37405,-1
37406,-1
37407,-1
37408,-1
37409,-1
37410,1
37411,1
37412,3
37413,1
37414,1
37415,1
37416,-1
37417,-1
37418,3
37419,0
37420,1
37421,0
37422,-1
37423,-1
37424,1
37425,1
37426,-1
37427,-1
37428,1
37429,2
37430,-1
37431,-1
37432,2
37433,1
37434,-1
37435,-1
37436,-1
37437,-1
37438,-1
37439,-1
37440,-1
37441,-1
37442,-1
37443,-1
37444,-1
37445,-1
37446,1
37447,1
37448,-1
37449,-1
37450,-1
37451,-1
37452,1
37453,0
37454,-1
37455,-1
37456,3
37457,0
37458,-1
37459,-1
37460,-1
37461,-1
37462,-1
37463,-1
37464,-1
37465,-1
37466,-1
37467,-1
37468,3
37469,1
37470,-1
37471,-1
37472,-1
37473,-1
37474,-1
37475,-1
37476,2
37477,1
37478,-1
37479,-1
37480,-1
37481,-1
37482,-1
37483,-1
37484,-1
37485,-1
37486,-1
37487,-1
37488,-1
37489,-1
37490,-1
37491,-1
37492,-1
37493,-1
37494,-1
37495,-1
37496,-1
37497,-1
37498,-1
37499,-1
37500,3
37501,2
37502,-1
37503,-1
37504,2
37505,2
37506,-1
37507,-1
37508,2
37509,0
37510,-1
37511,-1
37512,-1
37513,-1
37514,-1
37515,-1
37516,-1
37517,-1
37518,-1
37519,-1
37520,-1
37521,-1
37522,-1
37523,-1
37524,3
37525,0
37526,-1
37527,-1
37528,-1
37529,-1
37530,-1
37531,-1
37532,-1
37533,-1
37534,-1
37535,-1
37536,-1
37537,-1
37538,-1
37539,-1
37540,-1
37541,-1
37542,-1
37543,-1
37544,-1
37545,-1
37546,-1
37547,-1
37548,-1
37549,-1
37550,1
37551,2
37552,-1
37553,-1
37554,1
37555,2
37556,-1
37557,-1
37558,-1
37559,-1
37560,-1
37561,-1
37562,-1
37563,-1
37564,2
37565,0
37566,1
37567,0
37568,-1
37569,-1
37570,-1
37571,-1
37572,-1
37573,-1
37574,-1
37575,-1
37576,-1
37577,-1
37578,-1
37579,-1
37580,-1
37581,-1
37582,-1
37583,-1
37584,-1
37585,-1
37586,-1
37587,-1
37588,-1
37589,-1
37590,-1
37591,-1
37592,-1
37593,-1
37594,-1
37595,-1
37596,1
37597,0
37598,-1
37599,-1
37600,-1
37601,-1
37602,-1
37603,-1
37604,-1
37605,-1
37606,-1
37607,-1
37608,-1
37609,-1
37610,3
37611,2
37612,1
37613,0
37614,-1
37615,-1
37616,-1
37617,-1
37618,-1
37619,-1
37620,-1
37621,-1
37622,-1
37623,-1
37624,-1
37625,-1
37626,1
37627,0
37628,-1
37629,-1
37630,-1
37631,-1
37632,-1
37633,-1
37634,-1
37635,-1
37636,-1
37637,-1
37638,1
37639,1
37640,1
37641,0
37642,-1
37643,-1
37644,1
37645,0
37646,-1
37647,-1
37648,-1
37649,-1
37650,-1
37651,-1
37652,-1
37653,-1
37654,-1
37655,-1
37656,-1
37657,-1
37658,1
37659,0
37660,2
37661,2
37662,-1
37663,-1
37664,2
37665,0
37666,-1
37667,-1
37668,-1
37669,-1
37670,-1
37671,-1
37672,-1
37673,-1
37674,-1
37675,-1
37676,-1
37677,-1
37678,-1
37679,-1
37680,-1
37681,-1
37682,-1
37683,-1
37684,-1
37685,-1
37686,1
37687,0
37688,-1
37689,-1
37690,-1
37691,-1
37692,-1
37693,-1
37694,-1
37695,-1
37696,-1
37697,-1
37698,-1
37699,-1
37700,-1
37701,-1
37702,-1
37703,-1
37704,-1
37705,-1
37706,2
37707,1
37708,-1
37709,-1
37710,-1
37711,-1
37712,-1
37713,-1
37714,-1
37715,-1
37716,1
37717,1
37718,1
37719,0
37720,1
37721,1
37722,-1
37723,-1
37724,-1
37725,-1
37726,1
37727,0
37728,-1
37729,-1
37730,2
37731,1
37732,-1
37733,-1
37734,-1
37735,-1
37736,-1
37737,-1
37738,-1
37739,-1
37740,-1
37741,-1
37742,-1
37743,-1
37744,-1
37745,-1
37746,-1
37747,-1
37748,3
37749,1
37750,-1
37751,-1
37752,1
37753,1
37754,-1
37755,-1
37756,-1
37757,-1
37758,3
37759,2
37760,-1
37761,-1
37762,-1
37763,-1
37764,-1
37765,-1
37766,-1
37767,-1
37768,-1
37769,-1
37770,-1
37771,-1
37772,-1
37773,-1
37774,2
37775,1
37776,3
37777,2
37778,-1
37779,-1
37780,2
37781,1
37782,-1
37783,-1
37784,-1
37785,-1
37786,-1
37787,-1
37788,1
37789,0
37790,3
37791,2
37792,2
37793,2
37794,1
37795,0
37796,3
37797,2
37798,2
37799,1
37800,-1
37801,-1
37802,-1
37803,-1
37804,-1
37805,-1
37806,1
37807,0
37808,-1
37809,-1
37810,-1
37811,-1
37812,1
37813,0
37814,-1
37815,-1
37816,-1
37817,-1
37818,-1
37819,-1
37820,-1
37821,-1
37822,-1
37823,-1
37824,-1
37825,-1
37826,2
37827,0
37828,1
37829,2
37830,-1
37831,-1
37832,-1
37833,-1
37834,-1
37835,-1
37836,-1
37837,-1
37838,-1
37839,-1
37840,2
37841,2
37842,1
37843,1
37844,-1
37845,-1
37846,-1
37847,-1
37848,-1
37849,-1
37850,2
37851,2
37852,-1
37853,-1
37854,-1
37855,-1
37856,1
37857,0
37858,-1
37859,-1
37860,-1
37861,-1
37862,-1
37863,-1
37864,2
37865,1
37866,1
37867,1
37868,3
37869,0
37870,-1
37871,-1
37872,-1
37873,-1
37874,-1
37875,-1
37876,-1
37877,-1
37878,-1
37879,-1
37880,-1
37881,-1
37882,-1
37883,-1
37884,-1
37885,-1
37886,-1
37887,-1
37888,3
37889,1
37890,-1
37891,-1
37892,3
37893,0
37894,-1
37895,-1
37896,-1
37897,-1
37898,-1
37899,-1
37900,-1
37901,-1
37902,-1
37903,-1
37904,2
37905,1
37906,-1
37907,-1
37908,-1
37909,-1
37910,-1
37911,-1
37912,-1
37913,-1
37914,-1
37915,-1
37916,1
37917,0
37918,-1
37919,-1
37920,3
37921,2
37922,-1
37923,-1
37924,2
37925,1
37926,-1
37927,-1
37928,-1
37929,-1
37930,-1
37931,-1
37932,3
37933,1
37934,-1
37935,-1
37936,-1
37937,-1
37938,1
37939,2
37940,-1
37941,-1
37942,2
37943,1
37944,2
37945,1
37946,-1
37947,-1
37948,1
37949,0
37950,-1
37951,-1
37952,1
37953,0
37954,-1
37955,-1
37956,2
37957,1
37958,-1
37959,-1
37960,-1
37961,-1
37962,1
37963,0
37964,3
37965,2
37966,-1
37967,-1
37968,-1
37969,-1
37970,-1
37971,-1
37972,-1
37973,-1
37974,-1
37975,-1
37976,-1
37977,-1
37978,1
37979,0
37980,-1
37981,-1
37982,-1
37983,-1
37984,2
37985,2
37986,-1
37987,-1
37988,-1
37989,-1
37990,-1
37991,-1
37992,-1
37993,-1
37994,2
37995,1
37996,3
37997,2
37998,-1
37999,-1
38000,-1
38001,-1
38002,-1
38003,-1
38004,-1
38005,-1
38006,-1
38007,-1
38008,-1
38009,-1
38010,2
38011,0
38012,2
38013,1
38014,-1
38015,-1
38016,3
38017,2
38018,2
38019,1
38020,2
38021,0
38022,1
38023,2
38024,1
38025,2
38026,-1
38027,-1
38028,3
38029,2
38030,3
38031,2
38032,3
38033,2
38034,1
38035,0
38036,3
38037,2
38038,3
38039,0
38040,-1
38041,-1
38042,1
38043,0
38044,3
38045,2
38046,2
38047,0
38048,1
38049,2
38050,-1
38051,-1
38052,-1
38053,-1
38054,-1
38055,-1
38056,1
38057,0
38058,-1
38059,-1
38060,-1
38061,-1
38062,-1
38063,-1
38064,-1
38065,-1
38066,-1
38067,-1
38068,-1
38069,-1
38070,-1
38071,-1
38072,-1
38073,-1
38074,-1
38075,-1
38076,-1
38077,-1
38078,1
38079,0
38080,3
38081,0
38082,-1
38083,-1
38084,-1
38085,-1
38086,-1
38087,-1
38088,-1
38089,-1
38090,-1
38091,-1
38092,3
38093,1
38094,-1
38095,-1
38096,2
38097,1
38098,-1
38099,-1
38100,-1
38101,-1
38102,-1
38103,-1
38104,-1
38105,-1
38106,-1
38107,-1
38108,2
38109,2
38110,-1
38111,-1
38112,-1
38113,-1
38114,-1
38115,-1
38116,2
38117,2
38118,-1
38119,-1
38120,-1
38121,-1
38122,-1
38123,-1
38124,-1
38125,-1
38126,3
38127,0
38128,-1
38129,-1
38130,1
38131,1
38132,-1
38133,-1
38134,-1
38135,-1
38136,-1
38137,-1
38138,-1
38139,-1
38140,-1
38141,-1
38142,1
38143,0
38144,-1
38145,-1
38146,-1
38147,-1
38148,-1
38149,-1
38150,2
38151,2
38152,-1
38153,-1
38154,2
38155,1
38156,-1
38157,-1
38158,-1
38159,-1
38160,3
38161,0
38162,-1
38163,-1
38164,2
38165,1
38166,-1
38167,-1
38168,3
38169,0
38170,1
38171,2
38172,-1
38173,-1
38174,-1
38175,-1
38176,1
38177,1
38178,-1
38179,-1
38180,-1
38181,-1
38182,2
38183,2
38184,3
38185,0
38186,-1
38187,-1
38188,-1
38189,-1
38190,-1
38191,-1
38192,-1
38193,-1
38194,-1
38195,-1
38196,1
38197,0
38198,3
38199,2
38200,-1
38201,-1
38202,2
38203,2
38204,-1
38205,-1
38206,-1
38207,-1
38208,-1
38209,-1
38210,-1
38211,-1
38212,-1
38213,-1
38214,-1
38215,-1
38216,3
38217,2
38218,-1
38219,-1
38220,3
38221,2
38222,-1
38223,-1
38224,-1
38225,-1
38226,-1
38227,-1
38228,-1
38229,-1
38230,-1
38231,-1
38232,-1
38233,-1
38234,-1
38235,-1
38236,-1
38237,-1
38238,1
38239,2
38240,1
38241,2
38242,-1
38243,-1
38244,-1
38245,-1
38246,2
38247,2
38248,1
38249,1
38250,-1
38251,-1
38252,-1
38253,-1
38254,2
38255,2
38256,-1
38257,-1
38258,3
38259,0
38260,-1
38261,-1
38262,-1
38263,-1
38264,-1
38265,-1
38266,1
38267,2
38268,-1
38269,-1
38270,-1
38271,-1
38272,-1
38273,-1
38274,3
38275,0
38276,-1
38277,-1
38278,-1
38279,-1
38280,-1
38281,-1
38282,-1
38283,-1
38284,3
38285,2
38286,-1
38287,-1
38288,1
38289,1
38290,-1
38291,-1
38292,-1
38293,-1
38294,-1
38295,-1
38296,-1
38297,-1
38298,-1
38299,-1
38300,-1
38301,-1
38302,2
38303,2
38304,2
38305,2
38306,-1
38307,-1
38308,2
38309,1
38310,-1
38311,-1
38312,1
38313,0
38314,-1
38315,-1
38316,-1
38317,-1
38318,-1
38319,-1
38320,-1
38321,-1
38322,-1
38323,-1
38324,2
38325,1
38326,-1
38327,-1
38328,-1
38329,-1
38330,-1
38331,-1
38332,-1
38333,-1
38334,-1
38335,-1
38336,-1
38337,-1
38338,-1
38339,-1
38340,-1
38341,-1
38342,-1
38343,-1
38344,-1
38345,-1
38346,-1
38347,-1
38348,-1
38349,-1
38350,2
38351,2
38352,3
38353,0
38354,-1
38355,-1
38356,-1
38357,-1
38358,-1
38359,-1
38360,2
38361,0
38362,1
38363,0
38364,-1
38365,-1
38366,-1
38367,-1
38368,-1
38369,-1
38370,-1
38371,-1
38372,-1
38373,-1
38374,-1
38375,-1
38376,-1
38377,-1
38378,2
38379,2
38380,1
38381,1
38382,1
38383,2
38384,-1
38385,-1
38386,-1
38387,-1
38388,-1
38389,-1
38390,-1
38391,-1
38392,-1
38393,-1
38394,-1
38395,-1
38396,-1
38397,-1
38398,2
38399,1
38400,-1
38401,-1
38402,3
38403,1
38404,1
38405,2
38406,2
38407,1
38408,-1
38409,-1
38410,2
38411,2
38412,-1
38413,-1
38414,-1
38415,-1
38416,-1
38417,-1
38418,-1
38419,-1
38420,-1
38421,-1
38422,-1
38423,-1
38424,1
38425,0
38426,-1
38427,-1
38428,-1
38429,-1
38430,-1
38431,-1
38432,-1
38433,-1
38434,2
38435,1
38436,-1
38437,-1
38438,-1
38439,-1
38440,2
38441,1
38442,-1
38443,-1
38444,-1
38445,-1
38446,1
38447,0
38448,-1
38449,-1
38450,-1
38451,-1
38452,-1
38453,-1
38454,-1
38455,-1
38456,-1
38457,-1
38458,2
38459,0
38460,-1
38461,-1
38462,-1
38463,-1
38464,-1
38465,-1
38466,3
38467,0
38468,-1
38469,-1
38470,1
38471,0
38472,2
38473,1
38474,-1
38475,-1
38476,-1
38477,-1
38478,-1
38479,-1
38480,-1
38481,-1
38482,-1
38483,-1
38484,1
38485,0
38486,3
38487,0
38488,1
38489,0
38490,-1
38491,-1
38492,-1
38493,-1
38494,-1
38495,-1
38496,3
38497,2
38498,-1
38499,-1
38500,-1
38501,-1
38502,3
38503,0
38504,-1
38505,-1
38506,-1
38507,-1
38508,1
38509,0
38510,-1
38511,-1
38512,1
38513,1
38514,1
38515,1
38516,-1
38517,-1
38518,-1
38519,-1
38520,-1
38521,-1
38522,-1
38523,-1
38524,-1
38525,-1
38526,-1
38527,-1
38528,-1
38529,-1
38530,3
38531,1
38532,-1
38533,-1
38534,-1
38535,-1
38536,3
38537,1
38538,2
38539,0
38540,3
38541,2
38542,-1
38543,-1
38544,1
38545,0
38546,-1
38547,-1
38548,-1
38549,-1
38550,-1
38551,-1
38552,1
38553,2
38554,-1
38555,-1
38556,-1
38557,-1
38558,2
38559,2
38560,2
38561,2
38562,1
38563,1
38564,-1
38565,-1
38566,-1
38567,-1
38568,-1
38569,-1
38570,-1
38571,-1
38572,-1
38573,-1
38574,-1
38575,-1
38576,-1
38577,-1
38578,-1
38579,-1
38580,-1
38581,-1
38582,-1
38583,-1
38584,-1
38585,-1
38586,-1
38587,-1
38588,-1
38589,-1
38590,-1
38591,-1
38592,2
38593,0
38594,-1
38595,-1
38596,-1
38597,-1
38598,-1
38599,-1
38600,1
38601,1
38602,3
38603,0
38604,1
38605,2
38606,-1
38607,-1
38608,1
38609,0
38610,3
38611,1
38612,-1
38613,-1
38614,1
38615,1
38616,-1
38617,-1
38618,1
38619,1
38620,3
38621,1
38622,-1
38623,-1
38624,-1
38625,-1
38626,3
38627,0
38628,1
38629,0
38630,-1
38631,-1
38632,2
38633,1
38634,-1
38635,-1
38636,2
38637,2
38638,-1
38639,-1
38640,-1
38641,-1
38642,-1
38643,-1
38644,-1
38645,-1
38646,-1
38647,-1
38648,-1
38649,-1
38650,3
38651,1
38652,1
38653,2
38654,3
38655,2
38656,-1
38657,-1
38658,3
38659,0
38660,-1
38661,-1
38662,-1
38663,-1
38664,1
38665,0
38666,-1
38667,-1
38668,2
38669,0
38670,-1
38671,-1
38672,-1
38673,-1
38674,-1
38675,-1
38676,-1
38677,-1
38678,-1
38679,-1
38680,-1
38681,-1
38682,1
38683,0
38684,-1
38685,-1
38686,-1
38687,-1
38688,-1
38689,-1
38690,-1
38691,-1
38692,-1
38693,-1
38694,-1
38695,-1
38696,-1
38697,-1
38698,-1
38699,-1
38700,-1
38701,-1
38702,-1
38703,-1
38704,-1
38705,-1
38706,-1
38707,-1
38708,-1
38709,-1
38710,3
38711,1
38712,1
38713,0
38714,1
38715,2
38716,-1
38717,-1
38718,1
38719,0
38720,-1
38721,-1
38722,-1
38723,-1
38724,-1
38725,-1
38726,2
38727,1
38728,-1
38729,-1
38730,-1
38731,-1
38732,-1
38733,-1
38734,-1
38735,-1
38736,-1
38737,-1
38738,-1
38739,-1
38740,-1
38741,-1
38742,-1
38743,-1
38744,-1
38745,-1
38746,-1
38747,-1
38748,-1
38749,-1
38750,-1
38751,-1
38752,3
38753,0
38754,-1
38755,-1
38756,-1
38757,-1
38758,3
38759,1
38760,-1
38761,-1
38762,3
38763,0
38764,-1
38765,-1
38766,-1
38767,-1
38768,2
38769,2
38770,3
38771,0
38772,2
38773,2
38774,-1
38775,-1
38776,-1
38777,-1
38778,-1
38779,-1
38780,2
38781,0
38782,-1
38783,-1
38784,-1
38785,-1
38786,-1
38787,-1
38788,-1
38789,-1
38790,-1
38791,-1
38792,-1
38793,-1
38794,-1
38795,-1
38796,3
38797,1
38798,-1
38799,-1
38800,-1
38801,-1
38802,-1
38803,-1
38804,-1
38805,-1
38806,-1
38807,-1
38808,-1
38809,-1
38810,-1
38811,-1
38812,-1
38813,-1
38814,-1
38815,-1
38816,2
38817,0
38818,-1
38819,-1
38820,2
38821,0
38822,-1
38823,-1
38824,-1
38825,-1
38826,3
38827,1
38828,-1
38829,-1
38830,-1
38831,-1
38832,1
38833,0
38834,-1
38835,-1
38836,-1
38837,-1
38838,-1
38839,-1
38840,-1
38841,-1
38842,-1
38843,-1
38844,-1
38845,-1
38846,2
38847,2
38848,-1
38849,-1
38850,-1
38851,-1
38852,-1
38853,-1
38854,3
38855,2
38856,-1
38857,-1
38858,-1
38859,-1
38860,-1
38861,-1
38862,-1
38863,-1
38864,3
38865,1
38866,-1
38867,-1
38868,-1
38869,-1
38870,-1
38871,-1
38872,3
38873,0
38874,3
38875,0
38876,1
38877,2
38878,-1
38879,-1
38880,-1
38881,-1
38882,-1
38883,-1
38884,1
38885,2
38886,-1
38887,-1
38888,2
38889,2
38890,-1
38891,-1
38892,-1
38893,-1
38894,-1
38895,-1
38896,-1
38897,-1
38898,-1
38899,-1
38900,-1
38901,-1
38902,-1
38903,-1
38904,3
38905,0
38906,3
38907,0
38908,1
38909,0
38910,-1
38911,-1
38912,-1
38913,-1
38914,2
38915,2
38916,-1
38917,-1
38918,1
38919,1
38920,-1
38921,-1
38922,-1
38923,-1
38924,-1
38925,-1
38926,-1
38927,-1
38928,3
38929,1
38930,2
38931,2
38932,-1
38933,-1
38934,-1
38935,-1
38936,1
38937,0
38938,2
38939,1
38940,-1
38941,-1
38942,-1
38943,-1
38944,-1
38945,-1
38946,1
38947,2
38948,-1
38949,-1
38950,-1
38951,-1
38952,-1
38953,-1
38954,-1
38955,-1
38956,-1
38957,-1
38958,2
38959,1
38960,-1
38961,-1
38962,1
38963,1
38964,2
38965,1
38966,-1
38967,-1
38968,-1
38969,-1
38970,-1
38971,-1
38972,-1
38973,-1
38974,-1
38975,-1
38976,1
38977,2
38978,-1
38979,-1
38980,-1
38981,-1
38982,-1
38983,-1
38984,-1
38985,-1
38986,-1
38987,-1
38988,-1
38989,-1
38990,-1
38991,-1
38992,-1
38993,-1
38994,-1
38995,-1
38996,-1
38997,-1
38998,3
38999,1
39000,-1
39001,-1
39002,2
39003,2
39004,2
39005,0
39006,-1
39007,-1
39008,2
39009,1
39010,-1
39011,-1
39012,-1
39013,-1
39014,-1
39015,-1
39016,-1
39017,-1
39018,-1
39019,-1
39020,2
39021,1
39022,1
39023,1
39024,-1
39025,-1
39026,-1
39027,-1
39028,-1
39029,-1
39030,-1
39031,-1
39032,-1
39033,-1
39034,-1
39035,-1
39036,-1
39037,-1
39038,-1
39039,-1
39040,1
39041,0
39042,-1
39043,-1
39044,-1
39045,-1
39046,-1
39047,-1
39048,-1
39049,-1
39050,-1
39051,-1
39052,-1
39053,-1
39054,-1
39055,-1
39056,-1
39057,-1
39058,1
39059,2
39060,-1
39061,-1
39062,1
39063,0
39064,-1
39065,-1
39066,-1
39067,-1
39068,1
39069,1
39070,-1
39071,-1
39072,-1
39073,-1
39074,-1
39075,-1
39076,-1
39077,-1
39078,-1
39079,-1
39080,-1
39081,-1
39082,2
39083,1
39084,-1
39085,-1
39086,-1
39087,-1
39088,-1
39089,-1
39090,-1
39091,-1
39092,-1
39093,-1
39094,-1
39095,-1
39096,-1
39097,-1
39098,1
39099,2
39100,-1
39101,-1
39102,1
39103,1
39104,3
39105,2
39106,1
39107,0
39108,1
39109,2
39110,2
39111,1
39112,-1
39113,-1
39114,1
39115,2
39116,-1
39117,-1
39118,1
39119,1
39120,1
39121,0
39122,-1
39123,-1
39124,-1
39125,-1
39126,2
39127,1
39128,-1
39129,-1
39130,2
39131,1
39132,-1
39133,-1
39134,-1
39135,-1
39136,1
39137,1
39138,-1
39139,-1
39140,-1
39141,-1
39142,-1
39143,-1
39144,-1
39145,-1
39146,1
39147,2
39148,3
39149,2
39150,3
39151,2
39152,2
39153,1
39154,-1
39155,-1
39156,-1
39157,-1
39158,-1
39159,-1
39160,2
39161,0
39162,2
39163,2
39164,-1
39165,-1
39166,-1
39167,-1
39168,-1
39169,-1
39170,-1
39171,-1
39172,-1
39173,-1
39174,3
39175,0
39176,-1
39177,-1
39178,-1
39179,-1
39180,-1
39181,-1
39182,2
39183,2
39184,-1
39185,-1
39186,-1
39187,-1
39188,2
39189,0
39190,1
39191,2
39192,2
39193,1
39194,3
39195,0
39196,3
39197,1
39198,2
39199,0
39200,-1
39201,-1
39202,3
39203,2
39204,2
39205,2
39206,-1
39207,-1
39208,-1
39209,-1
39210,-1
39211,-1
39212,-1
39213,-1
39214,-1
39215,-1
39216,3
39217,0
39218,-1
39219,-1
39220,-1
39221,-1
39222,-1
39223,-1
39224,-1
39225,-1
39226,-1
39227,-1
39228,1
39229,0
39230,2
39231,1
39232,-1
39233,-1
39234,3
39235,1
39236,-1
39237,-1
39238,-1
39239,-1
39240,-1
39241,-1
39242,-1
39243,-1
39244,-1
39245,-1
39246,3
39247,1
39248,1
39249,0
39250,1
39251,0
39252,-1
39253,-1
39254,-1
39255,-1
39256,2
39257,1
39258,2
39259,1
39260,-1
39261,-1
39262,-1
39263,-1
39264,-1
39265,-1
39266,-1
39267,-1
39268,1
39269,0
39270,-1
39271,-1
39272,1
39273,1
39274,-1
39275,-1
39276,1
39277,2
39278,-1
39279,-1
39280,1
39281,1
39282,2
39283,2
39284,-1
39285,-1
39286,-1
39287,-1
39288,1
39289,2
39290,-1
39291,-1
39292,1
39293,1
39294,1
39295,2
39296,2
39297,1
39298,-1
39299,-1
39300,3
39301,2
39302,2
39303,0
39304,2
39305,1
39306,-1
39307,-1
39308,-1
39309,-1
39310,-1
39311,-1
39312,-1
39313,-1
39314,-1
39315,-1
39316,3
39317,1
39318,-1
39319,-1
39320,-1
39321,-1
39322,1
39323,0
39324,-1
39325,-1
39326,-1
39327,-1
39328,2
39329,1
39330,-1
39331,-1
39332,-1
39333,-1
39334,-1
39335,-1
39336,-1
39337,-1
39338,-1
39339,-1
39340,-1
39341,-1
39342,1
39343,2
39344,-1
39345,-1
39346,-1
39347,-1
39348,-1
39349,-1
39350,2
39351,2
39352,-1
39353,-1
39354,-1
39355,-1
39356,-1
39357,-1
39358,-1
39359,-1
39360,2
39361,2
39362,1
39363,2
39364,-1
39365,-1
39366,1
39367,1
39368,-1
39369,-1
39370,1
39371,2
39372,-1
39373,-1
39374,-1
39375,-1
39376,2
39377,1
39378,3
39379,2
39380,1
39381,2
39382,3
39383,1
39384,-1
39385,-1
39386,2
39387,1
39388,1
39389,0
39390,-1
39391,-1
39392,-1
39393,-1
39394,1
39395,1
39396,-1
39397,-1
39398,3
39399,0
39400,-1
39401,-1
39402,-1
39403,-1
39404,-1
39405,-1
39406,-1
39407,-1
39408,-1
39409,-1
39410,-1
39411,-1
39412,-1
39413,-1
39414,-1
39415,-1
39416,-1
39417,-1
39418,-1
39419,-1
39420,-1
39421,-1
39422,1
39423,2
39424,-1
39425,-1
39426,-1
39427,-1
39428,2
39429,1
39430,3
39431,1
39432,-1
39433,-1
39434,-1
39435,-1
39436,-1
39437,-1
39438,-1
39439,-1
39440,3
39441,0
39442,-1
39443,-1
39444,2
39445,0
39446,-1
39447,-1
39448,-1
39449,-1
39450,-1
39451,-1
39452,-1
39453,-1
39454,3
39455,0
39456,-1
39457,-1
39458,-1
39459,-1
39460,3
39461,0
39462,1
39463,2
39464,-1
39465,-1
39466,2
39467,0
39468,-1
39469,-1
39470,1
39471,2
39472,1
39473,2
39474,1
39475,0
39476,2
39477,2
39478,-1
39479,-1
39480,-1
39481,-1
39482,-1
39483,-1
39484,-1
39485,-1
39486,3
39487,1
39488,1
39489,2
39490,-1
39491,-1
39492,1
39493,2
39494,1
39495,0
39496,-1
39497,-1
39498,-1
39499,-1
39500,-1
39501,-1
39502,-1
39503,-1
39504,-1
39505,-1
39506,2
39507,2
39508,-1
39509,-1
39510,-1
39511,-1
39512,3
39513,0
39514,-1
39515,-1
39516,-1
39517,-1
39518,1
39519,0
39520,2
39521,1
39522,-1
39523,-1
39524,-1
39525,-1
39526,-1
39527,-1
39528,2
39529,0
39530,-1
39531,-1
39532,-1
39533,-1
39534,-1
39535,-1
39536,-1
39537,-1
39538,-1
39539,-1
39540,-1
39541,-1
39542,3
39543,1
39544,-1
39545,-1
39546,2
39547,1
39548,3
39549,1
39550,-1
39551,-1
39552,-1
39553,-1
39554,-1
39555,-1
39556,-1
39557,-1
39558,-1
39559,-1
39560,2
39561,0
39562,-1
39563,-1
39564,-1
39565,-1
39566,-1
39567,-1
39568,-1
39569,-1
39570,-1
39571,-1
39572,-1
39573,-1
39574,-1
39575,-1
39576,2
39577,1
39578,2
39579,1
39580,1
39581,1
39582,2
39583,1
39584,-1
39585,-1
39586,-1
39587,-1
39588,-1
39589,-1
39590,3
39591,0
39592,-1
39593,-1
39594,1
39595,2
39596,3
39597,2
39598,-1
39599,-1
39600,1
39601,0
39602,2
39603,1
39604,-1
39605,-1
39606,-1
39607,-1
39608,-1
39609,-1
39610,3
39611,1
39612,-1
39613,-1
39614,-1
39615,-1
39616,-1
39617,-1
39618,-1
39619,-1
39620,3
39621,2
39622,-1
39623,-1
39624,-1
39625,-1
39626,-1
39627,-1
39628,-1
39629,-1
39630,-1
39631,-1
39632,-1
39633,-1
39634,-1
39635,-1
39636,2
39637,0
39638,-1
39639,-1
39640,-1
39641,-1
39642,1
39643,0
39644,-1
39645,-1
39646,-1
39647,-1
39648,2
39649,1
39650,-1
39651,-1
39652,-1
39653,-1
39654,-1
39655,-1
39656,-1
39657,-1
39658,-1
39659,-1
39660,-1
39661,-1
39662,-1
39663,-1
39664,-1
39665,-1
39666,-1
39667,-1
39668,-1
39669,-1
39670,1
39671,1
39672,-1
39673,-1
39674,3
39675,1
39676,2
39677,1
39678,-1
39679,-1
39680,-1
39681,-1
39682,1
39683,0
39684,3
39685,0
39686,-1
39687,-1
39688,2
39689,2
39690,-1
39691,-1
39692,2
39693,1
39694,-1
39695,-1
39696,-1
39697,-1
39698,-1
39699,-1
39700,1
39701,0
39702,-1
39703,-1
39704,3
39705,1
39706,2
39707,1
39708,-1
39709,-1
39710,-1
39711,-1
39712,1
39713,0
39714,1
39715,2
39716,-1
39717,-1
39718,-1
39719,-1
39720,3
39721,0
39722,-1
39723,-1
39724,-1
39725,-1
39726,-1
39727,-1
39728,-1
39729,-1
39730,2
39731,1
39732,-1
39733,-1
39734,-1
39735,-1
39736,-1
39737,-1
39738,3
39739,2
39740,-1
39741,-1
39742,1
39743,0
39744,-1
39745,-1
39746,-1
39747,-1
39748,2
39749,0
39750,3
39751,2
39752,2
39753,1
39754,-1
39755,-1
39756,3
39757,2
39758,-1
39759,-1
39760,-1
39761,-1
39762,-1
39763,-1
39764,3
39765,0
39766,-1
39767,-1
39768,-1
39769,-1
39770,1
39771,1
39772,-1
39773,-1
39774,3
39775,2
39776,-1
39777,-1
39778,-1
39779,-1
39780,-1
39781,-1
39782,2
39783,0
39784,-1
39785,-1
39786,1
39787,0
39788,-1
39789,-1
39790,-1
39791,-1
39792,-1
39793,-1
39794,3
39795,2
39796,-1
39797,-1
39798,-1
39799,-1
39800,3
39801,0
39802,-1
39803,-1
39804,-1
39805,-1
39806,-1
39807,-1
39808,-1
39809,-1
39810,1
39811,1
39812,-1
39813,-1
39814,-1
39815,-1
39816,-1
39817,-1
39818,-1
39819,-1
39820,-1
39821,-1
39822,-1
39823,-1
39824,-1
39825,-1
39826,2
39827,2
39828,-1
39829,-1
39830,1
39831,0
39832,1
39833,2
39834,-1
39835,-1
39836,-1
39837,-1
39838,2
39839,1
39840,-1
39841,-1
39842,-1
39843,-1
39844,-1
39845,-1
39846,-1
39847,-1
39848,-1
39849,-1
39850,-1
39851,-1
39852,2
39853,0
39854,-1
39855,-1
39856,1
39857,2
39858,-1
39859,-1
39860,2
39861,2
39862,3
39863,1
39864,3
39865,2
39866,-1
39867,-1
39868,-1
39869,-1
39870,-1
39871,-1
39872,-1
39873,-1
39874,3
39875,2
39876,-1
39877,-1
39878,-1
39879,-1
39880,-1
39881,-1
39882,2
39883,1
39884,3
39885,1
39886,-1
39887,-1
39888,3
39889,2
39890,-1
39891,-1
39892,-1
39893,-1
39894,-1
39895,-1
39896,3
39897,0
39898,-1
39899,-1
39900,-1
39901,-1
39902,-1
39903,-1
39904,1
39905,0
39906,-1
39907,-1
39908,-1
39909,-1
39910,-1
39911,-1
39912,-1
39913,-1
39914,1
39915,2
39916,3
39917,0
39918,-1
39919,-1
39920,2
39921,1
39922,-1
39923,-1
39924,-1
39925,-1
39926,-1
39927,-1
39928,3
39929,1
39930,2
39931,1
39932,-1
39933,-1
39934,-1
39935,-1
39936,3
39937,0
39938,-1
39939,-1
39940,-1
39941,-1
39942,-1
39943,-1
39944,-1
39945,-1
39946,-1
39947,-1
39948,-1
39949,-1
39950,-1
39951,-1
39952,-1
39953,-1
39954,-1
39955,-1
39956,-1
39957,-1
39958,2
39959,1
39960,-1
39961,-1
39962,-1
39963,-1
39964,-1
39965,-1
39966,1
39967,2
39968,3
39969,0
39970,-1
39971,-1
39972,-1
39973,-1
39974,2
39975,0
39976,-1
39977,-1
39978,-1
39979,-1
39980,-1
39981,-1
39982,2
39983,2
39984,-1
39985,-1
39986,-1
39987,-1
39988,-1
39989,-1
39990,-1
39991,-1
39992,-1
39993,-1
39994,-1
39995,-1
39996,-1
39997,-1
39998,3
39999,2
40000,-1
40001,-1
40002,-1
40003,-1
40004,-1
40005,-1
40006,3
40007,2
40008,-1
40009,-1
40010,-1
40011,-1
40012,-1
40013,-1
40014,-1
40015,-1
40016,-1
40017,-1
40018,-1
40019,-1
40020,-1
40021,-1
40022,-1
40023,-1
40024,-1
40025,-1
40026,-1
40027,-1
40028,-1
40029,-1
40030,-1
40031,-1
40032,-1
40033,-1
40034,-1
40035,-1
40036,-1
40037,-1
40038,-1
40039,-1
40040,-1
40041,-1
40042,-1
40043,-1
40044,1
40045,1
40046,-1
40047,-1
40048,-1
40049,-1
40050,-1
40051,-1
40052,-1
40053,-1
40054,-1
40055,-1
40056,-1
40057,-1
40058,-1
40059,-1
40060,-1
40061,-1
40062,-1
40063,-1
40064,-1
40065,-1
40066,-1
40067,-1
40068,-1
40069,-1
40070,2
40071,2
40072,-1
40073,-1
40074,-1
40075,-1
40076,-1
40077,-1
40078,1
40079,1
40080,-1
40081,-1
40082,-1
40083,-1
40084,3
40085,0
40086,-1
40087,-1
40088,1
40089,1
40090,-1
40091,-1
40092,2
40093,2
40094,-1
40095,-1
40096,-1
40097,-1
40098,3
40099,0
40100,3
40101,0
40102,-1
40103,-1
40104,-1
40105,-1
40106,-1
40107,-1
40108,-1
40109,-1
40110,-1
40111,-1
40112,1
40113,2
40114,-1
40115,-1
40116,-1
40117,-1
40118,-1
40119,-1
40120,-1
40121,-1
40122,3
40123,0
40124,-1
40125,-1
40126,-1
40127,-1
40128,-1
40129,-1
40130,-1
40131,-1
40132,3
40133,0
40134,-1
40135,-1
40136,1
40137,2
40138,-1
40139,-1
40140,1
40141,2
40142,3
40143,2
40144,-1
40145,-1
40146,-1
40147,-1
40148,-1
40149,-1
40150,-1
40151,-1
40152,-1
40153,-1
40154,-1
40155,-1
40156,-1
40157,-1
40158,-1
40159,-1
40160,-1
40161,-1
40162,-1
40163,-1
40164,-1
40165,-1
40166,1
40167,2
40168,1
40169,2
40170,-1
40171,-1
40172,-1
40173,-1
40174,-1
40175,-1
40176,1
40177,1
40178,2
40179,1
40180,2
40181,1
40182,1
40183,2
40184,-1
40185,-1
40186,-1
40187,-1
40188,3
40189,0
40190,1
40191,1
40192,-1
40193,-1
40194,-1
40195,-1
40196,-1
40197,-1
40198,-1
40199,-1
40200,2
40201,0
40202,-1
40203,-1
40204,-1
40205,-1
40206,-1
40207,-1
40208,-1
40209,-1
40210,-1
40211,-1
40212,-1
40213,-1
40214,-1
40215,-1
40216,-1
40217,-1
40218,-1
40219,-1
40220,-1
40221,-1
40222,-1
40223,-1
40224,-1
40225,-1
40226,-1
40227,-1
40228,-1
40229,-1
40230,-1
40231,-1
40232,1
40233,0
40234,2
40235,0
40236,2
40237,1
40238,-1
40239,-1
40240,-1
40241,-1
40242,-1
40243,-1
40244,-1
40245,-1
40246,2
40247,1
40248,-1
40249,-1
40250,-1
40251,-1
40252,2
40253,0
40254,-1
40255,-1
40256,-1
40257,-1
40258,1
40259,1
40260,-1
40261,-1
40262,-1
40263,-1
40264,1
40265,0
40266,-1
40267,-1
40268,-1
40269,-1
40270,-1
40271,-1
40272,-1
40273,-1
40274,2
40275,1
40276,-1
40277,-1
40278,3
40279,1
40280,3
40281,0
40282,2
40283,1
40284,-1
40285,-1
40286,-1
40287,-1
40288,3
40289,2
40290,-1
40291,-1
40292,-1
40293,-1
40294,-1
40295,-1
40296,-1
40297,-1
40298,-1
40299,-1
40300,2
40301,1
40302,-1
40303,-1
40304,-1
40305,-1
40306,-1
40307,-1
40308,-1
40309,-1
40310,1
40311,0
40312,-1
40313,-1
40314,-1
40315,-1
40316,-1
40317,-1
40318,-1
40319,-1
40320,-1
40321,-1
40322,-1
40323,-1
40324,-1
40325,-1
40326,2
40327,0
40328,-1
40329,-1
40330,-1
40331,-1
40332,-1
40333,-1
40334,-1
40335,-1
40336,-1
40337,-1
40338,-1
40339,-1
40340,-1
40341,-1
40342,-1
40343,-1
40344,-1
40345,-1
40346,-1
40347,-1
40348,2
40349,1
40350,-1
40351,-1
40352,1
40353,1
40354,-1
40355,-1
40356,-1
40357,-1
40358,-1
40359,-1
40360,-1
40361,-1
40362,-1
40363,-1
40364,3
40365,0
40366,-1
40367,-1
40368,1
40369,1
40370,-1
40371,-1
40372,-1
40373,-1
40374,3
40375,2
40376,-1
40377,-1
40378,-1
40379,-1
40380,-1
40381,-1
40382,-1
40383,-1
40384,-1
40385,-1
40386,1
40387,1
40388,-1
40389,-1
40390,-1
40391,-1
40392,2
40393,1
40394,-1
40395,-1
40396,-1
40397,-1
40398,-1
40399,-1
40400,-1
40401,-1
40402,1
40403,0
40404,-1
40405,-1
40406,3
40407,1
40408,-1
40409,-1
40410,-1
40411,-1
40412,-1
40413,-1
40414,-1
40415,-1
40416,-1
40417,-1
40418,-1
40419,-1
40420,-1
40421,-1
40422,-1
40423,-1
40424,-1
40425,-1
40426,1
40427,0
40428,3
40429,0
40430,-1
40431,-1
40432,-1
40433,-1
40434,-1
40435,-1
40436,-1
40437,-1
40438,-1
40439,-1
40440,-1
40441,-1
40442,-1
40443,-1
40444,-1
40445,-1
40446,-1
40447,-1
40448,2
40449,2
40450,-1
40451,-1
40452,-1
40453,-1
40454,-1
40455,-1
40456,-1
40457,-1
40458,-1
40459,-1
40460,2
40461,2
40462,2
40463,0
40464,-1
40465,-1
40466,-1
40467,-1
40468,-1
40469,-1
40470,-1
40471,-1
40472,2
40473,0
40474,-1
40475,-1
40476,-1
40477,-1
40478,-1
40479,-1
40480,2
40481,0
40482,-1
40483,-1
40484,-1
40485,-1
40486,-1
40487,-1
40488,-1
40489,-1
40490,-1
40491,-1
40492,-1
40493,-1
40494,2
40495,1
40496,-1
40497,-1
40498,-1
40499,-1
40500,-1
40501,-1
40502,3
40503,0
40504,-1
40505,-1
40506,-1
40507,-1
40508,-1
40509,-1
40510,-1
40511,-1
40512,-1
40513,-1
40514,-1
40515,-1
40516,-1
40517,-1
40518,-1
40519,-1
40520,-1
40521,-1
40522,-1
40523,-1
40524,-1
40525,-1
40526,-1
40527,-1
40528,1
40529,2
40530,2
40531,1
40532,-1
40533,-1
40534,-1
40535,-1
40536,-1
40537,-1
40538,3
40539,0
40540,-1
40541,-1
40542,-1
40543,-1
40544,-1
40545,-1
40546,-1
40547,-1
40548,-1
40549,-1
40550,3
40551,1
40552,2
40553,0
40554,-1
40555,-1
40556,-1
40557,-1
40558,1
40559,0
40560,1
40561,1
40562,-1
40563,-1
40564,-1
40565,-1
40566,-1
40567,-1
40568,1
40569,2
40570,-1
40571,-1
40572,-1
40573,-1
40574,-1
40575,-1
40576,-1
40577,-1
40578,-1
40579,-1
40580,-1
40581,-1
40582,-1
40583,-1
40584,-1
40585,-1
40586,-1
40587,-1
40588,-1
40589,-1
40590,-1
40591,-1
40592,-1
40593,-1
40594,-1
40595,-1
40596,2
40597,1
40598,-1
40599,-1
40600,-1
40601,-1
40602,-1
40603,-1
40604,2
40605,2
40606,-1
40607,-1
40608,-1
40609,-1
40610,-1
40611,-1
40612,-1
40613,-1
40614,-1
40615,-1
40616,3
40617,0
40618,1
40619,1
40620,2
40621,2
40622,-1
40623,-1
40624,-1
40625,-1
40626,-1
40627,-1
40628,1
40629,2
40630,3
40631,1
40632,-1
40633,-1
40634,1
40635,2
40636,-1
40637,-1
40638,-1
40639,-1
40640,-1
40641,-1
40642,-1
40643,-1
40644,-1
40645,-1
40646,2
40647,0
40648,-1
40649,-1
40650,-1
40651,-1
40652,-1
40653,-1
40654,-1
40655,-1
40656,-1
40657,-1
40658,-1
40659,-1
40660,-1
40661,-1
40662,2
40663,2
40664,-1
40665,-1
40666,-1
40667,-1
40668,-1
40669,-1
40670,-1
40671,-1
40672,-1
40673,-1
40674,-1
40675,-1
40676,-1
40677,-1
40678,-1
40679,-1
40680,3
40681,2
40682,-1
40683,-1
40684,-1
40685,-1
40686,-1
40687,-1
40688,1
40689,0
40690,-1
40691,-1
40692,-1
40693,-1
40694,-1
40695,-1
40696,-1
40697,-1
40698,1
40699,2
40700,3
40701,0
40702,-1
40703,-1
40704,-1
40705,-1
40706,3
40707,0
40708,1
40709,2
40710,-1
40711,-1
40712,-1
40713,-1
40714,-1
40715,-1
40716,-1
40717,-1
40718,3
40719,0
40720,1
40721,0
40722,-1
40723,-1
40724,-1
40725,-1
40726,2
40727,0
40728,-1
40729,-1
40730,-1
40731,-1
40732,-1
40733,-1
40734,-1
40735,-1
40736,3
40737,0
40738,2
40739,2
40740,-1
40741,-1
40742,3
40743,2
40744,-1
40745,-1
40746,1
40747,1
40748,1
40749,1
40750,-1
40751,-1
40752,-1
40753,-1
40754,3
40755,1
40756,2
40757,2
40758,-1
40759,-1
40760,-1
40761,-1
40762,1
40763,2
40764,-1
40765,-1
40766,-1
40767,-1
40768,2
40769,0
40770,-1
40771,-1
40772,-1
40773,-1
40774,-1
40775,-1
40776,1
40777,2
40778,-1
40779,-1
40780,-1
40781,-1
40782,-1
40783,-1
40784,-1
40785,-1
40786,-1
40787,-1
40788,-1
40789,-1
40790,-1
40791,-1
40792,-1
40793,-1
40794,-1
40795,-1
40796,-1
40797,-1
40798,-1
40799,-1
40800,-1
40801,-1
40802,-1
40803,-1
40804,-1
40805,-1
40806,-1
40807,-1
40808,-1
40809,-1
40810,-1
40811,-1
40812,-1
40813,-1
40814,-1
40815,-1
40816,-1
40817,-1
40818,-1
40819,-1
40820,2
40821,1
40822,-1
40823,-1
40824,3
40825,1
40826,-1
40827,-1
40828,3
40829,1
40830,1
40831,0
40832,-1
40833,-1
40834,2
40835,1
40836,-1
40837,-1
40838,-1
40839,-1
40840,-1
40841,-1
40842,-1
40843,-1
40844,-1
40845,-1
40846,-1
40847,-1
40848,-1
40849,-1
40850,-1
40851,-1
40852,-1
40853,-1
40854,-1
40855,-1
40856,-1
40857,-1
40858,1
40859,0
40860,1
40861,0
40862,2
40863,1
40864,-1
40865,-1
40866,1
40867,0
40868,-1
40869,-1
40870,-1
40871,-1
40872,-1
40873,-1
40874,-1
40875,-1
40876,-1
40877,-1
40878,-1
40879,-1
40880,-1
40881,-1
40882,3
40883,1
40884,1
40885,0
40886,-1
40887,-1
40888,-1
40889,-1
40890,1
40891,1
40892,-1
40893,-1
40894,-1
40895,-1
40896,-1
40897,-1
40898,-1
40899,-1
40900,1
40901,1
40902,2
40903,0
40904,-1
40905,-1
40906,-1
40907,-1
40908,-1
40909,-1
40910,-1
40911,-1
40912,-1
40913,-1
40914,-1
40915,-1
40916,2
40917,1
40918,2
40919,1
40920,-1
40921,-1
40922,-1
40923,-1
40924,-1
40925,-1
40926,-1
40927,-1
40928,-1
40929,-1
40930,-1
40931,-1
40932,-1
40933,-1
40934,2
40935,1
40936,-1
40937,-1
40938,-1
40939,-1
40940,-1
40941,-1
40942,-1
40943,-1
40944,-1
40945,-1
40946,2
40947,0
40948,3
40949,0
40950,-1
40951,-1
40952,2
40953,1
40954,-1
40955,-1
40956,-1
40957,-1
40958,-1
40959,-1
40960,-1
40961,-1
40962,2
40963,2
40964,2
40965,1
40966,-1
40967,-1
40968,-1
40969,-1
40970,1
40971,2
40972,-1
40973,-1
40974,-1
40975,-1
40976,-1
40977,-1
40978,-1
40979,-1
40980,-1
40981,-1
40982,-1
40983,-1
40984,-1
40985,-1
40986,-1
40987,-1
40988,-1
40989,-1
40990,-1
40991,-1
40992,-1
40993,-1
40994,-1
40995,-1
40996,-1
40997,-1
40998,-1
40999,-1
41000,-1
41001,-1
41002,-1
41003,-1
41004,-1
41005,-1
41006,-1
41007,-1
41008,-1
41009,-1
41010,-1
41011,-1
41012,-1
41013,-1
41014,-1
41015,-1
41016,-1
41017,-1
41018,-1
41019,-1
41020,2
41021,2
41022,-1
41023,-1
41024,-1
41025,-1
41026,-1
41027,-1
41028,3
41029,2
41030,-1
41031,-1
41032,-1
41033,-1
41034,-1
41035,-1
41036,2
41037,1
41038,2
41039,2
41040,-1
41041,-1
41042,3
41043,1
41044,-1
41045,-1
41046,-1
41047,-1
41048,1
41049,0
41050,-1
41051,-1
41052,-1
41053,-1
41054,-1
41055,-1
41056,1
41057,1
41058,-1
41059,-1
41060,-1
41061,-1
41062,-1
41063,-1
41064,3
41065,1
41066,-1
41067,-1
41068,-1
41069,-1
41070,-1
41071,-1
41072,-1
41073,-1
41074,-1
41075,-1
41076,-1
41077,-1
41078,1
41079,0
41080,-1
41081,-1
41082,-1
41083,-1
41084,2
41085,1
41086,-1
41087,-1
41088,-1
41089,-1
41090,2
41091,2
41092,-1
41093,-1
41094,-1
41095,-1
41096,-1
41097,-1
41098,-1
41099,-1
41100,-1
41101,-1
41102,-1
41103,-1
41104,-1
41105,-1
41106,-1
41107,-1
41108,-1
41109,-1
41110,-1
41111,-1
41112,-1
41113,-1
41114,-1
41115,-1
41116,-1
41117,-1
41118,-1
41119,-1
41120,-1
41121,-1
41122,-1
41123,-1
41124,2
41125,0
41126,-1
41127,-1
41128,-1
41129,-1
41130,-1
41131,-1
41132,-1
41133,-1
41134,-1
41135,-1
41136,-1
41137,-1
41138,-1
41139,-1
41140,-1
41141,-1
41142,-1
41143,-1
41144,-1
41145,-1
41146,-1
41147,-1
41148,-1
41149,-1
41150,-1
41151,-1
41152,-1
41153,-1
41154,-1
41155,-1
41156,3
41157,0
41158,-1
41159,-1
41160,-1
41161,-1
41162,2
41163,0
41164,3
41165,0
41166,-1
41167,-1
41168,-1
41169,-1
41170,1
41171,0
41172,-1
41173,-1
41174,-1
41175,-1
41176,1
41177,1
41178,1
41179,0
41180,-1
41181,-1
41182,2
41183,2
41184,-1
41185,-1
41186,-1
41187,-1
41188,-1
41189,-1
41190,-1
41191,-1
41192,-1
41193,-1
41194,-1
41195,-1
41196,-1
41197,-1
41198,-1
41199,-1
41200,-1
41201,-1
41202,-1
41203,-1
41204,1
41205,0
41206,1
41207,1
41208,-1
41209,-1
41210,-1
41211,-1
41212,-1
41213,-1
41214,-1
41215,-1
41216,-1
41217,-1
41218,-1
41219,-1
41220,2
41221,0
41222,3
41223,1
41224,-1
41225,-1
41226,-1
41227,-1
41228,-1
41229,-1
41230,-1
41231,-1
41232,-1
41233,-1
41234,-1
41235,-1
41236,1
41237,0
41238,2
41239,2
41240,-1
41241,-1
41242,-1
41243,-1
41244,1
41245,1
41246,2
41247,1
41248,3
41249,1
41250,-1
41251,-1
41252,2
41253,0
41254,-1
41255,-1
41256,-1
41257,-1
41258,3
41259,2
41260,-1
41261,-1
41262,2
41263,2
41264,-1
41265,-1
41266,-1
41267,-1
41268,-1
41269,-1
41270,1
41271,1
41272,-1
41273,-1
41274,-1
41275,-1
41276,-1
41277,-1
41278,2
41279,2
41280,-1
41281,-1
41282,2
41283,2
41284,-1
41285,-1
41286,-1
41287,-1
41288,-1
41289,-1
41290,-1
41291,-1
41292,-1
41293,-1
41294,-1
41295,-1
41296,3
41297,1
41298,-1
41299,-1
41300,-1
41301,-1
41302,-1
41303,-1
41304,-1
41305,-1
41306,-1
41307,-1
41308,-1
41309,-1
41310,2
41311,1
41312,-1
41313,-1
41314,3
41315,0
41316,-1
41317,-1
41318,-1
41319,-1
41320,2
41321,2
41322,-1
41323,-1
41324,3
41325,1
41326,1
41327,0
41328,-1
41329,-1
41330,3
41331,2
41332,-1
41333,-1
41334,-1
41335,-1
41336,-1
41337,-1
41338,-1
41339,-1
41340,3
41341,0
41342,-1
41343,-1
41344,-1
41345,-1
41346,-1
41347,-1
41348,-1
41349,-1
41350,-1
41351,-1
41352,1
41353,2
41354,-1
41355,-1
41356,-1
41357,-1
41358,-1
41359,-1
41360,2
41361,0
41362,-1
41363,-1
41364,-1
41365,-1
41366,-1
41367,-1
41368,-1
41369,-1
41370,-1
41371,-1
41372,-1
41373,-1
41374,3
41375,0
41376,-1
41377,-1
41378,3
41379,0
41380,-1
41381,-1
41382,-1
41383,-1
41384,-1
41385,-1
41386,-1
41387,-1
41388,-1
41389,-1
41390,-1
41391,-1
41392,-1
41393,-1
41394,-1
41395,-1
41396,-1
41397,-1
41398,-1
41399,-1
41400,1
41401,2
41402,-1
41403,-1
41404,-1
41405,-1
41406,-1
41407,-1
41408,-1
41409,-1
41410,-1
41411,-1
41412,-1
41413,-1
41414,2
41415,1
41416,-1
41417,-1
41418,-1
41419,-1
41420,-1
41421,-1
41422,-1
41423,-1
41424,-1
41425,-1
41426,-1
41427,-1
41428,-1
41429,-1
41430,-1
41431,-1
41432,-1
41433,-1
41434,-1
41435,-1
41436,1
41437,0
41438,-1
41439,-1
41440,1
41441,1
41442,1
41443,1
41444,-1
41445,-1
41446,-1
41447,-1
41448,-1
41449,-1
41450,-1
41451,-1
41452,-1
41453,-1
41454,-1
41455,-1
41456,-1
41457,-1
41458,-1
41459,-1
41460,1
41461,1
41462,3
41463,1
41464,-1
41465,-1
41466,-1
41467,-1
41468,3
41469,0
41470,2
41471,1
41472,-1
41473,-1
41474,-1
41475,-1
41476,-1
41477,-1
41478,-1
41479,-1
41480,-1
41481,-1
41482,-1
41483,-1
41484,-1
41485,-1
41486,-1
41487,-1
41488,-1
41489,-1
41490,1
41491,0
41492,-1
41493,-1
41494,-1
41495,-1
41496,-1
41497,-1
41498,3
41499,2
41500,1
41501,1
41502,-1
41503,-1
41504,3
41505,1
41506,-1
41507,-1
41508,-1
41509,-1
41510,-1
41511,-1
41512,-1
41513,-1
41514,-1
41515,-1
41516,-1
41517,-1
41518,-1
41519,-1
41520,-1
41521,-1
41522,2
41523,0
41524,-1
41525,-1
41526,-1
41527,-1
41528,-1
41529,-1
41530,-1
41531,-1
41532,-1
41533,-1
41534,-1
41535,-1
41536,-1
41537,-1
41538,-1
41539,-1
41540,2
41541,1
41542,-1
41543,-1
41544,-1
41545,-1
41546,2
41547,0
41548,-1
41549,-1
41550,1
41551,0
41552,3
41553,1
41554,-1
41555,-1
41556,-1
41557,-1
41558,-1
41559,-1
41560,-1
41561,-1
41562,3
41563,2
41564,-1
41565,-1
41566,-1
41567,-1
41568,-1
41569,-1
41570,3
41571,1
41572,-1
41573,-1
41574,1
41575,0
41576,-1
41577,-1
41578,-1
41579,-1
41580,-1
41581,-1
41582,3
41583,2
41584,-1
41585,-1
41586,-1
41587,-1
41588,1
41589,1
41590,-1
41591,-1
41592,-1
41593,-1
41594,2
41595,1
41596,-1
41597,-1
41598,-1
41599,-1
41600,1
41601,2
41602,-1
41603,-1
41604,-1
41605,-1
41606,-1
41607,-1
41608,-1
41609,-1
41610,-1
41611,-1
41612,-1
41613,-1
41614,3
41615,1
41616,-1
41617,-1
41618,-1
41619,-1
41620,-1
41621,-1
41622,-1
41623,-1
41624,-1
41625,-1
41626,1
41627,2
41628,-1
41629,-1
41630,-1
41631,-1
41632,-1
41633,-1
41634,-1
41635,-1
41636,-1
41637,-1
41638,-1
41639,-1
41640,-1
41641,-1
41642,-1
41643,-1
41644,2
41645,1
41646,-1
41647,-1
41648,2
41649,0
41650,-1
41651,-1
41652,-1
41653,-1
41654,-1
41655,-1
41656,3
41657,0
41658,-1
41659,-1
41660,-1
41661,-1
41662,-1
41663,-1
41664,-1
41665,-1
41666,-1
41667,-1
41668,-1
41669,-1
41670,-1
41671,-1
41672,1
41673,0
41674,-1
41675,-1
41676,-1
41677,-1
41678,-1
41679,-1
41680,-1
41681,-1
41682,-1
41683,-1
41684,-1
41685,-1
41686,-1
41687,-1
41688,-1
41689,-1
41690,-1
41691,-1
41692,-1
41693,-1
41694,-1
41695,-1
41696,-1
41697,-1
41698,-1
41699,-1
41700,-1
41701,-1
41702,-1
41703,-1
41704,-1
41705,-1
41706,3
41707,0
41708,1
41709,1
41710,-1
41711,-1
41712,2
41713,0
41714,-1
41715,-1
41716,-1
41717,-1
41718,2
41719,0
41720,3
41721,1
41722,-1
41723,-1
41724,-1
41725,-1
41726,3
41727,0
41728,-1
41729,-1
41730,2
41731,1
41732,2
41733,0
41734,-1
41735,-1
41736,-1
41737,-1
41738,-1
41739,-1
41740,-1
41741,-1
41742,-1
41743,-1
41744,-1
41745,-1
41746,3
41747,2
41748,-1
41749,-1
41750,-1
41751,-1
41752,-1
41753,-1
41754,2
41755,2
41756,-1
41757,-1
41758,-1
41759,-1
41760,-1
41761,-1
41762,-1
41763,-1
41764,-1
41765,-1
41766,-1
41767,-1
41768,-1
41769,-1
41770,-1
41771,-1
41772,3
41773,1
41774,-1
41775,-1
41776,-1
41777,-1
41778,-1
41779,-1
41780,-1
41781,-1
41782,-1
41783,-1
41784,1
41785,0
41786,2
41787,2
41788,-1
41789,-1
41790,-1
41791,-1
41792,-1
41793,-1
41794,-1
41795,-1
41796,1
41797,1
41798,3
41799,1
41800,-1
41801,-1
41802,-1
41803,-1
41804,-1
41805,-1
41806,-1
41807,-1
41808,2
41809,1
41810,-1
41811,-1
41812,1
41813,0
41814,2
41815,2
41816,-1
41817,-1
41818,-1
41819,-1
41820,-1
41821,-1
41822,-1
41823,-1
41824,-1
41825,-1
41826,-1
41827,-1
41828,-1
41829,-1
41830,-1
41831,-1
41832,-1
41833,-1
41834,-1
41835,-1
41836,-1
41837,-1
41838,3
41839,2
41840,-1
41841,-1
41842,-1
41843,-1
41844,-1
41845,-1
41846,-1
41847,-1
41848,-1
41849,-1
41850,-1
41851,-1
41852,-1
41853,-1
41854,-1
41855,-1
41856,-1
41857,-1
41858,2
41859,1
41860,-1
41861,-1
41862,1
41863,1
41864,-1
41865,-1
41866,-1
41867,-1
41868,-1
41869,-1
41870,2
41871,1
41872,-1
41873,-1
41874,-1
41875,-1
41876,-1
41877,-1
41878,-1
41879,-1
41880,-1
41881,-1
41882,-1
41883,-1
41884,-1
41885,-1
41886,-1
41887,-1
41888,-1
41889,-1
41890,-1
41891,-1
41892,-1
41893,-1
41894,-1
41895,-1
41896,1
41897,0
41898,-1
41899,-1
41900,2
41901,0
41902,-1
41903,-1
41904,3
41905,0
41906,-1
41907,-1
41908,3
41909,2
41910,3
41911,1
41912,-1
41913,-1
41914,-1
41915,-1
41916,3
41917,2
41918,-1
41919,-1
41920,-1
41921,-1
41922,3
41923,0
41924,-1
41925,-1
41926,-1
41927,-1
41928,1
41929,0
41930,-1
41931,-1
41932,-1
41933,-1
41934,-1
41935,-1
41936,2
41937,2
41938,-1
41939,-1
41940,-1
41941,-1
41942,-1
41943,-1
41944,2
41945,0
41946,-1
41947,-1
41948,-1
41949,-1
41950,-1
41951,-1
41952,-1
41953,-1
41954,-1
41955,-1
41956,-1
41957,-1
41958,-1
41959,-1
41960,-1
41961,-1
41962,-1
41963,-1
41964,3
41965,2
41966,-1
41967,-1
41968,-1
41969,-1
41970,-1
41971,-1
41972,3
41973,0
41974,-1
41975,-1
41976,-1
41977,-1
41978,1
41979,1
41980,-1
41981,-1
41982,3
41983,2
41984,-1
41985,-1
41986,-1
41987,-1
41988,-1
41989,-1
41990,-1
41991,-1
41992,-1
41993,-1
41994,-1
41995,-1
41996,-1
41997,-1
41998,-1
41999,-1
42000,-1
42001,-1
42002,-1
42003,-1
42004,-1
42005,-1
42006,-1
42007,-1
42008,-1
42009,-1
42010,-1
42011,-1
42012,-1
42013,-1
42014,-1
42015,-1
42016,-1
42017,-1
42018,-1
42019,-1
42020,-1
42021,-1
42022,-1
42023,-1
42024,-1
42025,-1
42026,-1
42027,-1
42028,3
42029,1
42030,-1
42031,-1
42032,-1
42033,-1
42034,-1
42035,-1
42036,-1
42037,-1
42038,1
42039,2
42040,-1
42041,-1
42042,-1
42043,-1
42044,-1
42045,-1
42046,1
42047,1
42048,-1
42049,-1
42050,-1
42051,-1
42052,-1
42053,-1
42054,-1
42055,-1
42056,-1
42057,-1
42058,-1
42059,-1
42060,-1
42061,-1
42062,-1
42063,-1
42064,2
42065,1
42066,-1
42067,-1
42068,-1
42069,-1
42070,3
42071,0
42072,-1
42073,-1
42074,-1
42075,-1
42076,3
42077,2
42078,-1
42079,-1
42080,-1
42081,-1
42082,-1
42083,-1
42084,-1
42085,-1
42086,1
42087,1
42088,1
42089,1
42090,-1
42091,-1
42092,-1
42093,-1
42094,-1
42095,-1
42096,-1
42097,-1
42098,-1
42099,-1
42100,-1
42101,-1
42102,-1
42103,-1
42104,-1
42105,-1
42106,-1
42107,-1
42108,-1
42109,-1
42110,-1
42111,-1
42112,1
42113,1
42114,2
42115,0
42116,-1
42117,-1
42118,-1
42119,-1
42120,-1
42121,-1
42122,2
42123,0
42124,-1
42125,-1
42126,-1
42127,-1
42128,-1
42129,-1
42130,-1
42131,-1
42132,-1
42133,-1
42134,-1
42135,-1
42136,-1
42137,-1
42138,-1
42139,-1
42140,-1
42141,-1
42142,-1
42143,-1
42144,-1
42145,-1
42146,-1
42147,-1
42148,-1
42149,-1
42150,2
42151,2
42152,-1
42153,-1
42154,2
42155,2
42156,-1
42157,-1
42158,-1
42159,-1
42160,-1
42161,-1
42162,2
42163,0
42164,1
42165,1
42166,-1
42167,-1
42168,3
42169,0
42170,2
42171,0
42172,-1
42173,-1
42174,-1
42175,-1
42176,-1
42177,-1
42178,2
42179,0
42180,-1
42181,-1
42182,-1
42183,-1
42184,-1
42185,-1
42186,-1
42187,-1
42188,-1
42189,-1
42190,-1
42191,-1
42192,3
42193,2
42194,-1
42195,-1
42196,-1
42197,-1
42198,3
42199,1
42200,-1
42201,-1
42202,1
42203,0
42204,-1
42205,-1
42206,-1
42207,-1
42208,-1
42209,-1
42210,1
42211,1
42212,-1
42213,-1
42214,-1
42215,-1
42216,-1
42217,-1
42218,-1
42219,-1
42220,-1
42221,-1
42222,-1
42223,-1
42224,2
42225,2
42226,-1
42227,-1
42228,-1
42229,-1
42230,-1
42231,-1
42232,-1
42233,-1
42234,-1
42235,-1
42236,2
42237,0
42238,1
42239,0
42240,-1
42241,-1
42242,-1
42243,-1
42244,-1
42245,-1
42246,-1
42247,-1
42248,-1
42249,-1
42250,-1
42251,-1
42252,-1
42253,-1
42254,2
42255,1
42256,3
42257,1
42258,2
42259,1
42260,-1
42261,-1
42262,3
42263,2
42264,-1
42265,-1
42266,-1
42267,-1
42268,-1
42269,-1
42270,-1
42271,-1
42272,1
42273,0
42274,1
42275,0
42276,-1
42277,-1
42278,-1
42279,-1
42280,1
42281,2
42282,-1
42283,-1
42284,-1
42285,-1
42286,-1
42287,-1
42288,2
42289,2
42290,-1
42291,-1
42292,-1
42293,-1
42294,-1
42295,-1
42296,-1
42297,-1
42298,-1
42299,-1
42300,-1
42301,-1
42302,3
42303,2
42304,3
42305,1
42306,2
42307,0
42308,-1
42309,-1
42310,-1
42311,-1
42312,-1
42313,-1
42314,1
42315,1
42316,2
42317,1
42318,-1
42319,-1
42320,-1
42321,-1
42322,-1
42323,-1
42324,-1
42325,-1
42326,-1
42327,-1
42328,-1
42329,-1
42330,-1
42331,-1
42332,-1
42333,-1
42334,-1
42335,-1
42336,-1
42337,-1
42338,-1
42339,-1
42340,-1
42341,-1
42342,-1
42343,-1
42344,-1
42345,-1
42346,-1
42347,-1
42348,-1
42349,-1
42350,-1
42351,-1
42352,-1
42353,-1
42354,-1
42355,-1
42356,-1
42357,-1
42358,-1
42359,-1
42360,1
42361,1
42362,-1
42363,-1
42364,2
42365,2
42366,-1
42367,-1
42368,-1
42369,-1
42370,-1
42371,-1
42372,-1
42373,-1
42374,-1
42375,-1
42376,-1
42377,-1
42378,-1
42379,-1
42380,-1
42381,-1
42382,-1
42383,-1
42384,-1
42385,-1
42386,-1
42387,-1
42388,-1
42389,-1
42390,2
42391,1
42392,-1
42393,-1
42394,-1
42395,-1
42396,-1
42397,-1
42398,1
42399,0
42400,-1
42401,-1
42402,1
42403,0
42404,-1
42405,-1
42406,-1
42407,-1
42408,-1
42409,-1
42410,-1
42411,-1
42412,-1
42413,-1
42414,3
42415,1
42416,-1
42417,-1
42418,3
42419,2
42420,2
42421,2
42422,-1
42423,-1
42424,-1
42425,-1
42426,-1
42427,-1
42428,3
42429,1
42430,-1
42431,-1
42432,-1
42433,-1
42434,-1
42435,-1
42436,-1
42437,-1
42438,-1
42439,-1
42440,-1
42441,-1
42442,-1
42443,-1
42444,-1
42445,-1
42446,-1
42447,-1
42448,-1
42449,-1
42450,-1
42451,-1
42452,-1
42453,-1
42454,-1
42455,-1
42456,-1
42457,-1
42458,-1
42459,-1
42460,3
42461,0
42462,2
42463,2
42464,-1
42465,-1
42466,-1
42467,-1
42468,1
42469,0
42470,-1
42471,-1
42472,-1
42473,-1
42474,-1
42475,-1
42476,-1
42477,-1
42478,3
42479,0
42480,-1
42481,-1
42482,-1
42483,-1
42484,-1
42485,-1
42486,-1
42487,-1
42488,-1
42489,-1
42490,-1
42491,-1
42492,-1
42493,-1
42494,-1
42495,-1
42496,-1
42497,-1
42498,-1
42499,-1
42500,-1
42501,-1
42502,-1
42503,-1
42504,-1
42505,-1
42506,-1
42507,-1
42508,-1
42509,-1
42510,-1
42511,-1
42512,-1
42513,-1
42514,-1
42515,-1
42516,3
42517,2
42518,-1
42519,-1
42520,2
42521,0
42522,1
42523,0
42524,3
42525,0
42526,-1
42527,-1
42528,1
42529,0
42530,-1
42531,-1
42532,-1
42533,-1
42534,-1
42535,-1
42536,-1
42537,-1
42538,-1
42539,-1
42540,-1
42541,-1
42542,-1
42543,-1
42544,-1
42545,-1
42546,-1
42547,-1
42548,-1
42549,-1
42550,-1
42551,-1
42552,-1
42553,-1
42554,2
42555,1
42556,-1
42557,-1
42558,-1
42559,-1
42560,-1
42561,-1
42562,-1
42563,-1
42564,3
42565,0
42566,-1
42567,-1
42568,-1
42569,-1
42570,2
42571,0
42572,-1
42573,-1
42574,-1
42575,-1
42576,-1
42577,-1
42578,-1
42579,-1
42580,-1
42581,-1
42582,-1
42583,-1
42584,2
42585,0
42586,-1
42587,-1
42588,-1
42589,-1
42590,-1
42591,-1
42592,-1
42593,-1
42594,-1
42595,-1
42596,1
42597,0
42598,3
42599,1
42600,-1
42601,-1
42602,-1
42603,-1
42604,-1
42605,-1
42606,-1
42607,-1
42608,-1
42609,-1
42610,-1
42611,-1
42612,3
42613,2
42614,2
42615,2
42616,-1
42617,-1
42618,-1
42619,-1
42620,-1
42621,-1
42622,-1
42623,-1
42624,-1
42625,-1
42626,-1
42627,-1
42628,-1
42629,-1
42630,-1
42631,-1
42632,1
42633,1
42634,-1
42635,-1
42636,-1
42637,-1
42638,-1
42639,-1
42640,-1
42641,-1
42642,2
42643,0
42644,-1
42645,-1
42646,-1
42647,-1
42648,-1
42649,-1
42650,3
42651,2
42652,1
42653,0
42654,-1
42655,-1
42656,-1
42657,-1
42658,-1
42659,-1
42660,-1
42661,-1
42662,1
42663,2
42664,3
42665,1
42666,-1
42667,-1
42668,-1
42669,-1
42670,-1
42671,-1
42672,-1
42673,-1
42674,-1
42675,-1
42676,1
42677,0
42678,-1
42679,-1
42680,1
42681,0
42682,-1
42683,-1
42684,-1
42685,-1
42686,-1
42687,-1
42688,-1
42689,-1
42690,-1
42691,-1
42692,-1
42693,-1
42694,-1
42695,-1
42696,-1
42697,-1
42698,-1
42699,-1
42700,-1
42701,-1
42702,-1
42703,-1
42704,-1
42705,-1
42706,-1
42707,-1
42708,-1
42709,-1
42710,-1
42711,-1
42712,-1
42713,-1
42714,-1
42715,-1
42716,-1
42717,-1
42718,2
42719,2
42720,2
42721,0
42722,2
42723,2
42724,1
42725,0
42726,1
42727,0
42728,-1
42729,-1
42730,-1
42731,-1
42732,-1
42733,-1
42734,3
42735,0
42736,-1
42737,-1
42738,-1
42739,-1
42740,-1
42741,-1
42742,-1
42743,-1
42744,-1
42745,-1
42746,-1
42747,-1
42748,-1
42749,-1
42750,-1
42751,-1
42752,-1
42753,-1
42754,-1
42755,-1
42756,-1
42757,-1
42758,-1
42759,-1
42760,-1
42761,-1
42762,-1
42763,-1
42764,-1
42765,-1
42766,-1
42767,-1
42768,-1
42769,-1
42770,3
42771,0
42772,-1
42773,-1
42774,-1
42775,-1
42776,-1
42777,-1
42778,-1
42779,-1
42780,-1
42781,-1
42782,-1
42783,-1
42784,-1
42785,-1
42786,-1
42787,-1
42788,-1
42789,-1
42790,-1
42791,-1
42792,-1
42793,-1
42794,-1
42795,-1
42796,-1
42797,-1
42798,-1
42799,-1
42800,-1
42801,-1
42802,-1
42803,-1
42804,-1
42805,-1
42806,-1
42807,-1
42808,-1
42809,-1
42810,1
42811,0
42812,-1
42813,-1
42814,-1
42815,-1
42816,-1
42817,-1
42818,1
42819,2
42820,-1
42821,-1
42822,-1
42823,-1
42824,-1
42825,-1
42826,-1
42827,-1
42828,-1
42829,-1
42830,-1
42831,-1
42832,2
42833,1
42834,-1
42835,-1
42836,-1
42837,-1
42838,-1
42839,-1
42840,-1
42841,-1
42842,1
42843,0
42844,-1
42845,-1
42846,-1
42847,-1
42848,-1
42849,-1
42850,2
42851,1
42852,-1
42853,-1
42854,-1
42855,-1
42856,-1
42857,-1
42858,-1
42859,-1
42860,-1
42861,-1
42862,2
42863,2
42864,3
42865,1
42866,3
42867,1
42868,1
42869,0
42870,2
42871,1
42872,-1
42873,-1
42874,-1
42875,-1
42876,-1
42877,-1
42878,-1
42879,-1
42880,-1
42881,-1
42882,-1
42883,-1
42884,-1
42885,-1
42886,2
42887,1
42888,-1
42889,-1
42890,3
42891,0
42892,-1
42893,-1
42894,1
42895,2
42896,2
42897,1
42898,-1
42899,-1
42900,-1
42901,-1
42902,1
42903,0
42904,-1
42905,-1
42906,-1
42907,-1
42908,-1
42909,-1
42910,1
42911,0
42912,1
42913,2
42914,-1
42915,-1
42916,2
42917,0
42918,-1
42919,-1
42920,-1
42921,-1
42922,1
42923,1
42924,-1
42925,-1
42926,-1
42927,-1
42928,-1
42929,-1
42930,-1
42931,-1
42932,-1
42933,-1
42934,-1
42935,-1
42936,1
42937,2
42938,-1
42939,-1
42940,-1
42941,-1
42942,3
42943,2
42944,-1
42945,-1
42946,-1
42947,-1
42948,-1
42949,-1
42950,1
42951,1
42952,-1
42953,-1
42954,-1
42955,-1
42956,-1
42957,-1
42958,-1
42959,-1
42960,2
42961,0
42962,-1
42963,-1
42964,1
42965,1
42966,-1
42967,-1
42968,-1
42969,-1
42970,2
42971,2
42972,-1
42973,-1
42974,-1
42975,-1
42976,-1
42977,-1
42978,2
42979,1
42980,-1
42981,-1
42982,-1
42983,-1
42984,1
42985,0
42986,-1
42987,-1
42988,-1
42989,-1
42990,-1
42991,-1
42992,-1
42993,-1
42994,-1
42995,-1
42996,-1
42997,-1
42998,-1
42999,-1
43000,-1
43001,-1
43002,3
43003,2
43004,-1
43005,-1
43006,-1
43007,-1
43008,1
43009,0
43010,1
43011,2
43012,-1
43013,-1
43014,-1
43015,-1
43016,1
43017,2
43018,-1
43019,-1
43020,-1
43021,-1
43022,-1
43023,-1
43024,-1
43025,-1
43026,-1
43027,-1
43028,-1
43029,-1
43030,1
43031,1
43032,-1
43033,-1
43034,-1
43035,-1
43036,-1
43037,-1
43038,2
43039,1
43040,-1
43041,-1
43042,3
43043,2
43044,1
43045,1
43046,2
43047,1
43048,-1
43049,-1
43050,-1
43051,-1
43052,1
43053,1
43054,-1
43055,-1
43056,-1
43057,-1
43058,-1
43059,-1
43060,-1
43061,-1
43062,-1
43063,-1
43064,3
43065,2
43066,-1
43067,-1
43068,2
43069,1
43070,-1
43071,-1
43072,-1
43073,-1
43074,-1
43075,-1
43076,-1
43077,-1
43078,-1
43079,-1
43080,-1
43081,-1
43082,-1
43083,-1
43084,-1
43085,-1
43086,-1
43087,-1
43088,2
43089,1
43090,-1
43091,-1
43092,-1
43093,-1
43094,-1
43095,-1
43096,-1
43097,-1
43098,-1
43099,-1
43100,-1
43101,-1
43102,-1
43103,-1
43104,-1
43105,-1
43106,1
43107,0
43108,1
43109,2
43110,-1
43111,-1
43112,-1
43113,-1
43114,3
43115,1
43116,-1
43117,-1
43118,2
43119,1
43120,-1
43121,-1
43122,-1
43123,-1
43124,1
43125,0
43126,-1
43127,-1
43128,-1
43129,-1
43130,3
43131,0
43132,1
43133,0
43134,2
43135,2
43136,1
43137,0
43138,-1
43139,-1
43140,1
43141,0
43142,-1
43143,-1
43144,-1
43145,-1
43146,-1
43147,-1
43148,-1
43149,-1
43150,-1
43151,-1
43152,3
43153,0
43154,-1
43155,-1
43156,1
43157,2
43158,2
43159,1
43160,-1
43161,-1
43162,2
43163,1
43164,-1
43165,-1
43166,-1
43167,-1
43168,-1
43169,-1
43170,2
43171,2
43172,-1
43173,-1
43174,1
43175,1
43176,-1
43177,-1
43178,2
43179,0
43180,-1
43181,-1
43182,-1
43183,-1
43184,-1
43185,-1
43186,3
43187,0
43188,-1
43189,-1
43190,-1
43191,-1
43192,-1
43193,-1
43194,3
43195,2
43196,1
43197,1
43198,1
43199,0
43200,-1
43201,-1
43202,-1
43203,-1
43204,2
43205,0
43206,-1
43207,-1
43208,-1
43209,-1
43210,-1
43211,-1
43212,-1
43213,-1
43214,-1
43215,-1
43216,3
43217,0
43218,-1
43219,-1
43220,-1
43221,-1
43222,-1
43223,-1
43224,-1
43225,-1
43226,-1
43227,-1
43228,-1
43229,-1
43230,-1
43231,-1
43232,-1
43233,-1
43234,-1
43235,-1
43236,-1
43237,-1
43238,-1
43239,-1
43240,1
43241,1
43242,-1
43243,-1
43244,2
43245,1
43246,2
43247,2
43248,-1
43249,-1
43250,-1
43251,-1
43252,-1
43253,-1
43254,-1
43255,-1
43256,2
43257,2
43258,2
43259,1
43260,-1
43261,-1
43262,1
43263,0
43264,-1
43265,-1
43266,1
43267,1
43268,-1
43269,-1
43270,-1
43271,-1
43272,1
43273,0
43274,-1
43275,-1
43276,3
43277,1
43278,-1
43279,-1
43280,-1
43281,-1
43282,-1
43283,-1
43284,2
43285,2
43286,2
43287,2
43288,2
43289,2
43290,2
43291,1
43292,-1
43293,-1
43294,-1
43295,-1
43296,-1
43297,-1
43298,-1
43299,-1
43300,-1
43301,-1
43302,1
43303,0
43304,-1
43305,-1
43306,-1
43307,-1
43308,-1
43309,-1
43310,-1
43311,-1
43312,-1
43313,-1
43314,-1
43315,-1
43316,-1
43317,-1
43318,-1
43319,-1
43320,-1
43321,-1
43322,-1
43323,-1
43324,-1
43325,-1
43326,-1
43327,-1
43328,-1
43329,-1
43330,2
43331,0
43332,-1
43333,-1
43334,-1
43335,-1
43336,1
43337,2
43338,-1
43339,-1
43340,1
43341,2
43342,-1
43343,-1
43344,3
43345,1
43346,3
43347,1
43348,2
43349,1
43350,-1
43351,-1
43352,-1
43353,-1
43354,-1
43355,-1
43356,-1
43357,-1
43358,-1
43359,-1
43360,1
43361,2
43362,1
43363,2
43364,1
43365,0
43366,1
43367,2
43368,-1
43369,-1
43370,2
43371,1
43372,2
43373,0
43374,1
43375,0
43376,3
43377,0
43378,-1
43379,-1
43380,-1
43381,-1
43382,-1
43383,-1
43384,2
43385,1
43386,3
43387,2
43388,-1
43389,-1
43390,-1
43391,-1
43392,-1
43393,-1
43394,-1
43395,-1
43396,-1
43397,-1
43398,1
43399,0
43400,-1
43401,-1
43402,-1
43403,-1
43404,-1
43405,-1
43406,1
43407,0
43408,3
43409,0
43410,2
43411,2
43412,-1
43413,-1
43414,1
43415,0
43416,-1
43417,-1
43418,-1
43419,-1
43420,-1
43421,-1
43422,-1
43423,-1
43424,3
43425,0
43426,-1
43427,-1
43428,2
43429,1
43430,2
43431,1
43432,-1
43433,-1
43434,1
43435,1
43436,-1
43437,-1
43438,-1
43439,-1
43440,-1
43441,-1
43442,-1
43443,-1
43444,-1
43445,-1
43446,2
43447,1
43448,1
43449,0
43450,1
43451,1
43452,-1
43453,-1
43454,-1
43455,-1
43456,-1
43457,-1
43458,2
43459,1
43460,1
43461,0
43462,2
43463,2
43464,-1
43465,-1
43466,2
43467,1
43468,-1
43469,-1
43470,-1
43471,-1
43472,-1
43473,-1
43474,2
43475,1
43476,-1
43477,-1
43478,-1
43479,-1
43480,-1
43481,-1
43482,-1
43483,-1
43484,-1
43485,-1
43486,-1
43487,-1
43488,3
43489,2
43490,-1
43491,-1
43492,-1
43493,-1
43494,-1
43495,-1
43496,-1
43497,-1
43498,-1
43499,-1
43500,-1
43501,-1
43502,2
43503,1
43504,-1
43505,-1
43506,3
43507,2
43508,-1
43509,-1
43510,-1
43511,-1
43512,-1
43513,-1
43514,-1
43515,-1
43516,-1
43517,-1
43518,-1
43519,-1
43520,-1
43521,-1
43522,-1
43523,-1
43524,-1
43525,-1
43526,1
43527,2
43528,-1
43529,-1
43530,3
43531,2
43532,-1
43533,-1
43534,-1
43535,-1
43536,-1
43537,-1
43538,-1
43539,-1
43540,-1
43541,-1
43542,1
43543,0
43544,-1
43545,-1
43546,-1
43547,-1
43548,1
43549,0
43550,2
43551,1
43552,-1
43553,-1
43554,-1
43555,-1
43556,-1
43557,-1
43558,-1
43559,-1
43560,-1
43561,-1
43562,-1
43563,-1
43564,-1
43565,-1
43566,-1
43567,-1
43568,3
43569,2
43570,-1
43571,-1
43572,-1
43573,-1
43574,2
43575,1
43576,-1
43577,-1
43578,-1
43579,-1
43580,-1
43581,-1
43582,-1
43583,-1
43584,1
43585,0
43586,3
43587,1
43588,-1
43589,-1
43590,-1
43591,-1
43592,2
43593,0
43594,3
43595,0
43596,-1
43597,-1
43598,-1
43599,-1
43600,-1
43601,-1
43602,-1
43603,-1
43604,-1
43605,-1
43606,3
43607,2
43608,-1
43609,-1
43610,-1
43611,-1
43612,3
43613,1
43614,-1
43615,-1
43616,-1
43617,-1
43618,-1
43619,-1
43620,-1
43621,-1
43622,-1
43623,-1
43624,1
43625,2
43626,-1
43627,-1
43628,-1
43629,-1
43630,-1
43631,-1
43632,-1
43633,-1
43634,-1
43635,-1
43636,-1
43637,-1
43638,-1
43639,-1
43640,-1
43641,-1
43642,-1
43643,-1
43644,-1
43645,-1
43646,-1
43647,-1
43648,-1
43649,-1
43650,-1
43651,-1
43652,3
43653,0
43654,2
43655,1
43656,-1
43657,-1
43658,2
43659,0
43660,-1
43661,-1
43662,3
43663,2
43664,2
43665,0
43666,-1
43667,-1
43668,-1
43669,-1
43670,-1
43671,-1
43672,-1
43673,-1
43674,-1
43675,-1
43676,-1
43677,-1
43678,2
43679,1
43680,-1
43681,-1
43682,-1
43683,-1
43684,3
43685,2
43686,2
43687,1
43688,-1
43689,-1
43690,-1
43691,-1
43692,-1
43693,-1
43694,1
43695,0
43696,3
43697,1
43698,2
43699,2
43700,-1
43701,-1
43702,-1
43703,-1
43704,-1
43705,-1
43706,-1
43707,-1
43708,-1
43709,-1
43710,-1
43711,-1
43712,3
43713,0
43714,-1
43715,-1
43716,-1
43717,-1
43718,3
43719,2
43720,3
43721,0
43722,-1
43723,-1
43724,-1
43725,-1
43726,-1
43727,-1
43728,-1
43729,-1
43730,3
43731,0
43732,-1
43733,-1
43734,-1
43735,-1
43736,-1
43737,-1
43738,-1
43739,-1
43740,-1
43741,-1
43742,-1
43743,-1
43744,-1
43745,-1
43746,2
43747,0
43748,1
43749,2
43750,-1
43751,-1
43752,3
43753,1
43754,-1
43755,-1
43756,2
43757,1
43758,1
43759,1
43760,2
43761,1
43762,2
43763,1
43764,2
43765,2
43766,-1
43767,-1
43768,-1
43769,-1
43770,-1
43771,-1
43772,-1
43773,-1
43774,1
43775,1
43776,-1
43777,-1
43778,-1
43779,-1
43780,-1
43781,-1
43782,-1
43783,-1
43784,-1
43785,-1
43786,2
43787,2
43788,-1
43789,-1
43790,-1
43791,-1
43792,-1
43793,-1
43794,1
43795,2
43796,-1
43797,-1
43798,-1
43799,-1
43800,2
43801,2
43802,-1
43803,-1
43804,-1
43805,-1
43806,-1
43807,-1
43808,-1
43809,-1
43810,-1
43811,-1
43812,-1
43813,-1
43814,-1
43815,-1
43816,-1
43817,-1
43818,1
43819,0
43820,-1
43821,-1
43822,-1
43823,-1
43824,-1
43825,-1
43826,-1
43827,-1
43828,-1
43829,-1
43830,-1
43831,-1
43832,-1
43833,-1
43834,-1
43835,-1
43836,-1
43837,-1
43838,-1
43839,-1
43840,-1
43841,-1
43842,-1
43843,-1
43844,-1
43845,-1
43846,-1
43847,-1
43848,-1
43849,-1
43850,-1
43851,-1
43852,-1
43853,-1
43854,-1
43855,-1
43856,-1
43857,-1
43858,-1
43859,-1
43860,1
43861,1
43862,-1
43863,-1
43864,-1
43865,-1
43866,-1
43867,-1
43868,-1
43869,-1
43870,-1
43871,-1
43872,-1
43873,-1
43874,-1
43875,-1
43876,-1
43877,-1
43878,-1
43879,-1
43880,-1
43881,-1
43882,3
43883,2
43884,-1
43885,-1
43886,-1
43887,-1
43888,3
43889,0
43890,1
43891,1
43892,-1
43893,-1
43894,2
43895,0
43896,-1
43897,-1
43898,-1
43899,-1
43900,2
43901,1
43902,-1
43903,-1
43904,-1
43905,-1
43906,-1
43907,-1
43908,-1
43909,-1
43910,-1
43911,-1
43912,-1
43913,-1
43914,-1
43915,-1
43916,-1
43917,-1
43918,-1
43919,-1
43920,2
43921,0
43922,3
43923,1
43924,-1
43925,-1
43926,-1
43927,-1
43928,1
43929,1
43930,-1
43931,-1
43932,1
43933,0
43934,-1
43935,-1
43936,2
43937,0
43938,1
43939,0
43940,-1
43941,-1
43942,-1
43943,-1
43944,-1
43945,-1
43946,1
43947,0
43948,-1
43949,-1
43950,1
43951,0
43952,1
43953,1
43954,-1
43955,-1
43956,-1
43957,-1
43958,3
43959,2
43960,2
43961,2
43962,-1
43963,-1
43964,-1
43965,-1
43966,-1
43967,-1
43968,-1
43969,-1
43970,3
43971,2
43972,3
43973,2
43974,-1
43975,-1
43976,-1
43977,-1
43978,3
43979,1
43980,-1
43981,-1
43982,-1
43983,-1
43984,-1
43985,-1
43986,-1
43987,-1
43988,-1
43989,-1
43990,-1
43991,-1
43992,-1
43993,-1
43994,3
43995,0
43996,3
43997,1
43998,-1
43999,-1
44000,1
44001,0
44002,1
44003,0
44004,3
44005,0
44006,1
44007,0
44008,-1
44009,-1
44010,-1
44011,-1
44012,1
44013,0
44014,-1
44015,-1
44016,1
44017,2
44018,1
44019,0
44020,-1
44021,-1
44022,1
44023,1
44024,-1
44025,-1
44026,-1
44027,-1
44028,1
44029,1
44030,-1
44031,-1
44032,-1
44033,-1
44034,-1
44035,-1
44036,2
44037,2
44038,-1
44039,-1
44040,-1
44041,-1
44042,-1
44043,-1
44044,-1
44045,-1
44046,-1
44047,-1
44048,-1
44049,-1
44050,1
44051,0
44052,-1
44053,-1
44054,-1
44055,-1
44056,-1
44057,-1
44058,3
44059,0
44060,1
44061,0
44062,-1
44063,-1
44064,-1
44065,-1
44066,-1
44067,-1
44068,-1
44069,-1
44070,-1
44071,-1
44072,-1
44073,-1
44074,-1
44075,-1
44076,2
44077,0
44078,-1
44079,-1
44080,-1
44081,-1
44082,-1
44083,-1
44084,-1
44085,-1
44086,-1
44087,-1
44088,2
44089,0
44090,-1
44091,-1
44092,-1
44093,-1
44094,2
44095,2
44096,-1
44097,-1
44098,-1
44099,-1
44100,-1
44101,-1
44102,-1
44103,-1
44104,-1
44105,-1
44106,-1
44107,-1
44108,-1
44109,-1
44110,-1
44111,-1
44112,-1
44113,-1
44114,-1
44115,-1
44116,-1
44117,-1
44118,3
44119,2
44120,2
44121,0
44122,-1
44123,-1
44124,-1
44125,-1
44126,1
44127,0
44128,1
44129,1
44130,-1
44131,-1
44132,1
44133,0
44134,1
44135,0
44136,-1
44137,-1
44138,-1
44139,-1
44140,-1
44141,-1
44142,-1
44143,-1
44144,1
44145,1
44146,-1
44147,-1
44148,-1
44149,-1
44150,-1
44151,-1
44152,-1
44153,-1
44154,3
44155,2
44156,1
44157,1
44158,-1
44159,-1
44160,-1
44161,-1
44162,-1
44163,-1
44164,-1
44165,-1
44166,-1
44167,-1
44168,-1
44169,-1
44170,-1
44171,-1
44172,1
44173,2
44174,1
44175,1
44176,-1
44177,-1
44178,1
44179,1
44180,-1
44181,-1
44182,1
44183,0
44184,-1
44185,-1
44186,3
44187,2
44188,-1
44189,-1
44190,-1
44191,-1
44192,1
44193,0
44194,1
44195,0
44196,-1
44197,-1
44198,3
44199,1
44200,-1
44201,-1
44202,2
44203,2
44204,-1
44205,-1
44206,2
44207,0
44208,3
44209,0
44210,-1
44211,-1
44212,1
44213,1
44214,-1
44215,-1
44216,-1
44217,-1
44218,-1
44219,-1
44220,1
44221,0
44222,-1
44223,-1
44224,-1
44225,-1
44226,2
44227,1
44228,-1
44229,-1
44230,2
44231,0
44232,-1
44233,-1
44234,3
44235,1
44236,2
44237,2
44238,-1
44239,-1
44240,2
44241,1
44242,-1
44243,-1
44244,-1
44245,-1
44246,-1
44247,-1
44248,-1
44249,-1
44250,-1
44251,-1
44252,3
44253,1
44254,-1
44255,-1
44256,-1
44257,-1
44258,2
44259,0
44260,-1
44261,-1
44262,-1
44263,-1
44264,3
44265,2
44266,-1
44267,-1
44268,-1
44269,-1
44270,2
44271,1
44272,1
44273,1
44274,-1
44275,-1
44276,-1
44277,-1
44278,-1
44279,-1
44280,-1
44281,-1
44282,1
44283,1
44284,-1
44285,-1
44286,1
44287,0
44288,-1
44289,-1
44290,-1
44291,-1
44292,3
44293,2
44294,-1
44295,-1
44296,3
44297,1
44298,3
44299,1
44300,-1
44301,-1
44302,2
44303,0
44304,-1
44305,-1
44306,-1
44307,-1
44308,1
44309,1
44310,3
44311,0
44312,-1
44313,-1
44314,2
44315,0
44316,-1
44317,-1
44318,-1
44319,-1
44320,-1
44321,-1
44322,3
44323,1
44324,-1
44325,-1
44326,1
44327,2
44328,-1
44329,-1
44330,-1
44331,-1
44332,-1
44333,-1
44334,-1
44335,-1
44336,-1
44337,-1
44338,-1
44339,-1
44340,-1
44341,-1
44342,-1
44343,-1
44344,-1
44345,-1
44346,-1
44347,-1
44348,-1
44349,-1
44350,-1
44351,-1
44352,-1
44353,-1
44354,-1
44355,-1
44356,2
44357,1
44358,-1
44359,-1
44360,-1
44361,-1
44362,-1
44363,-1
44364,-1
44365,-1
44366,1
44367,0
44368,-1
44369,-1
44370,2
44371,2
44372,1
44373,1
44374,-1
44375,-1
44376,-1
44377,-1
44378,-1
44379,-1
44380,2
44381,0
44382,-1
44383,-1
44384,1
44385,0
44386,2
44387,2
44388,-1
44389,-1
44390,-1
44391,-1
44392,-1
44393,-1
44394,1
44395,0
44396,2
44397,0
44398,-1
44399,-1
44400,-1
44401,-1
44402,-1
44403,-1
44404,-1
44405,-1
44406,-1
44407,-1
44408,-1
44409,-1
44410,-1
44411,-1
44412,-1
44413,-1
44414,-1
44415,-1
44416,-1
44417,-1
44418,2
44419,1
44420,2
44421,1
44422,3
44423,2
44424,2
44425,2
44426,-1
44427,-1
44428,2
44429,0
44430,-1
44431,-1
44432,-1
44433,-1
44434,3
44435,0
44436,-1
44437,-1
44438,3
44439,0
44440,-1
44441,-1
44442,-1
44443,-1
44444,-1
44445,-1
44446,-1
44447,-1
44448,-1
44449,-1
44450,-1
44451,-1
44452,-1
44453,-1
44454,-1
44455,-1
44456,-1
44457,-1
44458,3
44459,0
44460,-1
44461,-1
44462,2
44463,2
44464,-1
44465,-1
44466,-1
44467,-1
44468,-1
44469,-1
44470,-1
44471,-1
44472,-1
44473,-1
44474,1
44475,1
44476,1
44477,0
44478,-1
44479,-1
44480,-1
44481,-1
44482,-1
44483,-1
44484,-1
44485,-1
44486,1
44487,0
44488,-1
44489,-1
44490,-1
44491,-1
44492,-1
44493,-1
44494,-1
44495,-1
44496,-1
44497,-1
44498,-1
44499,-1
44500,3
44501,0
44502,2
44503,1
44504,-1
44505,-1
44506,-1
44507,-1
44508,-1
44509,-1
44510,-1
44511,-1
44512,1
44513,1
44514,-1
44515,-1
44516,-1
44517,-1
44518,3
44519,1
44520,1
44521,1
44522,2
44523,0
44524,-1
44525,-1
44526,-1
44527,-1
44528,2
44529,1
44530,3
44531,0
44532,-1
44533,-1
44534,-1
44535,-1
44536,1
44537,2
44538,-1
44539,-1
44540,-1
44541,-1
44542,-1
44543,-1
44544,-1
44545,-1
44546,3
44547,0
44548,-1
44549,-1
44550,-1
44551,-1
44552,-1
44553,-1
44554,-1
44555,-1
44556,-1
44557,-1
44558,1
44559,1
44560,-1
44561,-1
44562,2
44563,0
44564,-1
44565,-1
44566,-1
44567,-1
44568,-1
44569,-1
44570,-1
44571,-1
44572,3
44573,1
44574,-1
44575,-1
44576,3
44577,0
44578,2
44579,2
44580,1
44581,1
44582,-1
44583,-1
44584,-1
44585,-1
44586,-1
44587,-1
44588,-1
44589,-1
44590,2
44591,2
44592,-1
44593,-1
44594,2
44595,2
44596,-1
44597,-1
44598,-1
44599,-1
44600,-1
44601,-1
44602,2
44603,0
44604,-1
44605,-1
44606,2
44607,2
44608,1
44609,0
44610,-1
44611,-1
44612,-1
44613,-1
44614,-1
44615,-1
44616,3
44617,1
44618,1
44619,1
44620,-1
44621,-1
44622,-1
44623,-1
44624,1
44625,0
44626,-1
44627,-1
44628,1
44629,2
44630,-1
44631,-1
44632,-1
44633,-1
44634,1
44635,2
44636,-1
44637,-1
44638,2
44639,1
44640,-1
44641,-1
44642,-1
44643,-1
44644,-1
44645,-1
44646,-1
44647,-1
44648,-1
44649,-1
44650,-1
44651,-1
44652,-1
44653,-1
44654,-1
44655,-1
44656,3
44657,2
44658,-1
44659,-1
44660,-1
44661,-1
44662,-1
44663,-1
44664,-1
44665,-1
44666,2
44667,2
44668,-1
44669,-1
44670,1
44671,0
44672,1
44673,2
44674,2
44675,1
44676,-1
44677,-1
44678,3
44679,1
44680,-1
44681,-1
44682,2
44683,0
44684,-1
44685,-1
44686,-1
44687,-1
44688,-1
44689,-1
44690,-1
44691,-1
44692,-1
44693,-1
44694,3
44695,2
44696,3
44697,2
44698,-1
44699,-1
44700,2
44701,0
44702,-1
44703,-1
44704,2
44705,1
44706,-1
44707,-1
44708,2
44709,0
44710,2
44711,1
44712,-1
44713,-1
44714,-1
44715,-1
44716,-1
44717,-1
44718,1
44719,0
44720,1
44721,1
44722,-1
44723,-1
44724,-1
44725,-1
44726,-1
44727,-1
44728,-1
44729,-1
44730,-1
44731,-1
44732,-1
44733,-1
44734,-1
44735,-1
44736,2
44737,0
44738,-1
44739,-1
44740,-1
44741,-1
44742,-1
44743,-1
44744,-1
44745,-1
44746,3
44747,0
44748,-1
44749,-1
44750,-1
44751,-1
44752,1
44753,0
44754,-1
44755,-1
44756,-1
44757,-1
44758,-1
44759,-1
44760,2
44761,1
44762,1
44763,0
44764,-1
44765,-1
44766,-1
44767,-1
44768,1
44769,0
44770,2
44771,0
44772,-1
44773,-1
44774,1
44775,1
44776,-1
44777,-1
44778,2
44779,1
44780,-1
44781,-1
44782,-1
44783,-1
44784,-1
44785,-1
44786,1
44787,0
44788,-1
44789,-1
44790,-1
44791,-1
44792,-1
44793,-1
44794,2
44795,1
44796,-1
44797,-1
44798,-1
44799,-1
44800,-1
44801,-1
44802,1
44803,1
44804,-1
44805,-1
44806,-1
44807,-1
44808,2
44809,0
44810,-1
44811,-1
44812,-1
44813,-1
44814,-1
44815,-1
44816,-1
44817,-1
44818,3
44819,0
44820,-1
44821,-1
44822,3
44823,1
44824,-1
44825,-1
44826,1
44827,0
44828,2
44829,1
44830,3
44831,0
44832,2
44833,1
44834,3
44835,1
44836,-1
44837,-1
44838,-1
44839,-1
44840,-1
44841,-1
44842,-1
44843,-1
44844,1
44845,1
44846,-1
44847,-1
44848,-1
44849,-1
44850,-1
44851,-1
44852,3
44853,2
44854,1
44855,0
44856,2
44857,0
44858,-1
44859,-1
44860,1
44861,0
44862,-1
44863,-1
44864,-1
44865,-1
44866,-1
44867,-1
44868,2
44869,0
44870,1
44871,0
44872,-1
44873,-1
44874,-1
44875,-1
44876,2
44877,0
44878,-1
44879,-1
44880,-1
44881,-1
44882,-1
44883,-1
44884,-1
44885,-1
44886,-1
44887,-1
44888,3
44889,0
44890,-1
44891,-1
44892,-1
44893,-1
44894,1
44895,2
44896,3
44897,1
44898,-1
44899,-1
44900,-1
44901,-1
44902,2
44903,1
44904,-1
44905,-1
44906,1
44907,1
44908,-1
44909,-1
44910,1
44911,1
44912,-1
44913,-1
44914,-1
44915,-1
44916,2
44917,2
44918,1
44919,1
44920,-1
44921,-1
44922,-1
44923,-1
44924,2
44925,1
44926,-1
44927,-1
44928,-1
44929,-1
44930,2
44931,0
44932,-1
44933,-1
44934,-1
44935,-1
44936,-1
44937,-1
44938,-1
44939,-1
44940,-1
44941,-1
44942,-1
44943,-1
44944,2
44945,1
44946,-1
44947,-1
44948,-1
44949,-1
44950,-1
44951,-1
44952,1
44953,0
44954,1
44955,1
44956,3
44957,2
44958,-1
44959,-1
44960,2
44961,2
44962,-1
44963,-1
44964,-1
44965,-1
44966,-1
44967,-1
44968,1
44969,2
44970,-1
44971,-1
44972,-1
44973,-1
44974,1
44975,0
44976,-1
44977,-1
44978,-1
44979,-1
44980,-1
44981,-1
44982,-1
44983,-1
44984,-1
44985,-1
44986,1
44987,0
44988,1
44989,1
44990,1
44991,0
44992,-1
44993,-1
44994,1
44995,0
44996,-1
44997,-1
44998,3
44999,2
45000,-1
45001,-1
45002,2
45003,0
45004,-1
45005,-1
45006,2
45007,0
45008,1
45009,0
45010,-1
45011,-1
45012,-1
45013,-1
45014,-1
45015,-1
45016,-1
45017,-1
45018,-1
45019,-1
45020,-1
45021,-1
45022,-1
45023,-1
45024,1
45025,0
45026,1
45027,0
45028,-1
45029,-1
45030,-1
45031,-1
45032,1
45033,2
45034,1
45035,0
45036,-1
45037,-1
45038,-1
45039,-1
45040,-1
45041,-1
45042,2
45043,1
45044,3
45045,1
45046,1
45047,0
45048,-1
45049,-1
45050,-1
45051,-1
45052,2
45053,0
45054,2
45055,0
45056,-1
45057,-1
45058,1
45059,0
45060,1
45061,0
45062,-1
45063,-1
45064,-1
45065,-1
45066,-1
45067,-1
45068,-1
45069,-1
45070,1
45071,0
45072,-1
45073,-1
45074,2
45075,2
45076,-1
45077,-1
45078,-1
45079,-1
45080,2
45081,0
45082,1
45083,2
45084,2
45085,0
45086,1
45087,0
45088,1
45089,0
45090,-1
45091,-1
45092,1
45093,0
45094,-1
45095,-1
45096,-1
45097,-1
45098,1
45099,0
45100,-1
45101,-1
45102,1
45103,1
45104,-1
45105,-1
45106,2
45107,0
45108,1
45109,0
45110,-1
45111,-1
45112,3
45113,0
45114,1
45115,1
45116,-1
45117,-1
45118,3
45119,1
45120,-1
45121,-1
45122,3
45123,0
45124,3
45125,1
45126,-1
45127,-1
45128,-1
45129,-1
45130,1
45131,1
45132,-1
45133,-1
45134,-1
45135,-1
45136,-1
45137,-1
45138,1
45139,1
45140,-1
45141,-1
45142,-1
45143,-1
45144,-1
45145,-1
45146,1
45147,2
45148,2
45149,0
45150,-1
45151,-1
45152,-1
45153,-1
45154,-1
45155,-1
45156,1
45157,0
45158,-1
45159,-1
45160,-1
45161,-1
45162,1
45163,0
45164,-1
45165,-1
45166,-1
45167,-1
45168,-1
45169,-1
45170,1
45171,0
45172,-1
45173,-1
45174,-1
45175,-1
45176,-1
45177,-1
45178,-1
45179,-1
45180,-1
45181,-1
45182,-1
45183,-1
45184,-1
45185,-1
45186,-1
45187,-1
45188,2
45189,1
45190,2
45191,1
45192,1
45193,1
45194,2
45195,1
45196,1
45197,1
45198,-1
45199,-1
45200,-1
45201,-1
45202,3
45203,1
45204,1
45205,0
45206,-1
45207,-1
45208,-1
45209,-1
45210,-1
45211,-1
45212,-1
45213,-1
45214,2
45215,0
45216,-1
45217,-1
45218,2
45219,1
45220,3
45221,1
45222,-1
45223,-1
45224,2
45225,0
45226,-1
45227,-1
45228,2
45229,0
45230,1
45231,1
45232,-1
45233,-1
45234,3
45235,0
45236,-1
45237,-1
45238,-1
45239,-1
45240,1
45241,1
45242,-1
45243,-1
45244,2
45245,1
45246,1
45247,2
45248,-1
45249,-1
45250,-1
45251,-1
45252,-1
45253,-1
45254,-1
45255,-1
45256,1
45257,0
45258,-1
45259,-1
45260,1
45261,0
45262,-1
45263,-1
45264,-1
45265,-1
45266,-1
45267,-1
45268,-1
45269,-1
45270,-1
45271,-1
45272,-1
45273,-1
45274,1
45275,2
45276,2
45277,1
45278,1
45279,0
45280,-1
45281,-1
45282,-1
45283,-1
45284,-1
45285,-1
45286,-1
45287,-1
45288,-1
45289,-1
45290,2
45291,0
45292,-1
45293,-1
45294,-1
45295,-1
45296,2
45297,0
45298,-1
45299,-1
45300,-1
45301,-1
45302,-1
45303,-1
45304,-1
45305,-1
45306,-1
45307,-1
45308,-1
45309,-1
45310,1
45311,1
45312,-1
45313,-1
45314,-1
45315,-1
45316,1
45317,1
45318,1
45319,0
45320,2
45321,0
45322,1
45323,0
45324,-1
45325,-1
45326,1
45327,0
45328,-1
45329,-1
45330,-1
45331,-1
45332,-1
45333,-1
45334,3
45335,2
45336,-1
45337,-1
45338,-1
45339,-1
45340,-1
45341,-1
45342,-1
45343,-1
45344,3
45345,1
45346,-1
45347,-1
45348,-1
45349,-1
45350,1
45351,0
45352,-1
45353,-1
45354,-1
45355,-1
45356,1
45357,0
45358,1
45359,1
45360,-1
45361,-1
45362,-1
45363,-1
45364,2
45365,1
45366,-1
45367,-1
45368,-1
45369,-1
45370,-1
45371,-1
45372,1
45373,0
45374,-1
45375,-1
45376,-1
45377,-1
45378,2
45379,0
45380,1
45381,1
45382,-1
45383,-1
45384,1
45385,0
45386,1
45387,0
45388,2
45389,0
45390,3
45391,0
45392,1
45393,0
45394,1
45395,1
45396,-1
45397,-1
45398,-1
45399,-1
45400,-1
45401,-1
45402,2
45403,0
45404,-1
45405,-1
45406,-1
45407,-1
45408,-1
45409,-1
45410,-1
45411,-1
45412,2
45413,0
45414,-1
45415,-1
45416,-1
45417,-1
45418,1
45419,0
45420,1
45421,0
45422,1
45423,2
45424,2
45425,0
45426,1
45427,0
45428,1
45429,1
45430,-1
45431,-1
45432,-1
45433,-1
45434,2
45435,1
45436,-1
45437,-1
45438,3
45439,1
45440,-1
45441,-1
45442,-1
45443,-1
45444,-1
45445,-1
45446,-1
45447,-1
45448,-1
45449,-1
45450,-1
45451,-1
45452,3
45453,2
45454,1
45455,1
45456,-1
45457,-1
45458,2
45459,0
45460,1
45461,0
45462,-1
45463,-1
45464,-1
45465,-1
45466,-1
45467,-1
45468,-1
45469,-1
45470,-1
45471,-1
45472,-1
45473,-1
45474,-1
45475,-1
45476,3
45477,0
45478,3
45479,0
45480,2
45481,0
45482,-1
45483,-1
45484,-1
45485,-1
45486,2
45487,2
45488,-1
45489,-1
45490,-1
45491,-1
45492,-1
45493,-1
45494,1
45495,0
45496,-1
45497,-1
45498,-1
45499,-1
45500,2
45501,2
45502,1
45503,0
45504,-1
45505,-1
45506,1
45507,0
45508,2
45509,0
45510,-1
45511,-1
45512,-1
45513,-1
45514,2
45515,0
45516,-1
45517,-1
45518,-1
45519,-1
45520,-1
45521,-1
45522,1
45523,1
45524,-1
45525,-1
45526,-1
45527,-1
45528,-1
45529,-1
45530,-1
45531,-1
45532,2
45533,2
45534,-1
45535,-1
45536,-1
45537,-1
45538,-1
45539,-1
45540,2
45541,0
45542,-1
45543,-1
45544,3
45545,1
45546,1
45547,0
45548,-1
45549,-1
45550,-1
45551,-1
45552,-1
45553,-1
45554,-1
45555,-1
45556,-1
45557,-1
45558,-1
45559,-1
45560,1
45561,2
45562,1
45563,1
45564,-1
45565,-1
45566,-1
45567,-1
45568,-1
45569,-1
45570,-1
45571,-1
45572,-1
45573,-1
45574,1
45575,0
45576,-1
45577,-1
45578,-1
45579,-1
45580,-1
45581,-1
45582,2
45583,1
45584,-1
45585,-1
45586,-1
45587,-1
45588,1
45589,1
45590,1
45591,2
45592,2
45593,1
45594,1
45595,0
45596,1
45597,0
45598,1
45599,0
45600,2
45601,2
45602,1
45603,0
45604,-1
45605,-1
45606,-1
45607,-1
45608,1
45609,0
45610,-1
45611,-1
45612,-1
45613,-1
45614,1
45615,0
45616,-1
45617,-1
45618,-1
45619,-1
45620,3
45621,2
45622,3
45623,2
45624,-1
45625,-1
45626,-1
45627,-1
45628,-1
45629,-1
45630,1
45631,0
45632,-1
45633,-1
45634,1
45635,0
45636,-1
45637,-1
45638,-1
45639,-1
45640,-1
45641,-1
45642,2
45643,0
45644,3
45645,1
45646,-1
45647,-1
45648,3
45649,2
45650,3
45651,2
45652,1
45653,0
45654,-1
45655,-1
45656,-1
45657,-1
45658,3
45659,1
45660,-1
45661,-1
45662,-1
45663,-1
45664,-1
45665,-1
45666,-1
45667,-1
45668,1
45669,1
45670,1
45671,1
45672,-1
45673,-1
45674,-1
45675,-1
45676,1
45677,0
45678,2
45679,0
45680,-1
45681,-1
45682,1
45683,1
45684,-1
45685,-1
45686,1
45687,0
45688,1
45689,0
45690,-1
45691,-1
45692,-1
45693,-1
45694,-1
45695,-1
45696,3
45697,2
45698,3
45699,1
45700,1
45701,2
45702,-1
45703,-1
45704,-1
45705,-1
45706,2
45707,0
45708,-1
45709,-1
45710,3
45711,0
45712,-1
45713,-1
45714,-1
45715,-1
45716,-1
45717,-1
45718,2
45719,1
45720,2
45721,0
45722,-1
45723,-1
45724,1
45725,0
45726,1
45727,0
45728,2
45729,0
45730,-1
45731,-1
45732,-1
45733,-1
45734,1
45735,1
45736,1
45737,1
45738,-1
45739,-1
45740,3
45741,0
45742,-1
45743,-1
45744,-1
45745,-1
45746,-1
45747,-1
45748,-1
45749,-1
45750,-1
45751,-1
45752,-1
45753,-1
45754,1
45755,1
45756,2
45757,2
45758,2
45759,2
45760,-1
45761,-1
45762,-1
45763,-1
45764,-1
45765,-1
45766,1
45767,1
45768,-1
45769,-1
45770,1
45771,0
45772,1
45773,0
45774,1
45775,0
45776,-1
45777,-1
45778,-1
45779,-1
45780,3
45781,1
45782,-1
45783,-1
45784,-1
45785,-1
45786,-1
45787,-1
45788,-1
45789,-1
45790,-1
45791,-1
45792,-1
45793,-1
45794,-1
45795,-1
45796,-1
45797,-1
45798,-1
45799,-1
45800,-1
45801,-1
45802,1
45803,0
45804,-1
45805,-1
45806,-1
45807,-1
45808,-1
45809,-1
45810,-1
45811,-1
45812,1
45813,0
45814,2
45815,0
45816,-1
45817,-1
45818,-1
45819,-1
45820,2
45821,2
45822,2
45823,1
45824,-1
45825,-1
45826,-1
45827,-1
45828,-1
45829,-1
45830,2
45831,1
45832,1
45833,0
45834,1
45835,0
45836,-1
45837,-1
45838,2
45839,0
45840,1
45841,0
45842,1
45843,1
45844,2
45845,2
45846,-1
45847,-1
45848,2
45849,0
45850,-1
45851,-1
45852,-1
45853,-1
45854,1
45855,0
45856,-1
45857,-1
45858,-1
45859,-1
45860,1
45861,0
45862,-1
45863,-1
45864,1
45865,0
45866,2
45867,1
45868,1
45869,0
45870,-1
45871,-1
45872,1
45873,0
45874,2
45875,0
45876,-1
45877,-1
45878,-1
45879,-1
45880,-1
45881,-1
45882,-1
45883,-1
45884,-1
45885,-1
45886,-1
45887,-1
45888,-1
45889,-1
45890,3
45891,1
45892,1
45893,0
45894,1
45895,0
45896,2
45897,1
45898,2
45899,0
45900,1
45901,1
45902,1
45903,1
45904,-1
45905,-1
45906,-1
45907,-1
45908,1
45909,0
45910,2
45911,2
45912,1
45913,1
45914,-1
45915,-1
45916,3
45917,2
45918,-1
45919,-1
45920,1
45921,0
45922,-1
45923,-1
45924,-1
45925,-1
45926,3
45927,2
45928,2
45929,2
45930,3
45931,1
45932,2
45933,2
45934,-1
45935,-1
45936,-1
45937,-1
45938,-1
45939,-1
45940,2
45941,2
45942,2
45943,0
45944,1
45945,0
45946,1
45947,0
45948,-1
45949,-1
45950,-1
45951,-1
45952,2
45953,0
45954,-1
45955,-1
45956,3
45957,1
45958,2
45959,0
45960,-1
45961,-1
45962,-1
45963,-1
45964,2
45965,1
45966,3
45967,0
45968,1
45969,0
45970,-1
45971,-1
45972,1
45973,0
45974,-1
45975,-1
45976,3
45977,0
45978,-1
45979,-1
45980,-1
45981,-1
45982,-1
45983,-1
45984,-1
45985,-1
45986,-1
45987,-1
45988,1
45989,0
45990,1
45991,0
45992,1
45993,0
45994,1
45995,0
45996,-1
45997,-1
45998,-1
45999,-1
46000,1
46001,0
46002,2
46003,2
46004,1
46005,0
46006,-1
46007,-1
46008,1
46009,0
46010,-1
46011,-1
46012,1
46013,0
46014,-1
46015,-1
46016,-1
46017,-1
46018,2
46019,0
46020,1
46021,0
46022,-1
46023,-1
46024,2
46025,1
46026,2
46027,1
46028,-1
46029,-1
46030,-1
46031,-1
46032,-1
46033,-1
46034,-1
46035,-1
46036,1
46037,0
46038,2
46039,0
46040,-1
46041,-1
46042,1
46043,1
46044,1
46045,0
46046,1
46047,0
46048,3
46049,1
46050,-1
46051,-1
46052,-1
46053,-1
46054,1
46055,0
46056,-1
46057,-1
46058,1
46059,2
46060,-1
46061,-1
46062,-1
46063,-1
46064,3
46065,0
46066,-1
46067,-1
46068,1
46069,1
46070,-1
46071,-1
46072,-1
46073,-1
46074,-1
46075,-1
46076,-1
46077,-1
46078,-1
46079,-1
46080,-1
46081,-1
46082,1
46083,0
46084,-1
46085,-1
46086,-1
46087,-1
46088,2
46089,0
46090,1
46091,0
46092,2
46093,1
46094,-1
46095,-1
46096,-1
46097,-1
46098,-1
46099,-1
46100,1
46101,0
46102,1
46103,1
46104,-1
46105,-1
46106,-1
46107,-1
46108,-1
46109,-1
46110,-1
46111,-1
46112,3
46113,0
46114,-1
46115,-1
46116,-1
46117,-1
46118,-1
46119,-1
46120,-1
46121,-1
46122,1
46123,1
46124,-1
46125,-1
46126,2
46127,1
46128,-1
46129,-1
46130,1
46131,0
46132,1
46133,0
46134,3
46135,1
46136,-1
46137,-1
46138,-1
46139,-1
46140,1
46141,0
46142,1
46143,0
46144,1
46145,0
46146,1
46147,0
46148,2
46149,1
46150,1
46151,0
46152,1
46153,2
46154,1
46155,0
46156,-1
46157,-1
46158,-1
46159,-1
46160,1
46161,0
46162,-1
46163,-1
46164,-1
46165,-1
46166,2
46167,0
46168,1
46169,2
46170,-1
46171,-1
46172,-1
46173,-1
46174,3
46175,1
46176,2
46177,1
46178,-1
46179,-1
46180,1
46181,1
46182,1
46183,0
46184,-1
46185,-1
46186,2
46187,0
46188,-1
46189,-1
46190,1
46191,0
46192,1
46193,1
46194,-1
46195,-1
46196,1
46197,0
46198,1
46199,2
46200,-1
46201,-1
46202,1
46203,2
46204,1
46205,0
46206,1
46207,0
46208,1
46209,0
46210,-1
46211,-1
46212,2
46213,2
46214,-1
46215,-1
46216,2
46217,2
46218,-1
46219,-1
46220,-1
46221,-1
46222,-1
46223,-1
46224,-1
46225,-1
46226,-1
46227,-1
46228,1
46229,0
46230,1
46231,0
46232,-1
46233,-1
46234,-1
46235,-1
46236,-1
46237,-1
46238,2
46239,1
46240,-1
46241,-1
46242,-1
46243,-1
46244,1
46245,0
46246,-1
46247,-1
46248,-1
46249,-1
46250,1
46251,1
46252,-1
46253,-1
46254,3
46255,2
46256,-1
46257,-1
46258,1
46259,1
46260,1
46261,1
46262,-1
46263,-1
46264,-1
46265,-1
46266,-1
46267,-1
46268,-1
46269,-1
46270,-1
46271,-1
46272,1
46273,0
46274,-1
46275,-1
46276,2
46277,0
46278,-1
46279,-1
46280,2
46281,1
46282,1
46283,1
46284,3
46285,1
46286,1
46287,0
46288,-1
46289,-1
46290,-1
46291,-1
46292,-1
46293,-1
46294,-1
46295,-1
46296,2
46297,1
46298,-1
46299,-1
46300,-1
46301,-1
46302,1
46303,0
46304,2
46305,0
46306,2
46307,0
46308,3
46309,2
46310,-1
46311,-1
46312,-1
46313,-1
46314,-1
46315,-1
46316,-1
46317,-1
46318,3
46319,1
46320,-1
46321,-1
46322,2
46323,2
46324,-1
46325,-1
46326,1
46327,0
46328,-1
46329,-1
46330,-1
46331,-1
46332,2
46333,0
46334,-1
46335,-1
46336,1
46337,0
46338,2
46339,1
46340,1
46341,0
46342,-1
46343,-1
46344,1
46345,1
46346,1
46347,0
46348,1
46349,0
46350,-1
46351,-1
46352,-1
46353,-1
46354,-1
46355,-1
46356,3
46357,1
46358,1
46359,0
46360,2
46361,2
46362,-1
46363,-1
46364,-1
46365,-1
46366,-1
46367,-1
46368,-1
46369,-1
46370,1
46371,1
46372,3
46373,1
46374,1
46375,0
46376,1
46377,2
46378,1
46379,1
46380,-1
46381,-1
46382,2
46383,0
46384,2
46385,0
46386,1
46387,0
46388,-1
46389,-1
46390,-1
46391,-1
46392,1
46393,0
46394,1
46395,0
46396,1
46397,1
46398,3
46399,0
46400,1
46401,0
46402,2
46403,0
46404,-1
46405,-1
46406,-1
46407,-1
46408,2
46409,0
46410,1
46411,0
46412,2
46413,1
46414,3
46415,1
46416,-1
46417,-1
46418,-1
46419,-1
46420,-1
46421,-1
46422,-1
46423,-1
46424,-1
46425,-1
46426,-1
46427,-1
46428,-1
46429,-1
46430,3
46431,2
46432,2
46433,0
46434,1
46435,1
46436,-1
46437,-1
46438,1
46439,2
46440,-1
46441,-1
46442,1
46443,0
46444,2
46445,1
46446,3
46447,1
46448,2
46449,1
46450,-1
46451,-1
46452,2
46453,1
46454,1
46455,0
46456,-1
46457,-1
46458,-1
46459,-1
46460,2
46461,0
46462,3
46463,2
46464,-1
46465,-1
46466,-1
46467,-1
46468,2
46469,0
46470,2
46471,0
46472,1
46473,0
46474,-1
46475,-1
46476,-1
46477,-1
46478,2
46479,1
46480,-1
46481,-1
46482,1
46483,1
46484,1
46485,1
46486,-1
46487,-1
46488,2
46489,1
46490,3
46491,0
46492,1
46493,0
46494,1
46495,0
46496,1
46497,0
46498,2
46499,0
46500,3
46501,0
46502,1
46503,0
46504,2
46505,1
46506,2
46507,0
46508,1
46509,2
46510,-1
46511,-1
46512,1
46513,0
46514,1
46515,0
46516,-1
46517,-1
46518,-1
46519,-1
46520,-1
46521,-1
46522,1
46523,2
46524,1
46525,0
46526,1
46527,0
46528,-1
46529,-1
46530,-1
46531,-1
46532,2
46533,0
46534,-1
46535,-1
46536,-1
46537,-1
46538,2
46539,0
46540,-1
46541,-1
46542,-1
46543,-1
46544,2
46545,0
46546,1
46547,0
46548,-1
46549,-1
46550,-1
46551,-1
46552,2
46553,1
46554,-1
46555,-1
46556,2
46557,1
46558,-1
46559,-1
46560,-1
46561,-1
46562,-1
46563,-1
46564,-1
46565,-1
46566,1
46567,0
46568,-1
46569,-1
46570,-1
46571,-1
46572,1
46573,1
46574,-1
46575,-1
46576,-1
46577,-1
46578,1
46579,0
46580,1
46581,0
46582,1
46583,0
46584,-1
46585,-1
46586,1
46587,0
46588,1
46589,0
46590,-1
46591,-1
46592,1
46593,1
46594,1
46595,1
46596,-1
46597,-1
46598,-1
46599,-1
46600,-1
46601,-1
46602,1
46603,0
46604,1
46605,0
46606,3
46607,1
46608,1
46609,1
46610,2
46611,1
46612,1
46613,0
46614,1
46615,0
46616,1
46617,0
46618,-1
46619,-1
46620,1
46621,0
46622,1
46623,2
46624,1
46625,0
46626,1
46627,1
46628,-1
46629,-1
46630,-1
46631,-1
46632,-1
46633,-1
46634,2
46635,0
46636,1
46637,0
46638,-1
46639,-1
46640,-1
46641,-1
46642,2
46643,2
46644,2
46645,0
46646,1
46647,1
46648,1
46649,0
46650,1
46651,0
46652,-1
46653,-1
46654,-1
46655,-1
46656,1
46657,0
46658,2
46659,1
46660,-1
46661,-1
46662,-1
46663,-1
46664,1
46665,0
46666,-1
46667,-1
46668,-1
46669,-1
46670,-1
46671,-1
46672,1
46673,0
46674,3
46675,1
46676,-1
46677,-1
46678,2
46679,2
46680,1
46681,0
46682,3
46683,0
46684,2
46685,0
46686,-1
46687,-1
46688,-1
46689,-1
46690,2
46691,0
46692,3
46693,0
46694,-1
46695,-1
46696,2
46697,1
46698,2
46699,1
46700,-1
46701,-1
46702,-1
46703,-1
46704,-1
46705,-1
46706,-1
46707,-1
46708,-1
46709,-1
46710,1
46711,0
46712,2
46713,1
46714,-1
46715,-1
46716,-1
46717,-1
46718,-1
46719,-1
46720,-1
46721,-1
46722,2
46723,1
46724,-1
46725,-1
46726,1
46727,0
46728,1
46729,0
46730,-1
46731,-1
46732,1
46733,1
46734,1
46735,0
46736,1
46737,1
46738,-1
46739,-1
46740,-1
46741,-1
46742,1
46743,0
46744,2
46745,1
46746,-1
46747,-1
46748,-1
46749,-1
46750,2
46751,0
46752,-1
46753,-1
46754,-1
46755,-1
46756,-1
46757,-1
46758,1
46759,0
46760,-1
46761,-1
46762,1
46763,0
46764,3
46765,2
46766,-1
46767,-1
46768,2
46769,1
46770,-1
46771,-1
46772,-1
46773,-1
46774,-1
46775,-1
46776,3
46777,2
46778,-1
46779,-1
46780,-1
46781,-1
46782,1
46783,0
46784,1
46785,0
46786,2
46787,1
46788,1
46789,0
46790,1
46791,2
46792,2
46793,0
46794,1
46795,1
46796,1
46797,0
46798,1
46799,1
46800,1
46801,0
46802,3
46803,1
46804,-1
46805,-1
46806,-1
46807,-1
46808,-1
46809,-1
46810,-1
46811,-1
46812,1
46813,2
46814,2
46815,0
46816,1
46817,0
46818,1
46819,1
46820,1
46821,0
46822,2
46823,0
46824,1
46825,0
46826,2
46827,1
46828,3
46829,1
46830,1
46831,0
46832,2
46833,0
46834,2
46835,2
46836,1
46837,1
46838,2
46839,0
46840,-1
46841,-1
46842,1
46843,0
46844,1
46845,1
46846,1
46847,0
46848,1
46849,1
46850,-1
46851,-1
46852,1
46853,0
46854,2
46855,0
46856,2
46857,0
46858,-1
46859,-1
46860,2
46861,1
46862,1
46863,1
46864,1
46865,0
46866,-1
46867,-1
46868,-1
46869,-1
46870,2
46871,1
46872,3
46873,1
46874,3
46875,1
46876,3
46877,0
46878,-1
46879,-1
46880,1
46881,0
46882,1
46883,0
46884,-1
46885,-1
46886,-1
46887,-1
46888,-1
46889,-1
46890,-1
46891,-1
46892,-1
46893,-1
46894,2
46895,0
46896,2
46897,0
46898,1
46899,0
46900,-1
46901,-1
46902,-1
46903,-1
46904,1
46905,1
46906,1
46907,0
46908,1
46909,0
46910,-1
46911,-1
46912,2
46913,2
46914,1
46915,0
46916,-1
46917,-1
46918,1
46919,0
46920,1
46921,0
46922,-1
46923,-1
46924,1
46925,0
46926,1
46927,0
46928,3
46929,2
46930,1
46931,1
46932,-1
46933,-1
46934,3
46935,2
46936,-1
46937,-1
46938,1
46939,1
46940,-1
46941,-1
46942,-1
46943,-1
46944,-1
46945,-1
46946,-1
46947,-1
46948,1
46949,1
46950,1
46951,2
46952,1
46953,1
46954,-1
46955,-1
46956,1
46957,1
46958,1
46959,0
46960,-1
46961,-1
46962,2
46963,2
46964,-1
46965,-1
46966,1
46967,0
46968,3
46969,0
46970,-1
46971,-1
46972,-1
46973,-1
46974,1
46975,1
46976,2
46977,0
46978,-1
46979,-1
46980,-1
46981,-1
46982,-1
46983,-1
46984,1
46985,0
46986,1
46987,1
46988,1
46989,0
46990,-1
46991,-1
46992,1
46993,0
46994,2
46995,1
46996,-1
46997,-1
46998,-1
46999,-1
47000,-1
47001,-1
47002,1
47003,0
47004,1
47005,0
47006,-1
47007,-1
47008,-1
47009,-1
47010,-1
47011,-1
47012,1
47013,0
47014,-1
47015,-1
47016,-1
47017,-1
47018,1
47019,1
47020,-1
47021,-1
47022,2
47023,1
47024,1
47025,0
47026,-1
47027,-1
47028,1
47029,2
47030,-1
47031,-1
47032,-1
47033,-1
47034,-1
47035,-1
47036,2
47037,0
47038,-1
47039,-1
47040,-1
47041,-1
47042,2
47043,0
47044,-1
47045,-1
47046,-1
47047,-1
47048,-1
47049,-1
47050,-1
47051,-1
47052,2
47053,0
47054,2
47055,0
47056,1
47057,0
47058,-1
47059,-1
47060,-1
47061,-1
47062,2
47063,1
47064,1
47065,0
47066,-1
47067,-1
47068,-1
47069,-1
47070,-1
47071,-1
47072,2
47073,0
47074,-1
47075,-1
47076,1
47077,0
47078,-1
47079,-1
47080,1
47081,0
47082,-1
47083,-1
47084,-1
47085,-1
47086,-1
47087,-1
47088,-1
47089,-1
47090,-1
47091,-1
47092,-1
47093,-1
47094,-1
47095,-1
47096,-1
47097,-1
47098,2
47099,2
47100,-1
47101,-1
47102,-1
47103,-1
47104,-1
47105,-1
47106,-1
47107,-1
47108,-1
47109,-1
47110,-1
47111,-1
47112,1
47113,0
47114,3
47115,1
47116,-1
47117,-1
47118,-1
47119,-1
47120,1
47121,0
47122,-1
47123,-1
47124,1
47125,0
47126,2
47127,1
47128,1
47129,0
47130,2
47131,0
47132,-1
47133,-1
47134,-1
47135,-1
47136,3
47137,1
47138,-1
47139,-1
47140,2
47141,0
47142,-1
47143,-1
47144,1
47145,0
47146,-1
47147,-1
47148,2
47149,0
47150,-1
47151,-1
47152,-1
47153,-1
47154,-1
47155,-1
47156,3
47157,2
47158,-1
47159,-1
47160,1
47161,0
47162,-1
47163,-1
47164,1
47165,1
47166,-1
47167,-1
47168,-1
47169,-1
47170,-1
47171,-1
47172,1
47173,1
47174,-1
47175,-1
47176,1
47177,0
47178,-1
47179,-1
47180,-1
47181,-1
47182,3
47183,0
47184,2
47185,1
47186,-1
47187,-1
47188,1
47189,0
47190,3
47191,0
47192,3
47193,2
47194,1
47195,0
47196,1
47197,0
47198,-1
47199,-1
47200,3
47201,0
47202,-1
47203,-1
47204,2
47205,2
47206,-1
47207,-1
47208,-1
47209,-1
47210,2
47211,2
47212,2
47213,1
47214,-1
47215,-1
47216,3
47217,2
47218,-1
47219,-1
47220,-1
47221,-1
47222,-1
47223,-1
47224,-1
47225,-1
47226,2
47227,0
47228,1
47229,2
47230,1
47231,0
47232,2
47233,1
47234,1
47235,0
47236,3
47237,2
47238,-1
47239,-1
47240,-1
47241,-1
47242,-1
47243,-1
47244,-1
47245,-1
47246,-1
47247,-1
47248,1
47249,0
47250,1
47251,0
47252,3
47253,0
47254,-1
47255,-1
47256,-1
47257,-1
47258,1
47259,2
47260,2
47261,1
47262,1
47263,1
47264,1
47265,1
47266,1
47267,1
47268,1
47269,1
47270,-1
47271,-1
47272,1
47273,0
47274,1
47275,0
47276,1
47277,0
47278,1
47279,2
47280,-1
47281,-1
47282,2
47283,0
47284,1
47285,0
47286,1
47287,0
47288,-1
47289,-1
47290,-1
47291,-1
47292,1
47293,0
47294,1
47295,0
47296,-1
47297,-1
47298,-1
47299,-1
47300,1
47301,0
47302,-1
47303,-1
47304,-1
47305,-1
47306,-1
47307,-1
47308,2
47309,1
47310,-1
47311,-1
47312,2
47313,0
47314,3
47315,1
47316,2
47317,2
47318,-1
47319,-1
47320,1
47321,0
47322,-1
47323,-1
47324,1
47325,0
47326,1
47327,0
47328,1
47329,0
47330,-1
47331,-1
47332,-1
47333,-1
47334,1
47335,1
47336,1
47337,0
47338,-1
47339,-1
47340,3
47341,0
47342,-1
47343,-1
47344,-1
47345,-1
47346,2
47347,0
47348,-1
47349,-1
47350,1
47351,2
47352,2
47353,0
47354,-1
47355,-1
47356,-1
47357,-1
47358,-1
47359,-1
47360,-1
47361,-1
47362,2
47363,0
47364,-1
47365,-1
47366,-1
47367,-1
47368,-1
47369,-1
47370,1
47371,0
47372,1
47373,1
47374,1
47375,0
47376,1
47377,0
47378,1
47379,1
47380,-1
47381,-1
47382,1
47383,2
47384,-1
47385,-1
47386,-1
47387,-1
47388,-1
47389,-1
47390,-1
47391,-1
47392,1
47393,0
47394,-1
47395,-1
47396,-1
47397,-1
47398,-1
47399,-1
47400,-1
47401,-1
47402,1
47403,2
47404,2
47405,1
47406,1
47407,0
47408,-1
47409,-1
47410,-1
47411,-1
47412,2
47413,2
47414,1
47415,2
47416,-1
47417,-1
47418,-1
47419,-1
47420,-1
47421,-1
47422,-1
47423,-1
47424,2
47425,0
47426,1
47427,0
47428,2
47429,1
47430,-1
47431,-1
47432,-1
47433,-1
47434,2
47435,1
47436,1
47437,1
47438,1
47439,1
47440,-1
47441,-1
47442,3
47443,0
47444,1
47445,2
47446,-1
47447,-1
47448,1
47449,1
47450,1
47451,0
47452,1
47453,0
47454,-1
47455,-1
47456,-1
47457,-1
47458,2
47459,2
47460,2
47461,2
47462,1
47463,1
47464,-1
47465,-1
47466,2
47467,1
47468,-1
47469,-1
47470,1
47471,1
47472,2
47473,1
47474,-1
47475,-1
47476,1
47477,0
47478,-1
47479,-1
47480,-1
47481,-1
47482,1
47483,1
47484,-1
47485,-1
47486,1
47487,0
47488,1
47489,0
47490,-1
47491,-1
47492,2
47493,0
47494,-1
47495,-1
47496,1
47497,0
47498,-1
47499,-1
47500,2
47501,2
47502,-1
47503,-1
47504,-1
47505,-1
47506,-1
47507,-1
47508,3
47509,0
47510,-1
47511,-1
47512,1
47513,1
47514,-1
47515,-1
47516,1
47517,0
47518,3
47519,1
47520,-1
47521,-1
47522,-1
47523,-1
47524,1
47525,0
47526,-1
47527,-1
47528,-1
47529,-1
47530,3
47531,0
47532,-1
47533,-1
47534,-1
47535,-1
47536,-1
47537,-1
47538,2
47539,2
47540,2
47541,0
47542,2
47543,1
47544,1
47545,0
47546,1
47547,0
47548,2
47549,1
47550,-1
47551,-1
47552,-1
47553,-1
47554,3
47555,2
47556,-1
47557,-1
47558,2
47559,0
47560,2
47561,2
47562,-1
47563,-1
47564,1
47565,2
47566,1
47567,1
47568,2
47569,1
47570,-1
47571,-1
47572,2
47573,0
47574,-1
47575,-1
47576,-1
47577,-1
47578,3
47579,0
47580,1
47581,0
47582,-1
47583,-1
47584,-1
47585,-1
47586,-1
47587,-1
47588,-1
47589,-1
47590,1
47591,1
47592,-1
47593,-1
47594,-1
47595,-1
47596,1
47597,2
47598,-1
47599,-1
47600,-1
47601,-1
47602,-1
47603,-1
47604,2
47605,0
47606,-1
47607,-1
47608,-1
47609,-1
47610,1
47611,0
47612,-1
47613,-1
47614,1
47615,0
47616,-1
47617,-1
47618,-1
47619,-1
47620,-1
47621,-1
47622,-1
47623,-1
47624,-1
47625,-1
47626,-1
47627,-1
47628,-1
47629,-1
47630,-1
47631,-1
47632,-1
47633,-1
47634,1
47635,0
47636,-1
47637,-1
47638,-1
47639,-1
47640,1
47641,0
47642,-1
47643,-1
47644,2
47645,1
47646,-1
47647,-1
47648,-1
47649,-1
47650,-1
47651,-1
47652,-1
47653,-1
47654,1
47655,0
47656,1
47657,0
47658,2
47659,1
47660,-1
47661,-1
47662,-1
47663,-1
47664,3
47665,0
47666,-1
47667,-1
47668,-1
47669,-1
47670,-1
47671,-1
47672,-1
47673,-1
47674,-1
47675,-1
47676,3
47677,2
47678,-1
47679,-1
47680,-1
47681,-1
47682,3
47683,2
47684,-1
47685,-1
47686,3
47687,0
47688,-1
47689,-1
47690,1
47691,0
47692,-1
47693,-1
47694,-1
47695,-1
47696,-1
47697,-1
47698,2
47699,0
47700,-1
47701,-1
47702,1
47703,0
47704,-1
47705,-1
47706,-1
47707,-1
47708,-1
47709,-1
47710,-1
47711,-1
47712,-1
47713,-1
47714,2
47715,1
47716,-1
47717,-1
47718,1
47719,1
47720,-1
47721,-1
47722,1
47723,0
47724,-1
47725,-1
47726,1
47727,0
47728,2
47729,0
47730,-1
47731,-1
47732,-1
47733,-1
47734,-1
47735,-1
47736,-1
47737,-1
47738,3
47739,1
47740,1
47741,0
47742,-1
47743,-1
47744,1
47745,0
47746,-1
47747,-1
47748,2
47749,0
47750,2
47751,1
47752,1
47753,0
47754,3
47755,0
47756,1
47757,0
47758,-1
47759,-1
47760,1
47761,2
47762,2
47763,2
47764,3
47765,1
47766,3
47767,1
47768,-1
47769,-1
47770,1
47771,0
47772,-1
47773,-1
47774,-1
47775,-1
47776,-1
47777,-1
47778,3
47779,0
47780,2
47781,2
47782,-1
47783,-1
47784,3
47785,1
47786,-1
47787,-1
47788,-1
47789,-1
47790,-1
47791,-1
47792,2
47793,0
47794,1
47795,0
47796,-1
47797,-1
47798,1
47799,0
47800,-1
47801,-1
47802,1
47803,0
47804,-1
47805,-1
47806,1
47807,0
47808,2
47809,1
47810,1
47811,0
47812,1
47813,0
47814,-1
47815,-1
47816,-1
47817,-1
47818,3
47819,0
47820,2
47821,2
47822,2
47823,0
47824,1
47825,1
47826,2
47827,1
47828,-1
47829,-1
47830,-1
47831,-1
47832,-1
47833,-1
47834,1
47835,0
47836,3
47837,1
47838,1
47839,0
47840,1
47841,1
47842,-1
47843,-1
47844,-1
47845,-1
47846,-1
47847,-1
47848,2
47849,1
47850,-1
47851,-1
47852,-1
47853,-1
47854,1
47855,0
47856,1
47857,0
47858,-1
47859,-1
47860,3
47861,2
47862,-1
47863,-1
47864,3
47865,1
47866,1
47867,0
47868,-1
47869,-1
47870,1
47871,2
47872,-1
47873,-1
47874,-1
47875,-1
47876,2
47877,0
47878,-1
47879,-1
47880,1
47881,0
47882,1
47883,0
47884,1
47885,0
47886,2
47887,0
47888,1
47889,0
47890,-1
47891,-1
47892,1
47893,0
47894,1
47895,0
47896,1
47897,0
47898,2
47899,2
47900,-1
47901,-1
47902,1
47903,0
47904,1
47905,0
47906,-1
47907,-1
47908,1
47909,2
47910,-1
47911,-1
47912,-1
47913,-1
47914,2
47915,0
47916,-1
47917,-1
47918,1
47919,0
47920,2
47921,1
47922,-1
47923,-1
47924,2
47925,1
47926,1
47927,0
47928,1
47929,1
47930,2
47931,0
47932,-1
47933,-1
47934,1
47935,0
47936,1
47937,0
47938,3
47939,2
47940,-1
47941,-1
47942,1
47943,0
47944,1
47945,0
47946,1
47947,2
47948,-1
47949,-1
47950,1
47951,0
47952,-1
47953,-1
47954,2
47955,2
47956,1
47957,0
47958,-1
47959,-1
47960,-1
47961,-1
47962,3
47963,1
47964,3
47965,1
47966,1
47967,1
47968,-1
47969,-1
47970,-1
47971,-1
47972,-1
47973,-1
47974,-1
47975,-1
47976,-1
47977,-1
47978,1
47979,0
47980,2
47981,1
47982,-1
47983,-1
47984,-1
47985,-1
47986,2
47987,1
47988,2
47989,0
47990,-1
47991,-1
47992,-1
47993,-1
47994,2
47995,1
47996,-1
47997,-1
47998,-1
47999,-1
48000,-1
48001,-1
48002,2
48003,2
48004,1
48005,0
48006,-1
48007,-1
48008,1
48009,1
48010,1
48011,1
48012,1
48013,0
48014,-1
48015,-1
48016,1
48017,0
48018,-1
48019,-1
48020,2
48021,1
48022,3
48023,0
48024,1
48025,0
48026,1
48027,1
48028,1
48029,1
48030,-1
48031,-1
48032,-1
48033,-1
48034,-1
48035,-1
48036,2
48037,0
48038,1
48039,0
48040,-1
48041,-1
48042,1
48043,2
48044,2
48045,1
48046,1
48047,1
48048,1
48049,0
48050,2
48051,1
48052,-1
48053,-1
48054,1
48055,2
48056,1
48057,1
48058,-1
48059,-1
48060,2
48061,0
48062,1
48063,0
48064,2
48065,0
48066,-1
48067,-1
48068,-1
48069,-1
48070,-1
48071,-1
48072,-1
48073,-1
48074,-1
48075,-1
48076,-1
48077,-1
48078,-1
48079,-1
48080,1
48081,0
48082,-1
48083,-1
48084,-1
48085,-1
48086,-1
48087,-1
48088,1
48089,1
48090,1
48091,0
48092,-1
48093,-1
48094,1
48095,0
48096,1
48097,0
48098,1
48099,0
48100,2
48101,0
48102,-1
48103,-1
48104,1
48105,0
48106,1
48107,0
48108,-1
48109,-1
48110,2
48111,0
48112,1
48113,0
48114,-1
48115,-1
48116,2
48117,1
48118,-1
48119,-1
48120,3
48121,1
48122,-1
48123,-1
48124,1
48125,1
48126,3
48127,1
48128,3
48129,2
48130,-1
48131,-1
48132,1
48133,0
48134,-1
48135,-1
48136,-1
48137,-1
48138,-1
48139,-1
48140,-1
48141,-1
48142,-1
48143,-1
48144,1
48145,0
48146,-1
48147,-1
48148,1
48149,2
48150,-1
48151,-1
48152,1
48153,0
48154,-1
48155,-1
48156,1
48157,0
48158,3
48159,1
48160,1
48161,0
48162,1
48163,1
48164,1
48165,0
48166,-1
48167,-1
48168,-1
48169,-1
48170,1
48171,0
48172,1
48173,0
48174,2
48175,2
48176,3
48177,0
48178,-1
48179,-1
48180,2
48181,0
48182,-1
48183,-1
48184,3
48185,2
48186,-1
48187,-1
48188,3
48189,1
48190,-1
48191,-1
48192,-1
48193,-1
48194,1
48195,0
48196,1
48197,1
48198,-1
48199,-1
48200,-1
48201,-1
48202,-1
48203,-1
48204,-1
48205,-1
48206,-1
48207,-1
48208,-1
48209,-1
48210,1
48211,0
48212,1
48213,0
48214,-1
48215,-1
48216,1
48217,0
48218,-1
48219,-1
48220,-1
48221,-1
48222,-1
48223,-1
48224,2
48225,1
48226,2
48227,1
48228,2
48229,2
48230,3
48231,1
48232,1
48233,0
48234,1
48235,0
48236,1
48237,0
48238,-1
48239,-1
48240,1
48241,0
48242,1
48243,1
48244,1
48245,0
48246,1
48247,2
48248,1
48249,1
48250,-1
48251,-1
48252,-1
48253,-1
48254,2
48255,0
48256,1
48257,0
48258,-1
48259,-1
48260,-1
48261,-1
48262,1
48263,0
48264,1
48265,0
48266,1
48267,0
48268,2
48269,1
48270,2
48271,1
48272,2
48273,0
48274,2
48275,2
48276,1
48277,0
48278,3
48279,2
48280,3
48281,0
48282,1
48283,2
48284,2
48285,1
48286,1
48287,0
48288,2
48289,0
48290,2
48291,0
48292,-1
48293,-1
48294,2
48295,0
48296,1
48297,2
48298,-1
48299,-1
48300,1
48301,2
48302,-1
48303,-1
48304,1
48305,0
48306,2
48307,2
48308,-1
48309,-1
48310,-1
48311,-1
48312,1
48313,0
48314,1
48315,0
48316,1
48317,0
48318,2
48319,1
48320,2
48321,1
48322,2
48323,1
48324,3
48325,1
48326,-1
48327,-1
48328,3
48329,1
48330,-1
48331,-1
48332,-1
48333,-1
48334,1
48335,2
48336,3
48337,1
48338,-1
48339,-1
48340,-1
48341,-1
48342,-1
48343,-1
48344,-1
48345,-1
48346,2
48347,1
48348,-1
48349,-1
48350,-1
48351,-1
48352,-1
48353,-1
48354,-1
48355,-1
48356,3
48357,0
48358,-1
48359,-1
48360,-1
48361,-1
48362,-1
48363,-1
48364,2
48365,1
48366,-1
48367,-1
48368,-1
48369,-1
48370,-1
48371,-1
48372,-1
48373,-1
48374,-1
48375,-1
48376,2
48377,2
48378,1
48379,0
48380,-1
48381,-1
48382,-1
48383,-1
48384,-1
48385,-1
48386,1
48387,1
48388,2
48389,0
48390,-1
48391,-1
48392,-1
48393,-1
48394,-1
48395,-1
48396,-1
48397,-1
48398,-1
48399,-1
48400,1
48401,1
48402,3
48403,2
48404,-1
48405,-1
48406,-1
48407,-1
48408,-1
48409,-1
48410,2
48411,1
48412,2
48413,2
48414,-1
48415,-1
48416,-1
48417,-1
48418,-1
48419,-1
48420,1
48421,2
48422,-1
48423,-1
48424,-1
48425,-1
48426,1
48427,0
48428,1
48429,0
48430,1
48431,0
48432,-1
48433,-1
48434,1
48435,2
48436,2
48437,0
48438,2
48439,0
48440,2
48441,1
48442,-1
48443,-1
48444,-1
48445,-1
48446,3
48447,0
48448,2
48449,2
48450,3
48451,1
48452,-1
48453,-1
48454,-1
48455,-1
48456,-1
48457,-1
48458,-1
48459,-1
48460,1
48461,0
48462,-1
48463,-1
48464,1
48465,0
48466,1
48467,0
48468,-1
48469,-1
48470,-1
48471,-1
48472,-1
48473,-1
48474,-1
48475,-1
48476,-1
48477,-1
48478,3
48479,1
48480,-1
48481,-1
48482,1
48483,0
48484,3
48485,0
48486,-1
48487,-1
48488,1
48489,0
48490,-1
48491,-1
48492,-1
48493,-1
48494,-1
48495,-1
48496,1
48497,1
48498,1
48499,0
48500,3
48501,1
48502,1
48503,1
48504,-1
48505,-1
48506,-1
48507,-1
48508,-1
48509,-1
48510,-1
48511,-1
48512,1
48513,0
48514,1
48515,0
48516,1
48517,1
48518,-1
48519,-1
48520,3
48521,1
48522,-1
48523,-1
48524,3
48525,1
48526,1
48527,1
48528,-1
48529,-1
48530,-1
48531,-1
48532,1
48533,0
48534,2
48535,0
48536,-1
48537,-1
48538,-1
48539,-1
48540,2
48541,1
48542,3
48543,2
48544,1
48545,0
48546,-1
48547,-1
48548,-1
48549,-1
48550,2
48551,0
48552,-1
48553,-1
48554,-1
48555,-1
48556,-1
48557,-1
48558,1
48559,1
48560,-1
48561,-1
48562,-1
48563,-1
48564,1
48565,0
48566,2
48567,0
48568,1
48569,0
48570,-1
48571,-1
48572,-1
48573,-1
48574,3
48575,1
48576,2
48577,1
48578,2
48579,0
48580,-1
48581,-1
48582,1
48583,2
48584,2
48585,0
48586,-1
48587,-1
48588,1
48589,1
48590,-1
48591,-1
48592,1
48593,0
48594,2
48595,1
48596,-1
48597,-1
48598,-1
48599,-1
48600,1
48601,0
48602,1
48603,0
48604,1
48605,0
48606,1
48607,0
48608,-1
48609,-1
48610,-1
48611,-1
48612,-1
48613,-1
48614,2
48615,2
48616,2
48617,1
48618,-1
48619,-1
48620,-1
48621,-1
48622,-1
48623,-1
48624,-1
48625,-1
48626,-1
48627,-1
48628,2
48629,1
48630,-1
48631,-1
48632,-1
48633,-1
48634,3
48635,0
48636,2
48637,1
48638,2
48639,2
48640,3
48641,2
48642,-1
48643,-1
48644,1
48645,0
48646,1
48647,0
48648,-1
48649,-1
48650,1
48651,1
48652,1
48653,2
48654,-1
48655,-1
48656,1
48657,2
48658,2
48659,2
48660,-1
48661,-1
48662,3
48663,1
48664,-1
48665,-1
48666,-1
48667,-1
48668,3
48669,2
48670,2
48671,1
48672,1
48673,2
48674,1
48675,0
48676,3
48677,1
48678,-1
48679,-1
48680,-1
48681,-1
48682,1
48683,0
48684,1
48685,0
48686,3
48687,0
48688,1
48689,0
48690,-1
48691,-1
48692,1
48693,0
48694,-1
48695,-1
48696,-1
48697,-1
48698,-1
48699,-1
48700,1
48701,0
48702,3
48703,1
48704,-1
48705,-1
48706,-1
48707,-1
48708,-1
48709,-1
48710,-1
48711,-1
48712,-1
48713,-1
48714,1
48715,0
48716,2
48717,1
48718,-1
48719,-1
48720,-1
48721,-1
48722,1
48723,0
48724,-1
48725,-1
48726,1
48727,0
48728,1
48729,0
48730,2
48731,1
48732,-1
48733,-1
48734,1
48735,0
48736,1
48737,0
48738,1
48739,0
48740,1
48741,1
48742,-1
48743,-1
48744,1
48745,0
48746,3
48747,1
48748,1
48749,2
48750,1
48751,2
48752,1
48753,0
48754,1
48755,1
48756,1
48757,0
48758,1
48759,0
48760,1
48761,0
48762,1
48763,0
48764,1
48765,0
48766,1
48767,0
48768,-1
48769,-1
48770,1
48771,0
48772,1
48773,0
48774,-1
48775,-1
48776,2
48777,2
48778,-1
48779,-1
48780,-1
48781,-1
48782,1
48783,0
48784,-1
48785,-1
48786,1
48787,0
48788,2
48789,1
48790,-1
48791,-1
48792,3
48793,0
48794,1
48795,0
48796,1
48797,0
48798,-1
48799,-1
48800,-1
48801,-1
48802,-1
48803,-1
48804,1
48805,0
48806,-1
48807,-1
48808,-1
48809,-1
48810,-1
48811,-1
48812,-1
48813,-1
48814,-1
48815,-1
48816,1
48817,0
48818,1
48819,0
48820,1
48821,0
48822,2
48823,2
48824,1
48825,0
48826,1
48827,0
48828,-1
48829,-1
48830,3
48831,1
48832,1
48833,1
48834,2
48835,1
48836,2
48837,1
48838,1
48839,0
48840,1
48841,0
48842,2
48843,2
48844,-1
48845,-1
48846,1
48847,0
48848,1
48849,0
48850,2
48851,2
48852,2
48853,1
48854,-1
48855,-1
48856,-1
48857,-1
48858,-1
48859,-1
48860,1
48861,0
48862,1
48863,0
48864,1
48865,0
48866,-1
48867,-1
48868,-1
48869,-1
48870,1
48871,2
48872,1
48873,0
48874,1
48875,0
48876,-1
48877,-1
48878,1
48879,0
48880,-1
48881,-1
48882,3
48883,2
48884,1
48885,1
48886,-1
48887,-1
48888,1
48889,0
48890,-1
48891,-1
48892,1
48893,1
48894,-1
48895,-1
48896,-1
48897,-1
48898,-1
48899,-1
48900,2
48901,1
48902,1
48903,1
48904,-1
48905,-1
48906,1
48907,1
48908,2
48909,2
48910,2
48911,1
48912,2
48913,1
48914,1
48915,0
48916,1
48917,0
48918,-1
48919,-1
48920,-1
48921,-1
48922,1
48923,0
48924,2
48925,1
48926,1
48927,1
48928,-1
48929,-1
48930,1
48931,1
48932,1
48933,2
48934,-1
48935,-1
48936,2
48937,2
48938,1
48939,0
48940,2
48941,2
48942,2
48943,1
48944,1
48945,0
48946,3
48947,1
48948,-1
48949,-1
48950,1
48951,2
48952,1
48953,0
48954,-1
48955,-1
48956,-1
48957,-1
48958,-1
48959,-1
48960,2
48961,2
48962,2
48963,0
48964,3
48965,0
48966,3
48967,0
48968,-1
48969,-1
48970,2
48971,2
48972,3
48973,0
48974,3
48975,2
48976,3
48977,1
48978,-1
48979,-1
48980,1
48981,2
48982,3
48983,2
48984,-1
48985,-1
48986,2
48987,0
48988,1
48989,0
48990,2
48991,2
48992,-1
48993,-1
48994,3
48995,0
48996,-1
48997,-1
48998,-1
48999,-1
49000,-1
49001,-1
49002,-1
49003,-1
49004,2
49005,0
49006,-1
49007,-1
49008,1
49009,2
49010,2
49011,0
49012,-1
49013,-1
49014,-1
49015,-1
49016,-1
49017,-1
49018,2
49019,1
49020,2
49021,1
49022,3
49023,0
49024,1
49025,0
49026,3
49027,0
49028,1
49029,0
49030,1
49031,0
49032,1
49033,0
49034,3
49035,0
49036,-1
49037,-1
49038,-1
49039,-1
49040,-1
49041,-1
49042,-1
49043,-1
49044,-1
49045,-1
49046,-1
49047,-1
49048,2
49049,2
49050,-1
49051,-1
49052,1
49053,1
49054,-1
49055,-1
49056,-1
49057,-1
49058,-1
49059,-1
49060,1
49061,1
49062,-1
49063,-1
49064,3
49065,2
49066,-1
49067,-1
49068,3
49069,2
49070,-1
49071,-1
49072,3
49073,2
49074,-1
49075,-1
49076,-1
49077,-1
49078,-1
49079,-1
49080,-1
49081,-1
49082,-1
49083,-1
49084,1
49085,1
49086,1
49087,0
49088,-1
49089,-1
49090,-1
49091,-1
49092,2
49093,1
49094,-1
49095,-1
49096,3
49097,1
49098,-1
49099,-1
49100,-1
49101,-1
49102,-1
49103,-1
49104,-1
49105,-1
49106,-1
49107,-1
49108,3
49109,1
49110,2
49111,2
49112,-1
49113,-1
49114,3
49115,1
49116,-1
49117,-1
49118,2
49119,2
49120,-1
49121,-1
49122,3
49123,2
49124,1
49125,2
49126,1
49127,1
49128,2
49129,1
49130,-1
49131,-1
49132,-1
49133,-1
49134,-1
49135,-1
49136,-1
49137,-1
49138,-1
49139,-1
49140,1
49141,0
49142,-1
49143,-1
49144,3
49145,1
49146,-1
49147,-1
49148,1
49149,2
49150,-1
49151,-1
49152,2
49153,1
49154,2
49155,0
49156,-1
49157,-1
49158,-1
49159,-1
49160,3
49161,2
49162,1
49163,0
49164,-1
49165,-1
49166,-1
49167,-1
49168,-1
49169,-1
49170,-1
49171,-1
49172,-1
49173,-1
49174,-1
49175,-1
49176,-1
49177,-1
49178,-1
49179,-1
49180,-1
49181,-1
49182,-1
49183,-1
49184,-1
49185,-1
49186,-1
49187,-1
49188,2
49189,1
49190,-1
49191,-1
49192,-1
49193,-1
49194,1
49195,0
49196,-1
49197,-1
49198,3
49199,0
49200,-1
49201,-1
49202,-1
49203,-1
49204,-1
49205,-1
49206,-1
49207,-1
49208,-1
49209,-1
49210,1
49211,0
49212,1
49213,2
49214,-1
49215,-1
49216,3
49217,1
49218,-1
49219,-1
49220,1
49221,0
49222,-1
49223,-1
49224,-1
49225,-1
49226,-1
49227,-1
49228,1
49229,0
49230,1
49231,0
49232,-1
49233,-1
49234,1
49235,0
49236,-1
49237,-1
49238,-1
49239,-1
49240,-1
49241,-1
49242,-1
49243,-1
49244,3
49245,0
49246,-1
49247,-1
49248,2
49249,1
49250,1
49251,0
49252,-1
49253,-1
49254,1
49255,2
49256,-1
49257,-1
49258,-1
49259,-1
49260,1
49261,0
49262,-1
49263,-1
49264,3
49265,1
49266,-1
49267,-1
49268,1
49269,2
49270,-1
49271,-1
49272,-1
49273,-1
49274,2
49275,1
49276,1
49277,0
49278,-1
49279,-1
49280,2
49281,2
49282,-1
49283,-1
49284,2
49285,1
49286,1
49287,2
49288,1
49289,1
49290,-1
49291,-1
49292,1
49293,1
49294,-1
49295,-1
49296,-1
49297,-1
49298,-1
49299,-1
49300,-1
49301,-1
49302,-1
49303,-1
49304,-1
49305,-1
49306,-1
49307,-1
49308,2
49309,1
49310,2
49311,0
49312,-1
49313,-1
49314,2
49315,2
49316,1
49317,1
49318,-1
49319,-1
49320,-1
49321,-1
49322,-1
49323,-1
49324,3
49325,0
49326,-1
49327,-1
49328,-1
49329,-1
49330,-1
49331,-1
49332,-1
49333,-1
49334,-1
49335,-1
49336,-1
49337,-1
49338,-1
49339,-1
49340,-1
49341,-1
49342,2
49343,2
49344,3
49345,0
49346,-1
49347,-1
49348,-1
49349,-1
49350,-1
49351,-1
49352,2
49353,2
49354,1
49355,1
49356,3
49357,2
49358,-1
49359,-1
49360,-1
49361,-1
49362,2
49363,1
49364,2
49365,0
49366,2
49367,1
49368,-1
49369,-1
49370,-1
49371,-1
49372,1
49373,1
49374,-1
49375,-1
49376,-1
49377,-1
49378,-1
49379,-1
49380,1
49381,1
49382,3
49383,2
49384,2
49385,1
49386,1
49387,1
49388,-1
49389,-1
49390,-1
49391,-1
49392,1
49393,1
49394,-1
49395,-1
49396,-1
49397,-1
49398,2
49399,1
49400,1
49401,0
49402,-1
49403,-1
49404,-1
49405,-1
49406,1
49407,1
49408,-1
49409,-1
49410,-1
49411,-1
49412,-1
49413,-1
49414,1
49415,0
49416,-1
49417,-1
49418,-1
49419,-1
49420,-1
49421,-1
49422,-1
49423,-1
49424,2
49425,1
49426,-1
49427,-1
49428,-1
49429,-1
49430,-1
49431,-1
49432,-1
49433,-1
49434,3
49435,1
49436,3
49437,1
49438,-1
49439,-1
49440,-1
49441,-1
49442,3
49443,1
49444,-1
49445,-1
49446,3
49447,0
49448,1
49449,1
49450,2
49451,0
49452,-1
49453,-1
49454,-1
49455,-1
49456,3
49457,0
49458,-1
49459,-1
49460,2
49461,0
49462,-1
49463,-1
49464,-1
49465,-1
49466,2
49467,2
49468,-1
49469,-1
49470,-1
49471,-1
49472,-1
49473,-1
49474,-1
49475,-1
49476,2
49477,1
49478,2
49479,2
49480,-1
49481,-1
49482,2
49483,0
49484,-1
49485,-1
49486,-1
49487,-1
49488,-1
49489,-1
49490,1
49491,1
49492,2
49493,0
49494,-1
49495,-1
49496,2
49497,0
49498,-1
49499,-1
49500,-1
49501,-1
49502,-1
49503,-1
49504,-1
49505,-1
49506,1
49507,0
49508,-1
49509,-1
49510,-1
49511,-1
49512,3
49513,1
49514,-1
49515,-1
49516,2
49517,0
49518,-1
49519,-1
49520,1
49521,0
49522,-1
49523,-1
49524,-1
49525,-1
49526,1
49527,0
49528,-1
49529,-1
49530,-1
49531,-1
49532,1
49533,0
49534,-1
49535,-1
49536,-1
49537,-1
49538,-1
49539,-1
49540,-1
49541,-1
49542,-1
49543,-1
49544,-1
49545,-1
49546,1
49547,1
49548,-1
49549,-1
49550,-1
49551,-1
49552,3
49553,0
49554,-1
49555,-1
49556,-1
49557,-1
49558,3
49559,2
49560,-1
49561,-1
49562,-1
49563,-1
49564,1
49565,0
49566,-1
49567,-1
49568,-1
49569,-1
49570,3
49571,1
49572,1
49573,1
49574,-1
49575,-1
49576,1
49577,0
49578,2
49579,0
49580,2
49581,0
49582,-1
49583,-1
49584,-1
49585,-1
49586,3
49587,2
49588,3
49589,0
49590,-1
49591,-1
49592,-1
49593,-1
49594,3
49595,2
49596,1
49597,0
49598,-1
49599,-1
49600,-1
49601,-1
49602,2
49603,2
49604,2
49605,2
49606,3
49607,1
49608,2
49609,2
49610,-1
49611,-1
49612,-1
49613,-1
49614,2
49615,0
49616,1
49617,0
49618,2
49619,1
49620,-1
49621,-1
49622,-1
49623,-1
49624,-1
49625,-1
49626,-1
49627,-1
49628,-1
49629,-1
49630,2
49631,2
49632,1
49633,2
49634,3
49635,2
49636,3
49637,1
49638,1
49639,0
49640,1
49641,0
49642,1
49643,0
49644,1
49645,2
49646,2
49647,1
49648,-1
49649,-1
49650,-1
49651,-1
49652,2
49653,1
49654,1
49655,0
49656,2
49657,0
49658,-1
49659,-1
49660,2
49661,1
49662,1
49663,1
49664,-1
49665,-1
49666,-1
49667,-1
49668,1
49669,1
49670,-1
49671,-1
49672,-1
49673,-1
49674,2
49675,0
49676,-1
49677,-1
49678,1
49679,0
49680,-1
49681,-1
49682,-1
49683,-1
49684,-1
49685,-1
49686,-1
49687,-1
49688,2
49689,2
49690,-1
49691,-1
49692,-1
49693,-1
49694,-1
49695,-1
49696,-1
49697,-1
49698,-1
49699,-1
49700,2
49701,1
49702,-1
49703,-1
49704,1
49705,0
49706,-1
49707,-1
49708,2
49709,2
49710,1
49711,1
49712,-1
49713,-1
49714,2
49715,1
49716,-1
49717,-1
49718,-1
49719,-1
49720,-1
49721,-1
49722,-1
49723,-1
49724,3
49725,0
49726,-1
49727,-1
49728,-1
49729,-1
49730,-1
49731,-1
49732,-1
49733,-1
49734,1
49735,1
49736,-1
49737,-1
49738,-1
49739,-1
49740,-1
49741,-1
49742,1
49743,0
49744,1
49745,1
49746,-1
49747,-1
49748,2
49749,0
49750,2
49751,0
49752,1
49753,0
49754,3
49755,0
49756,-1
49757,-1
49758,-1
49759,-1
49760,-1
49761,-1
49762,-1
49763,-1
49764,-1
49765,-1
49766,3
49767,2
49768,1
49769,2
49770,-1
49771,-1
49772,1
49773,2
49774,2
49775,0
49776,-1
49777,-1
49778,-1
49779,-1
49780,-1
49781,-1
49782,-1
49783,-1
49784,-1
49785,-1
49786,1
49787,0
49788,2
49789,1
49790,1
49791,0
49792,-1
49793,-1
49794,1
49795,2
49796,-1
49797,-1
49798,-1
49799,-1
49800,-1
49801,-1
49802,-1
49803,-1
49804,-1
49805,-1
49806,2
49807,2
49808,-1
49809,-1
49810,-1
49811,-1
49812,1
49813,0
49814,-1
49815,-1
49816,-1
49817,-1
49818,-1
49819,-1
49820,-1
49821,-1
49822,-1
49823,-1
49824,3
49825,2
49826,3
49827,2
49828,-1
49829,-1
49830,-1
49831,-1
49832,-1
49833,-1
49834,1
49835,1
49836,3
49837,2
49838,-1
49839,-1
49840,-1
49841,-1
49842,1
49843,0
49844,-1
49845,-1
49846,3
49847,0
49848,-1
49849,-1
49850,3
49851,0
49852,2
49853,2
49854,-1
49855,-1
49856,1
49857,0
49858,-1
49859,-1
49860,3
49861,1
49862,-1
49863,-1
49864,1
49865,1
49866,-1
49867,-1
49868,1
49869,2
49870,-1
49871,-1
49872,1
49873,2
49874,-1
49875,-1
49876,-1
49877,-1
49878,-1
49879,-1
49880,1
49881,1
49882,2
49883,2
49884,1
49885,0
49886,2
49887,0
49888,-1
49889,-1
49890,1
49891,0
49892,-1
49893,-1
49894,-1
49895,-1
49896,1
49897,1
49898,-1
49899,-1
49900,-1
49901,-1
49902,-1
49903,-1
49904,-1
49905,-1
49906,-1
49907,-1
49908,2
49909,1
49910,-1
49911,-1
49912,-1
49913,-1
49914,-1
49915,-1
49916,-1
49917,-1
49918,1
49919,1
49920,-1
49921,-1
49922,-1
49923,-1
49924,2
49925,1
49926,-1
49927,-1
49928,3
49929,1
49930,-1
49931,-1
49932,2
49933,0
49934,-1
49935,-1
49936,-1
49937,-1
49938,-1
49939,-1
49940,-1
49941,-1
49942,1
49943,1
49944,-1
49945,-1
49946,1
49947,0
49948,-1
49949,-1
49950,1
49951,0
49952,-1
49953,-1
49954,-1
49955,-1
49956,1
49957,0
49958,-1
49959,-1
49960,-1
49961,-1
49962,-1
49963,-1
49964,-1
49965,-1
49966,2
49967,0
49968,1
49969,2
49970,3
49971,0
49972,-1
49973,-1
49974,3
49975,0
49976,-1
49977,-1
49978,-1
49979,-1
49980,-1
49981,-1
49982,-1
49983,-1
49984,-1
49985,-1
49986,-1
49987,-1
49988,-1
49989,-1
49990,-1
49991,-1
49992,1
49993,0
49994,-1
49995,-1
49996,2
49997,1
49998,3
49999,0
50000,-1
50001,-1
50002,-1
50003,-1
50004,-1
50005,-1
50006,-1
50007,-1
50008,-1
50009,-1
50010,-1
50011,-1
50012,-1
50013,-1
50014,1
50015,0
50016,-1
50017,-1
50018,-1
50019,-1
50020,-1
50021,-1
50022,-1
50023,-1
50024,-1
50025,-1
50026,-1
50027,-1
50028,-1
50029,-1
50030,-1
50031,-1
50032,2
50033,1
50034,-1
50035,-1
50036,-1
50037,-1
50038,-1
50039,-1
50040,1
50041,1
50042,2
50043,1
50044,-1
50045,-1
50046,-1
50047,-1
50048,3
50049,0
50050,-1
50051,-1
50052,2
50053,0
50054,-1
50055,-1
50056,-1
50057,-1
50058,-1
50059,-1
50060,-1
50061,-1
50062,-1
50063,-1
50064,3
50065,0
50066,-1
50067,-1
50068,-1
50069,-1
50070,-1
50071,-1
50072,-1
50073,-1
50074,-1
50075,-1
50076,-1
50077,-1
50078,2
50079,2
50080,2
50081,2
50082,2
50083,0
50084,1
50085,1
50086,-1
50087,-1
50088,2
50089,0
50090,2
50091,2
50092,-1
50093,-1
50094,1
50095,1
50096,-1
50097,-1
50098,1
50099,0
50100,-1
50101,-1
50102,3
50103,0
50104,1
50105,0
50106,-1
50107,-1
50108,-1
50109,-1
50110,-1
50111,-1
50112,-1
50113,-1
50114,-1
50115,-1
50116,-1
50117,-1
50118,2
50119,0
50120,-1
50121,-1
50122,-1
50123,-1
50124,-1
50125,-1
50126,-1
50127,-1
50128,-1
50129,-1
50130,-1
50131,-1
50132,-1
50133,-1
50134,-1
50135,-1
50136,-1
50137,-1
50138,-1
50139,-1
50140,3
50141,2
50142,-1
50143,-1
50144,1
50145,0
50146,2
50147,1
50148,1
50149,1
50150,1
50151,2
50152,-1
50153,-1
50154,2
50155,2
50156,1
50157,0
50158,2
50159,2
50160,2
50161,0
50162,-1
50163,-1
50164,3
50165,1
50166,1
50167,0
50168,-1
50169,-1
50170,-1
50171,-1
50172,2
50173,1
50174,-1
50175,-1
50176,-1
50177,-1
50178,1
50179,0
50180,-1
50181,-1
50182,-1
50183,-1
50184,-1
50185,-1
50186,-1
50187,-1
50188,-1
50189,-1
50190,1
50191,1
50192,-1
50193,-1
50194,-1
50195,-1
50196,-1
50197,-1
50198,2
50199,2
50200,-1
50201,-1
50202,-1
50203,-1
50204,-1
50205,-1
50206,2
50207,2
50208,-1
50209,-1
50210,1
50211,0
50212,-1
50213,-1
50214,-1
50215,-1
50216,-1
50217,-1
50218,2
50219,0
50220,2
50221,0
50222,3
50223,2
50224,3
50225,1
50226,1
50227,2
50228,-1
50229,-1
50230,-1
50231,-1
50232,-1
50233,-1
50234,-1
50235,-1
50236,-1
50237,-1
50238,-1
50239,-1
50240,2
50241,2
50242,-1
50243,-1
50244,-1
50245,-1
50246,-1
50247,-1
50248,2
50249,2
50250,-1
50251,-1
50252,1
50253,1
50254,1
50255,1
50256,3
50257,2
50258,-1
50259,-1
50260,3
50261,2
50262,-1
50263,-1
50264,1
50265,1
50266,2
50267,0
50268,-1
50269,-1
50270,-1
50271,-1
50272,1
50273,1
50274,-1
50275,-1
50276,1
50277,1
50278,-1
50279,-1
50280,-1
50281,-1
50282,-1
50283,-1
50284,-1
50285,-1
50286,-1
50287,-1
50288,-1
50289,-1
50290,2
50291,1
50292,-1
50293,-1
50294,3
50295,1
50296,3
50297,0
50298,-1
50299,-1
50300,2
50301,1
50302,-1
50303,-1
50304,3
50305,1
50306,-1
50307,-1
50308,-1
50309,-1
50310,-1
50311,-1
50312,-1
50313,-1
50314,1
50315,1
50316,-1
50317,-1
50318,3
50319,0
50320,-1
50321,-1
50322,-1
50323,-1
50324,-1
50325,-1
50326,-1
50327,-1
50328,2
50329,1
50330,-1
50331,-1
50332,-1
50333,-1
50334,1
50335,1
50336,-1
50337,-1
50338,-1
50339,-1
50340,-1
50341,-1
50342,1
50343,1
50344,-1
50345,-1
50346,-1
50347,-1
50348,-1
50349,-1
50350,-1
50351,-1
50352,-1
50353,-1
50354,-1
50355,-1
50356,-1
50357,-1
50358,-1
50359,-1
50360,2
50361,2
50362,1
50363,1
50364,2
50365,2
50366,-1
50367,-1
50368,2
50369,1
50370,1
50371,0
50372,-1
50373,-1
50374,-1
50375,-1
50376,2
50377,0
50378,-1
50379,-1
50380,-1
50381,-1
50382,-1
50383,-1
50384,-1
50385,-1
50386,-1
50387,-1
50388,2
50389,2
50390,-1
50391,-1
50392,-1
50393,-1
50394,-1
50395,-1
50396,-1
50397,-1
50398,-1
50399,-1
50400,-1
50401,-1
50402,3
50403,1
50404,-1
50405,-1
50406,-1
50407,-1
50408,2
50409,0
50410,-1
50411,-1
50412,2
50413,2
50414,-1
50415,-1
50416,-1
50417,-1
50418,-1
50419,-1
50420,-1
50421,-1
50422,2
50423,1
50424,-1
50425,-1
50426,3
50427,0
50428,3
50429,2
50430,-1
50431,-1
50432,2
50433,0
50434,1
50435,2
50436,-1
50437,-1
50438,-1
50439,-1
50440,-1
50441,-1
50442,3
50443,1
50444,3
50445,1
50446,-1
50447,-1
50448,-1
50449,-1
50450,3
50451,1
50452,3
50453,1
50454,3
50455,0
50456,-1
50457,-1
50458,1
50459,2
50460,3
50461,0
50462,-1
50463,-1
50464,-1
50465,-1
50466,-1
50467,-1
50468,-1
50469,-1
50470,2
50471,0
50472,-1
50473,-1
50474,-1
50475,-1
50476,2
50477,2
50478,-1
50479,-1
50480,-1
50481,-1
50482,1
50483,0
50484,-1
50485,-1
50486,1
50487,1
50488,2
50489,0
50490,-1
50491,-1
50492,2
50493,2
50494,-1
50495,-1
50496,-1
50497,-1
50498,-1
50499,-1
50500,-1
50501,-1
50502,-1
50503,-1
50504,-1
50505,-1
50506,-1
50507,-1
50508,2
50509,0
50510,-1
50511,-1
50512,3
50513,1
50514,1
50515,1
50516,2
50517,1
50518,-1
50519,-1
50520,1
50521,2
50522,1
50523,2
50524,-1
50525,-1
50526,3
50527,0
50528,-1
50529,-1
50530,2
50531,1
50532,-1
50533,-1
50534,-1
50535,-1
50536,1
50537,0
50538,-1
50539,-1
50540,2
50541,1
50542,-1
50543,-1
50544,-1
50545,-1
50546,-1
50547,-1
50548,-1
50549,-1
50550,3
50551,1
50552,-1
50553,-1
50554,3
50555,2
50556,1
50557,2
50558,-1
50559,-1
50560,-1
50561,-1
50562,-1
50563,-1
50564,-1
50565,-1
50566,-1
50567,-1
50568,1
50569,1
50570,-1
50571,-1
50572,3
50573,2
50574,-1
50575,-1
50576,1
50577,2
50578,-1
50579,-1
50580,-1
50581,-1
50582,1
50583,2
50584,1
50585,1
50586,-1
50587,-1
50588,-1
50589,-1
50590,-1
50591,-1
50592,1
50593,2
50594,-1
50595,-1
50596,-1
50597,-1
50598,-1
50599,-1
50600,-1
50601,-1
50602,3
50603,0
50604,-1
50605,-1
50606,-1
50607,-1
50608,3
50609,0
50610,-1
50611,-1
50612,-1
50613,-1
50614,-1
50615,-1
50616,-1
50617,-1
50618,1
50619,0
50620,-1
50621,-1
50622,-1
50623,-1
50624,2
50625,2
50626,-1
50627,-1
50628,-1
50629,-1
50630,2
50631,0
50632,-1
50633,-1
50634,3
50635,1
50636,-1
50637,-1
50638,-1
50639,-1
50640,-1
50641,-1
50642,2
50643,1
50644,2
50645,0
50646,-1
50647,-1
50648,1
50649,1
50650,-1
50651,-1
50652,-1
50653,-1
50654,-1
50655,-1
50656,-1
50657,-1
50658,2
50659,1
50660,1
50661,1
50662,1
50663,0
50664,2
50665,2
50666,1
50667,0
50668,3
50669,0
50670,-1
50671,-1
50672,-1
50673,-1
50674,1
50675,0
50676,3
50677,1
50678,-1
50679,-1
50680,-1
50681,-1
50682,-1
50683,-1
50684,2
50685,2
50686,-1
50687,-1
50688,-1
50689,-1
50690,-1
50691,-1
50692,1
50693,0
50694,-1
50695,-1
50696,-1
50697,-1
50698,3
50699,0
50700,-1
50701,-1
50702,-1
50703,-1
50704,-1
50705,-1
50706,-1
50707,-1
50708,3
50709,0
50710,-1
50711,-1
50712,-1
50713,-1
50714,-1
50715,-1
50716,-1
50717,-1
50718,-1
50719,-1
50720,-1
50721,-1
50722,-1
50723,-1
50724,-1
50725,-1
50726,-1
50727,-1
50728,2
50729,0
50730,3
50731,2
50732,-1
50733,-1
50734,-1
50735,-1
50736,-1
50737,-1
50738,2
50739,1
50740,-1
50741,-1
50742,2
50743,0
50744,3
50745,0
50746,-1
50747,-1
50748,1
50749,2
50750,1
50751,0
50752,-1
50753,-1
50754,1
50755,0
50756,-1
50757,-1
50758,2
50759,0
50760,3
50761,0
50762,-1
50763,-1
50764,-1
50765,-1
50766,-1
50767,-1
50768,-1
50769,-1
50770,-1
50771,-1
50772,-1
50773,-1
50774,-1
50775,-1
50776,1
50777,1
50778,2
50779,0
50780,1
50781,2
50782,-1
50783,-1
50784,-1
50785,-1
50786,-1
50787,-1
50788,-1
50789,-1
50790,-1
50791,-1
50792,-1
50793,-1
50794,-1
50795,-1
50796,3
50797,2
50798,-1
50799,-1
50800,-1
50801,-1
50802,-1
50803,-1
50804,-1
50805,-1
50806,2
50807,0
50808,-1
50809,-1
50810,-1
50811,-1
50812,3
50813,0
50814,-1
50815,-1
50816,3
50817,2
50818,-1
50819,-1
50820,-1
50821,-1
50822,2
50823,2
50824,1
50825,1
50826,-1
50827,-1
50828,1
50829,1
50830,3
50831,0
50832,-1
50833,-1
50834,1
50835,1
50836,-1
50837,-1
50838,1
50839,0
50840,-1
50841,-1
50842,-1
50843,-1
50844,-1
50845,-1
50846,1
50847,1
50848,3
50849,2
50850,-1
50851,-1
50852,-1
50853,-1
50854,-1
50855,-1
50856,-1
50857,-1
50858,1
50859,1
50860,-1
50861,-1
50862,-1
50863,-1
50864,-1
50865,-1
50866,2
50867,0
50868,3
50869,2
50870,-1
50871,-1
50872,-1
50873,-1
50874,-1
50875,-1
50876,-1
50877,-1
50878,-1
50879,-1
50880,2
50881,0
50882,-1
50883,-1
50884,2
50885,0
50886,-1
50887,-1
50888,-1
50889,-1
50890,-1
50891,-1
50892,-1
50893,-1
50894,-1
50895,-1
50896,-1
50897,-1
50898,-1
50899,-1
50900,-1
50901,-1
50902,-1
50903,-1
50904,3
50905,0
50906,-1
50907,-1
50908,-1
50909,-1
50910,1
50911,0
50912,-1
50913,-1
50914,-1
50915,-1
50916,-1
50917,-1
50918,-1
50919,-1
50920,-1
50921,-1
50922,-1
50923,-1
50924,-1
50925,-1
50926,-1
50927,-1
50928,-1
50929,-1
50930,-1
50931,-1
50932,-1
50933,-1
50934,-1
50935,-1
50936,1
50937,2
50938,1
50939,0
50940,-1
50941,-1
50942,-1
50943,-1
50944,-1
50945,-1
50946,-1
50947,-1
50948,2
50949,0
50950,-1
50951,-1
50952,1
50953,0
50954,-1
50955,-1
50956,-1
50957,-1
50958,1
50959,0
50960,-1
50961,-1
50962,-1
50963,-1
50964,3
50965,0
50966,-1
50967,-1
50968,-1
50969,-1
50970,-1
50971,-1
50972,-1
50973,-1
50974,-1
50975,-1
50976,-1
50977,-1
50978,-1
50979,-1
50980,1
50981,2
50982,-1
50983,-1
50984,-1
50985,-1
50986,-1
50987,-1
50988,-1
50989,-1
50990,3
50991,0
50992,-1
50993,-1
50994,-1
50995,-1
50996,-1
50997,-1
50998,-1
50999,-1
51000,2
51001,1
51002,-1
51003,-1
51004,-1
51005,-1
51006,-1
51007,-1
51008,-1
51009,-1
51010,-1
51011,-1
51012,-1
51013,-1
51014,-1
51015,-1
51016,-1
51017,-1
51018,-1
51019,-1
51020,-1
51021,-1
51022,-1
51023,-1
51024,-1
51025,-1
51026,-1
51027,-1
51028,-1
51029,-1
51030,-1
51031,-1
51032,1
51033,0
51034,1
51035,2
51036,-1
51037,-1
51038,-1
51039,-1
51040,2
51041,2
51042,1
51043,0
51044,1
51045,1
51046,-1
51047,-1
51048,-1
51049,-1
51050,3
51051,1
51052,-1
51053,-1
51054,-1
51055,-1
51056,-1
51057,-1
51058,-1
51059,-1
51060,-1
51061,-1
51062,-1
51063,-1
51064,-1
51065,-1
51066,2
51067,1
51068,-1
51069,-1
51070,2
51071,1
51072,-1
51073,-1
51074,-1
51075,-1
51076,-1
51077,-1
51078,1
51079,1
51080,-1
51081,-1
51082,-1
51083,-1
51084,1
51085,2
51086,-1
51087,-1
51088,-1
51089,-1
51090,-1
51091,-1
51092,3
51093,1
51094,3
51095,1
51096,1
51097,0
51098,-1
51099,-1
51100,-1
51101,-1
51102,-1
51103,-1
51104,-1
51105,-1
51106,1
51107,0
51108,-1
51109,-1
51110,-1
51111,-1
51112,-1
51113,-1
51114,-1
51115,-1
51116,-1
51117,-1
51118,1
51119,0
51120,2
51121,2
51122,-1
51123,-1
51124,-1
51125,-1
51126,-1
51127,-1
51128,1
51129,0
51130,3
51131,1
51132,2
51133,1
51134,-1
51135,-1
51136,3
51137,0
51138,1
51139,1
51140,-1
51141,-1
51142,-1
51143,-1
51144,-1
51145,-1
51146,-1
51147,-1
51148,1
51149,2
51150,-1
51151,-1
51152,-1
51153,-1
51154,-1
51155,-1
51156,1
51157,1
51158,3
51159,1
51160,2
51161,2
51162,2
51163,1
51164,2
51165,2
51166,2
51167,0
51168,-1
51169,-1
51170,-1
51171,-1
51172,-1
51173,-1
51174,-1
51175,-1
51176,3
51177,2
51178,1
51179,0
51180,1
51181,2
51182,-1
51183,-1
51184,2
51185,0
51186,-1
51187,-1
51188,1
51189,1
51190,-1
51191,-1
51192,-1
51193,-1
51194,-1
51195,-1
51196,-1
51197,-1
51198,1
51199,0
51200,-1
51201,-1
51202,-1
51203,-1
51204,-1
51205,-1
51206,1
51207,2
51208,-1
51209,-1
51210,-1
51211,-1
51212,-1
51213,-1
51214,-1
51215,-1
51216,-1
51217,-1
51218,-1
51219,-1
51220,3
51221,0
51222,-1
51223,-1
51224,2
51225,2
51226,-1
51227,-1
51228,-1
51229,-1
51230,2
51231,2
51232,-1
51233,-1
51234,2
51235,2
51236,1
51237,0
51238,-1
51239,-1
51240,-1
51241,-1
51242,-1
51243,-1
51244,-1
51245,-1
51246,1
51247,2
51248,-1
51249,-1
51250,3
51251,1
51252,1
51253,0
51254,-1
51255,-1
51256,-1
51257,-1
51258,-1
51259,-1
51260,-1
51261,-1
51262,2
51263,1
51264,2
51265,1
51266,-1
51267,-1
51268,-1
51269,-1
51270,-1
51271,-1
51272,2
51273,0
51274,2
51275,1
51276,-1
51277,-1
51278,-1
51279,-1
51280,1
51281,0
51282,-1
51283,-1
51284,2
51285,1
51286,-1
51287,-1
51288,-1
51289,-1
51290,-1
51291,-1
51292,2
51293,1
51294,-1
51295,-1
51296,-1
51297,-1
51298,2
51299,2
51300,3
51301,0
51302,-1
51303,-1
51304,-1
51305,-1
51306,2
51307,2
51308,-1
51309,-1
51310,2
51311,1
51312,2
51313,0
51314,-1
51315,-1
51316,-1
51317,-1
51318,2
51319,1
51320,-1
51321,-1
51322,-1
51323,-1
51324,3
51325,1
51326,3
51327,0
51328,-1
51329,-1
51330,1
51331,1
51332,-1
51333,-1
51334,3
51335,0
51336,-1
51337,-1
51338,3
51339,1
51340,-1
51341,-1
51342,-1
51343,-1
51344,3
51345,0
51346,2
51347,1
51348,-1
51349,-1
51350,-1
51351,-1
51352,1
51353,0
51354,2
51355,1
51356,1
51357,2
51358,3
51359,1
51360,-1
51361,-1
51362,1
51363,1
51364,1
51365,1
51366,2
51367,1
51368,3
51369,2
51370,-1
51371,-1
51372,-1
51373,-1
51374,1
51375,0
51376,-1
51377,-1
51378,-1
51379,-1
51380,-1
51381,-1
51382,-1
51383,-1
51384,-1
51385,-1
51386,-1
51387,-1
51388,2
51389,2
51390,1
51391,1
51392,3
51393,1
51394,-1
51395,-1
51396,-1
51397,-1
51398,3
51399,2
51400,-1
51401,-1
51402,2
51403,0
51404,-1
51405,-1
51406,-1
51407,-1
51408,-1
51409,-1
51410,1
51411,1
51412,-1
51413,-1
51414,-1
51415,-1
51416,2
51417,0
51418,-1
51419,-1
51420,-1
51421,-1
51422,1
51423,0
51424,-1
51425,-1
51426,-1
51427,-1
51428,2
51429,0
51430,3
51431,2
51432,1
51433,1
51434,1
51435,1
51436,-1
51437,-1
51438,1
51439,0
51440,-1
51441,-1
51442,1
51443,0
51444,-1
51445,-1
51446,-1
51447,-1
51448,-1
51449,-1
51450,-1
51451,-1
51452,-1
51453,-1
51454,1
51455,0
51456,1
51457,0
51458,1
51459,0
51460,1
51461,0
51462,-1
51463,-1
51464,-1
51465,-1
51466,-1
51467,-1
51468,-1
51469,-1
51470,-1
51471,-1
51472,-1
51473,-1
51474,3
51475,0
51476,1
51477,2
51478,-1
51479,-1
51480,-1
51481,-1
51482,-1
51483,-1
51484,2
51485,1
51486,-1
51487,-1
51488,-1
51489,-1
51490,-1
51491,-1
51492,-1
51493,-1
51494,2
51495,0
51496,-1
51497,-1
51498,2
51499,0
51500,-1
51501,-1
51502,-1
51503,-1
51504,-1
51505,-1
51506,-1
51507,-1
51508,-1
51509,-1
51510,-1
51511,-1
51512,1
51513,1
51514,-1
51515,-1
51516,-1
51517,-1
51518,-1
51519,-1
51520,1
51521,1
51522,-1
51523,-1
51524,3
51525,0
51526,2
51527,1
51528,-1
51529,-1
51530,-1
51531,-1
51532,-1
51533,-1
51534,-1
51535,-1
51536,-1
51537,-1
51538,-1
51539,-1
51540,-1
51541,-1
51542,-1
51543,-1
51544,3
51545,2
51546,-1
51547,-1
51548,1
51549,1
51550,1
51551,0
51552,3
51553,0
51554,-1
51555,-1
51556,-1
51557,-1
51558,-1
51559,-1
51560,-1
51561,-1
51562,-1
51563,-1
51564,3
51565,2
51566,-1
51567,-1
51568,1
51569,1
51570,-1
51571,-1
51572,2
51573,1
51574,2
51575,0
51576,-1
51577,-1
51578,-1
51579,-1
51580,-1
51581,-1
51582,3
51583,0
51584,2
51585,0
51586,-1
51587,-1
51588,2
51589,1
51590,-1
51591,-1
51592,2
51593,1
51594,-1
51595,-1
51596,2
51597,2
51598,3
51599,2
51600,-1
51601,-1
51602,-1
51603,-1
51604,1
51605,1
51606,1
51607,1
51608,1
51609,1
51610,1
51611,0
51612,-1
51613,-1
51614,-1
51615,-1
51616,-1
51617,-1
51618,2
51619,0
51620,-1
51621,-1
51622,-1
51623,-1
51624,2
51625,1
51626,2
51627,1
51628,-1
51629,-1
51630,-1
51631,-1
51632,2
51633,1
51634,-1
51635,-1
51636,-1
51637,-1
51638,-1
51639,-1
51640,-1
51641,-1
51642,2
51643,1
51644,-1
51645,-1
51646,3
51647,2
51648,2
51649,1
51650,-1
51651,-1
51652,1
51653,0
51654,2
51655,1
51656,3
51657,1
51658,-1
51659,-1
51660,-1
51661,-1
51662,-1
51663,-1
51664,3
51665,0
51666,-1
51667,-1
51668,-1
51669,-1
51670,-1
51671,-1
51672,3
51673,2
51674,-1
51675,-1
51676,-1
51677,-1
51678,2
51679,0
51680,-1
51681,-1
51682,2
51683,2
51684,1
51685,1
51686,-1
51687,-1
51688,3
51689,1
51690,-1
51691,-1
51692,-1
51693,-1
51694,-1
51695,-1
51696,-1
51697,-1
51698,2
51699,2
51700,-1
51701,-1
51702,-1
51703,-1
51704,-1
51705,-1
51706,-1
51707,-1
51708,-1
51709,-1
51710,-1
51711,-1
51712,-1
51713,-1
51714,-1
51715,-1
51716,-1
51717,-1
51718,2
51719,0
51720,2
51721,1
51722,-1
51723,-1
51724,-1
51725,-1
51726,-1
51727,-1
51728,-1
51729,-1
51730,1
51731,0
51732,-1
51733,-1
51734,3
51735,2
51736,-1
51737,-1
51738,-1
51739,-1
51740,-1
51741,-1
51742,-1
51743,-1
51744,-1
51745,-1
51746,-1
51747,-1
51748,2
51749,1
51750,3
51751,2
51752,-1
51753,-1
51754,-1
51755,-1
51756,-1
51757,-1
51758,2
51759,1
51760,-1
51761,-1
51762,-1
51763,-1
51764,-1
51765,-1
51766,-1
51767,-1
51768,-1
51769,-1
51770,-1
51771,-1
51772,-1
51773,-1
51774,-1
51775,-1
51776,-1
51777,-1
51778,2
51779,1
51780,-1
51781,-1
51782,-1
51783,-1
51784,-1
51785,-1
51786,-1
51787,-1
51788,-1
51789,-1
51790,1
51791,1
51792,1
51793,1
51794,-1
51795,-1
51796,1
51797,0
51798,2
51799,1
51800,3
51801,2
51802,2
51803,2
51804,3
51805,0
51806,-1
51807,-1
51808,-1
51809,-1
51810,3
51811,2
51812,3
51813,1
51814,-1
51815,-1
51816,3
51817,2
51818,2
51819,0
51820,-1
51821,-1
51822,2
51823,2
51824,3
51825,2
51826,-1
51827,-1
51828,-1
51829,-1
51830,3
51831,0
51832,-1
51833,-1
51834,-1
51835,-1
51836,-1
51837,-1
51838,-1
51839,-1
51840,-1
51841,-1
51842,-1
51843,-1
51844,1
51845,0
51846,-1
51847,-1
51848,-1
51849,-1
51850,-1
51851,-1
51852,3
51853,0
51854,-1
51855,-1
51856,-1
51857,-1
51858,-1
51859,-1
51860,-1
51861,-1
51862,-1
51863,-1
51864,-1
51865,-1
51866,-1
51867,-1
51868,-1
51869,-1
51870,3
51871,2
51872,1
51873,1
51874,-1
51875,-1
51876,-1
51877,-1
51878,2
51879,2
51880,1
51881,0
51882,2
51883,0
51884,2
51885,1
51886,-1
51887,-1
51888,-1
51889,-1
51890,-1
51891,-1
51892,1
51893,0
51894,-1
51895,-1
51896,-1
51897,-1
51898,1
51899,0
51900,-1
51901,-1
51902,-1
51903,-1
51904,1
51905,0
51906,-1
51907,-1
51908,-1
51909,-1
51910,-1
51911,-1
51912,3
51913,1
51914,-1
51915,-1
51916,1
51917,0
51918,-1
51919,-1
51920,1
51921,2
51922,-1
51923,-1
51924,1
51925,1
51926,3
51927,0
51928,-1
51929,-1
51930,-1
51931,-1
51932,-1
51933,-1
51934,2
51935,2
51936,-1
51937,-1
51938,-1
51939,-1
51940,2
51941,1
51942,-1
51943,-1
51944,-1
51945,-1
51946,-1
51947,-1
51948,-1
51949,-1
51950,-1
51951,-1
51952,-1
51953,-1
51954,1
51955,0
51956,-1
51957,-1
51958,-1
51959,-1
51960,-1
51961,-1
51962,-1
51963,-1
51964,2
51965,0
51966,1
51967,0
51968,-1
51969,-1
51970,2
51971,0
51972,-1
51973,-1
51974,-1
51975,-1
51976,-1
51977,-1
51978,-1
51979,-1
51980,-1
51981,-1
51982,-1
51983,-1
51984,-1
51985,-1
51986,-1
51987,-1
51988,3
51989,2
51990,-1
51991,-1
51992,-1
51993,-1
51994,-1
51995,-1
51996,-1
51997,-1
51998,3
51999,2
52000,2
52001,2
52002,-1
52003,-1
52004,-1
52005,-1
52006,3
52007,2
52008,-1
52009,-1
52010,-1
52011,-1
52012,-1
52013,-1
52014,2
52015,1
52016,2
52017,2
52018,-1
52019,-1
52020,-1
52021,-1
52022,-1
52023,-1
52024,-1
52025,-1
52026,-1
52027,-1
52028,-1
52029,-1
52030,3
52031,2
52032,-1
52033,-1
52034,-1
52035,-1
52036,-1
52037,-1
52038,3
52039,0
52040,-1
52041,-1
52042,-1
52043,-1
52044,-1
52045,-1
52046,-1
52047,-1
52048,-1
52049,-1
52050,2
52051,2
52052,-1
52053,-1
52054,-1
52055,-1
52056,-1
52057,-1
52058,2
52059,0
52060,1
52061,1
52062,-1
52063,-1
52064,3
52065,2
52066,2
52067,2
52068,-1
52069,-1
52070,-1
52071,-1
52072,-1
52073,-1
52074,2
52075,1
52076,-1
52077,-1
52078,3
52079,0
52080,2
52081,0
52082,3
52083,2
52084,-1
52085,-1
52086,-1
52087,-1
52088,-1
52089,-1
52090,3
52091,0
52092,-1
52093,-1
52094,-1
52095,-1
52096,-1
52097,-1
52098,-1
52099,-1
52100,1
52101,1
52102,1
52103,0
52104,-1
52105,-1
52106,-1
52107,-1
52108,2
52109,2
52110,-1
52111,-1
52112,1
52113,0
52114,-1
52115,-1
52116,2
52117,0
52118,-1
52119,-1
52120,2
52121,1
52122,-1
52123,-1
52124,-1
52125,-1
52126,-1
52127,-1
52128,-1
52129,-1
52130,-1
52131,-1
52132,-1
52133,-1
52134,-1
52135,-1
52136,-1
52137,-1
52138,-1
52139,-1
52140,-1
52141,-1
52142,3
52143,1
52144,1
52145,2
52146,-1
52147,-1
52148,-1
52149,-1
52150,1
52151,0
52152,-1
52153,-1
52154,-1
52155,-1
52156,-1
52157,-1
52158,-1
52159,-1
52160,1
52161,0
52162,3
52163,0
52164,-1
52165,-1
52166,-1
52167,-1
52168,-1
52169,-1
52170,-1
52171,-1
52172,-1
52173,-1
52174,2
52175,2
52176,-1
52177,-1
52178,-1
52179,-1
52180,-1
52181,-1
52182,-1
52183,-1
52184,-1
52185,-1
52186,-1
52187,-1
52188,-1
52189,-1
52190,-1
52191,-1
52192,-1
52193,-1
52194,-1
52195,-1
52196,3
52197,2
52198,-1
52199,-1
52200,-1
52201,-1
52202,3
52203,0
52204,-1
52205,-1
52206,-1
52207,-1
52208,-1
52209,-1
52210,-1
52211,-1
52212,-1
52213,-1
52214,-1
52215,-1
52216,-1
52217,-1
52218,-1
52219,-1
52220,-1
52221,-1
52222,-1
52223,-1
52224,-1
52225,-1
52226,-1
52227,-1
52228,-1
52229,-1
52230,-1
52231,-1
52232,2
52233,1
52234,1
52235,2
52236,-1
52237,-1
52238,-1
52239,-1
52240,1
52241,1
52242,-1
52243,-1
52244,2
52245,1
52246,1
52247,2
52248,2
52249,1
52250,1
52251,1
52252,-1
52253,-1
52254,-1
52255,-1
52256,-1
52257,-1
52258,-1
52259,-1
52260,-1
52261,-1
52262,-1
52263,-1
52264,-1
52265,-1
52266,-1
52267,-1
52268,-1
52269,-1
52270,-1
52271,-1
52272,2
52273,0
52274,-1
52275,-1
52276,-1
52277,-1
52278,-1
52279,-1
52280,-1
52281,-1
52282,-1
52283,-1
52284,-1
52285,-1
52286,-1
52287,-1
52288,2
52289,1
52290,-1
52291,-1
52292,-1
52293,-1
52294,-1
52295,-1
52296,-1
52297,-1
52298,-1
52299,-1
52300,-1
52301,-1
52302,-1
52303,-1
52304,-1
52305,-1
52306,-1
52307,-1
52308,-1
52309,-1
52310,-1
52311,-1
52312,-1
52313,-1
52314,-1
52315,-1
52316,-1
52317,-1
52318,2
52319,2
52320,-1
52321,-1
52322,2
52323,0
52324,3
52325,0
52326,3
52327,1
52328,-1
52329,-1
52330,-1
52331,-1
52332,3
52333,0
52334,-1
52335,-1
52336,-1
52337,-1
52338,3
52339,2
52340,-1
52341,-1
52342,1
52343,2
52344,-1
52345,-1
52346,-1
52347,-1
52348,-1
52349,-1
52350,-1
52351,-1
52352,-1
52353,-1
52354,-1
52355,-1
52356,3
52357,1
52358,-1
52359,-1
52360,-1
52361,-1
52362,3
52363,1
52364,-1
52365,-1
52366,-1
52367,-1
52368,-1
52369,-1
52370,-1
52371,-1
52372,-1
52373,-1
52374,-1
52375,-1
52376,2
52377,1
52378,1
52379,0
52380,1
52381,0
52382,-1
52383,-1
52384,-1
52385,-1
52386,1
52387,2
52388,-1
52389,-1
52390,-1
52391,-1
52392,-1
52393,-1
52394,2
52395,1
52396,-1
52397,-1
52398,-1
52399,-1
52400,-1
52401,-1
52402,1
52403,2
52404,-1
52405,-1
52406,-1
52407,-1
52408,-1
52409,-1
52410,1
52411,0
52412,1
52413,1
52414,-1
52415,-1
52416,-1
52417,-1
52418,1
52419,2
52420,-1
52421,-1
52422,-1
52423,-1
52424,-1
52425,-1
52426,-1
52427,-1
52428,1
52429,2
52430,2
52431,2
52432,-1
52433,-1
52434,2
52435,0
52436,-1
52437,-1
52438,-1
52439,-1
52440,-1
52441,-1
52442,-1
52443,-1
52444,-1
52445,-1
52446,-1
52447,-1
52448,-1
52449,-1
52450,-1
52451,-1
52452,2
52453,1
52454,-1
52455,-1
52456,-1
52457,-1
52458,-1
52459,-1
52460,-1
52461,-1
52462,1
52463,1
52464,3
52465,2
52466,-1
52467,-1
52468,1
52469,2
52470,-1
52471,-1
52472,2
52473,1
52474,2
52475,0
52476,-1
52477,-1
52478,2
52479,1
52480,2
52481,0
52482,-1
52483,-1
52484,-1
52485,-1
52486,-1
52487,-1
52488,-1
52489,-1
52490,-1
52491,-1
52492,1
52493,2
52494,1
52495,1
52496,-1
52497,-1
52498,-1
52499,-1
52500,-1
52501,-1
52502,-1
52503,-1
52504,-1
52505,-1
52506,3
52507,0
52508,3
52509,2
52510,-1
52511,-1
52512,-1
52513,-1
52514,-1
52515,-1
52516,-1
52517,-1
52518,2
52519,0
52520,3
52521,2
52522,-1
52523,-1
52524,3
52525,0
52526,-1
52527,-1
52528,-1
52529,-1
52530,-1
52531,-1
52532,1
52533,0
52534,-1
52535,-1
52536,-1
52537,-1
52538,-1
52539,-1
52540,-1
52541,-1
52542,-1
52543,-1
52544,-1
52545,-1
52546,-1
52547,-1
52548,-1
52549,-1
52550,-1
52551,-1
52552,-1
52553,-1
52554,3
52555,1
52556,2
52557,0
52558,-1
52559,-1
52560,-1
52561,-1
52562,-1
52563,-1
52564,-1
52565,-1
52566,-1
52567,-1
52568,-1
52569,-1
52570,2
52571,0
52572,-1
52573,-1
52574,1
52575,0
52576,-1
52577,-1
52578,-1
52579,-1
52580,-1
52581,-1
52582,2
52583,1
52584,-1
52585,-1
52586,-1
52587,-1
52588,-1
52589,-1
52590,-1
52591,-1
52592,-1
52593,-1
52594,-1
52595,-1
52596,-1
52597,-1
52598,-1
52599,-1
52600,-1
52601,-1
52602,-1
52603,-1
52604,-1
52605,-1
52606,-1
52607,-1
52608,-1
52609,-1
52610,2
52611,0
52612,-1
52613,-1
52614,-1
52615,-1
52616,-1
52617,-1
52618,-1
52619,-1
52620,-1
52621,-1
52622,-1
52623,-1
52624,-1
52625,-1
52626,-1
52627,-1
52628,-1
52629,-1
52630,3
52631,0
52632,3
52633,2
52634,-1
52635,-1
52636,-1
52637,-1
52638,3
52639,2
52640,1
52641,0
52642,1
52643,2
52644,-1
52645,-1
52646,1
52647,1
52648,2
52649,0
52650,-1
52651,-1
52652,-1
52653,-1
52654,3
52655,1
52656,-1
52657,-1
52658,-1
52659,-1
52660,-1
52661,-1
52662,-1
52663,-1
52664,-1
52665,-1
52666,-1
52667,-1
52668,-1
52669,-1
52670,-1
52671,-1
52672,-1
52673,-1
52674,-1
52675,-1
52676,-1
52677,-1
52678,-1
52679,-1
52680,-1
52681,-1
52682,-1
52683,-1
52684,2
52685,1
52686,2
52687,1
52688,-1
52689,-1
52690,-1
52691,-1
52692,-1
52693,-1
52694,-1
52695,-1
52696,-1
52697,-1
52698,-1
52699,-1
52700,-1
52701,-1
52702,-1
52703,-1
52704,-1
52705,-1
52706,-1
52707,-1
52708,1
52709,2
52710,-1
52711,-1
52712,-1
52713,-1
52714,-1
52715,-1
52716,-1
52717,-1
52718,1
52719,0
52720,-1
52721,-1
52722,-1
52723,-1
52724,-1
52725,-1
52726,-1
52727,-1
52728,1
52729,0
52730,-1
52731,-1
52732,-1
52733,-1
52734,-1
52735,-1
52736,-1
52737,-1
52738,-1
52739,-1
52740,1
52741,1
52742,-1
52743,-1
52744,-1
52745,-1
52746,1
52747,2
52748,2
52749,0
52750,-1
52751,-1
52752,3
52753,1
52754,-1
52755,-1
52756,-1
52757,-1
52758,-1
52759,-1
52760,-1
52761,-1
52762,2
52763,0
52764,2
52765,1
52766,3
52767,0
52768,-1
52769,-1
52770,1
52771,2
52772,-1
52773,-1
52774,-1
52775,-1
52776,1
52777,2
52778,-1
52779,-1
52780,-1
52781,-1
52782,1
52783,1
52784,-1
52785,-1
52786,2
52787,2
52788,-1
52789,-1
52790,-1
52791,-1
52792,-1
52793,-1
52794,-1
52795,-1
52796,2
52797,1
52798,-1
52799,-1
52800,-1
52801,-1
52802,-1
52803,-1
52804,-1
52805,-1
52806,-1
52807,-1
52808,-1
52809,-1
52810,-1
52811,-1
52812,-1
52813,-1
52814,-1
52815,-1
52816,-1
52817,-1
52818,-1
52819,-1
52820,-1
52821,-1
52822,-1
52823,-1
52824,2
52825,0
52826,-1
52827,-1
52828,-1
52829,-1
52830,-1
52831,-1
52832,-1
52833,-1
52834,-1
52835,-1
52836,-1
52837,-1
52838,-1
52839,-1
52840,-1
52841,-1
52842,-1
52843,-1
52844,-1
52845,-1
52846,-1
52847,-1
52848,-1
52849,-1
52850,-1
52851,-1
52852,-1
52853,-1
52854,3
52855,0
52856,-1
52857,-1
52858,-1
52859,-1
52860,-1
52861,-1
52862,-1
52863,-1
52864,2
52865,2
52866,-1
52867,-1
52868,2
52869,0
52870,-1
52871,-1
52872,-1
52873,-1
52874,-1
52875,-1
52876,1
52877,1
52878,-1
52879,-1
52880,-1
52881,-1
52882,-1
52883,-1
52884,1
52885,2
52886,-1
52887,-1
52888,-1
52889,-1
52890,-1
52891,-1
52892,-1
52893,-1
52894,-1
52895,-1
52896,-1
52897,-1
52898,-1
52899,-1
52900,-1
52901,-1
52902,-1
52903,-1
52904,-1
52905,-1
52906,-1
52907,-1
52908,3
52909,1
52910,-1
52911,-1
52912,3
52913,2
52914,-1
52915,-1
52916,-1
52917,-1
52918,-1
52919,-1
52920,-1
52921,-1
52922,1
52923,1
52924,-1
52925,-1
52926,1
52927,0
52928,1
52929,1
52930,-1
52931,-1
52932,-1
52933,-1
52934,3
52935,0
52936,-1
52937,-1
52938,-1
52939,-1
52940,2
52941,0
52942,-1
52943,-1
52944,-1
52945,-1
52946,-1
52947,-1
52948,-1
52949,-1
52950,-1
52951,-1
52952,-1
52953,-1
52954,-1
52955,-1
52956,-1
52957,-1
52958,-1
52959,-1
52960,1
52961,2
52962,-1
52963,-1
52964,-1
52965,-1
52966,-1
52967,-1
52968,-1
52969,-1
52970,-1
52971,-1
52972,-1
52973,-1
52974,2
52975,0
52976,-1
52977,-1
52978,-1
52979,-1
52980,-1
52981,-1
52982,3
52983,1
52984,2
52985,1
52986,-1
52987,-1
52988,-1
52989,-1
52990,-1
52991,-1
52992,-1
52993,-1
52994,3
52995,0
52996,-1
52997,-1
52998,-1
52999,-1
53000,-1
53001,-1
53002,2
53003,0
53004,-1
53005,-1
53006,-1
53007,-1
53008,1
53009,0
53010,1
53011,2
53012,1
53013,0
53014,3
53015,0
53016,-1
53017,-1
53018,-1
53019,-1
53020,-1
53021,-1
53022,-1
53023,-1
53024,-1
53025,-1
53026,-1
53027,-1
53028,-1
53029,-1
53030,-1
53031,-1
53032,-1
53033,-1
53034,-1
53035,-1
53036,-1
53037,-1
53038,2
53039,2
53040,-1
53041,-1
53042,-1
53043,-1
53044,-1
53045,-1
53046,1
53047,0
53048,-1
53049,-1
53050,-1
53051,-1
53052,-1
53053,-1
53054,-1
53055,-1
53056,-1
53057,-1
53058,-1
53059,-1
53060,-1
53061,-1
53062,3
53063,1
53064,-1
53065,-1
53066,-1
53067,-1
53068,-1
53069,-1
53070,-1
53071,-1
53072,2
53073,1
53074,-1
53075,-1
53076,-1
53077,-1
53078,-1
53079,-1
53080,3
53081,1
53082,-1
53083,-1
53084,1
53085,2
53086,-1
53087,-1
53088,3
53089,0
53090,-1
53091,-1
53092,-1
53093,-1
53094,3
53095,1
53096,-1
53097,-1
53098,2
53099,2
53100,-1
53101,-1
53102,-1
53103,-1
53104,3
53105,2
53106,-1
53107,-1
53108,-1
53109,-1
53110,-1
53111,-1
53112,3
53113,0
53114,-1
53115,-1
53116,-1
53117,-1
53118,-1
53119,-1
53120,-1
53121,-1
53122,-1
53123,-1
53124,-1
53125,-1
53126,2
53127,1
53128,-1
53129,-1
53130,-1
53131,-1
53132,-1
53133,-1
53134,3
53135,2
53136,-1
53137,-1
53138,-1
53139,-1
53140,-1
53141,-1
53142,-1
53143,-1
53144,-1
53145,-1
53146,-1
53147,-1
53148,-1
53149,-1
53150,-1
53151,-1
53152,-1
53153,-1
53154,-1
53155,-1
53156,-1
53157,-1
53158,-1
53159,-1
53160,-1
53161,-1
53162,1
53163,2
53164,3
53165,1
53166,-1
53167,-1
53168,-1
53169,-1
53170,-1
53171,-1
53172,-1
53173,-1
53174,-1
53175,-1
53176,2
53177,0
53178,-1
53179,-1
53180,-1
53181,-1
53182,-1
53183,-1
53184,-1
53185,-1
53186,-1
53187,-1
53188,-1
53189,-1
53190,-1
53191,-1
53192,3
53193,1
53194,2
53195,0
53196,-1
53197,-1
53198,-1
53199,-1
53200,-1
53201,-1
53202,-1
53203,-1
53204,2
53205,1
53206,-1
53207,-1
53208,-1
53209,-1
53210,1
53211,1
53212,-1
53213,-1
53214,-1
53215,-1
53216,-1
53217,-1
53218,-1
53219,-1
53220,-1
53221,-1
53222,-1
53223,-1
53224,-1
53225,-1
53226,-1
53227,-1
53228,-1
53229,-1
53230,-1
53231,-1
53232,-1
53233,-1
53234,-1
53235,-1
53236,-1
53237,-1
53238,-1
53239,-1
53240,-1
53241,-1
53242,-1
53243,-1
53244,-1
53245,-1
53246,3
53247,2
53248,-1
53249,-1
53250,-1
53251,-1
53252,-1
53253,-1
53254,2
53255,2
53256,-1
53257,-1
53258,-1
53259,-1
53260,-1
53261,-1
53262,-1
53263,-1
53264,-1
53265,-1
53266,-1
53267,-1
53268,-1
53269,-1
53270,-1
53271,-1
53272,-1
53273,-1
53274,2
53275,0
53276,-1
53277,-1
53278,-1
53279,-1
53280,-1
53281,-1
53282,-1
53283,-1
53284,-1
53285,-1
53286,1
53287,1
53288,-1
53289,-1
53290,-1
53291,-1
53292,-1
53293,-1
53294,-1
53295,-1
53296,-1
53297,-1
53298,-1
53299,-1
53300,-1
53301,-1
53302,-1
53303,-1
53304,-1
53305,-1
53306,-1
53307,-1
53308,-1
53309,-1
53310,-1
53311,-1
53312,3
53313,2
53314,1
53315,2
53316,-1
53317,-1
53318,2
53319,1
53320,1
53321,0
53322,-1
53323,-1
53324,-1
53325,-1
53326,-1
53327,-1
53328,-1
53329,-1
53330,-1
53331,-1
53332,-1
53333,-1
53334,-1
53335,-1
53336,-1
53337,-1
53338,-1
53339,-1
53340,-1
53341,-1
53342,1
53343,0
53344,-1
53345,-1
53346,1
53347,0
53348,-1
53349,-1
53350,-1
53351,-1
53352,-1
53353,-1
53354,-1
53355,-1
53356,-1
53357,-1
53358,-1
53359,-1
53360,-1
53361,-1
53362,-1
53363,-1
53364,-1
53365,-1
53366,-1
53367,-1
53368,-1
53369,-1
53370,-1
53371,-1
53372,3
53373,1
53374,-1
53375,-1
53376,2
53377,0
53378,-1
53379,-1
53380,-1
53381,-1
53382,-1
53383,-1
53384,3
53385,2
53386,-1
53387,-1
53388,-1
53389,-1
53390,-1
53391,-1
53392,-1
53393,-1
53394,-1
53395,-1
53396,-1
53397,-1
53398,2
53399,0
53400,-1
53401,-1
53402,-1
53403,-1
53404,-1
53405,-1
53406,-1
53407,-1
53408,-1
53409,-1
53410,-1
53411,-1
53412,-1
53413,-1
53414,1
53415,1
53416,-1
53417,-1
53418,-1
53419,-1
53420,-1
53421,-1
53422,3
53423,2
53424,-1
53425,-1
53426,-1
53427,-1
53428,-1
53429,-1
53430,-1
53431,-1
53432,2
53433,1
53434,-1
53435,-1
53436,-1
53437,-1
53438,2
53439,2
53440,-1
53441,-1
53442,-1
53443,-1
53444,-1
53445,-1
53446,-1
53447,-1
53448,1
53449,0
53450,-1
53451,-1
53452,-1
53453,-1
53454,1
53455,1
53456,1
53457,1
53458,1
53459,2
53460,-1
53461,-1
53462,-1
53463,-1
53464,-1
53465,-1
53466,-1
53467,-1
53468,-1
53469,-1
53470,-1
53471,-1
53472,-1
53473,-1
53474,3
53475,2
53476,-1
53477,-1
53478,-1
53479,-1
53480,1
53481,2
53482,1
53483,1
53484,2
53485,2
53486,2
53487,1
53488,-1
53489,-1
53490,-1
53491,-1
53492,-1
53493,-1
53494,-1
53495,-1
53496,-1
53497,-1
53498,-1
53499,-1
53500,-1
53501,-1
53502,-1
53503,-1
53504,-1
53505,-1
53506,-1
53507,-1
53508,-1
53509,-1
53510,-1
53511,-1
53512,-1
53513,-1
53514,3
53515,1
53516,-1
53517,-1
53518,-1
53519,-1
53520,-1
53521,-1
53522,2
53523,1
53524,-1
53525,-1
53526,-1
53527,-1
53528,-1
53529,-1
53530,-1
53531,-1
53532,-1
53533,-1
53534,-1
53535,-1
53536,-1
53537,-1
53538,-1
53539,-1
53540,-1
53541,-1
53542,-1
53543,-1
53544,3
53545,0
53546,-1
53547,-1
53548,-1
53549,-1
53550,-1
53551,-1
53552,-1
53553,-1
53554,1
53555,0
53556,3
53557,1
53558,2
53559,2
53560,3
53561,0
53562,-1
53563,-1
53564,-1
53565,-1
53566,-1
53567,-1
53568,-1
53569,-1
53570,-1
53571,-1
53572,1
53573,0
53574,3
53575,0
53576,-1
53577,-1
53578,1
53579,2
53580,-1
53581,-1
53582,-1
53583,-1
53584,2
53585,0
53586,-1
53587,-1
53588,-1
53589,-1
53590,-1
53591,-1
53592,-1
53593,-1
53594,1
53595,0
53596,-1
53597,-1
53598,-1
53599,-1
53600,-1
53601,-1
53602,-1
53603,-1
53604,-1
53605,-1
53606,-1
53607,-1
53608,-1
53609,-1
53610,-1
53611,-1
53612,-1
53613,-1
53614,-1
53615,-1
53616,-1
53617,-1
53618,-1
53619,-1
53620,-1
53621,-1
53622,-1
53623,-1
53624,-1
53625,-1
53626,-1
53627,-1
53628,-1
53629,-1
53630,-1
53631,-1
53632,-1
53633,-1
53634,-1
53635,-1
53636,-1
53637,-1
53638,1
53639,2
53640,-1
53641,-1
53642,-1
53643,-1
53644,-1
53645,-1
53646,-1
53647,-1
53648,-1
53649,-1
53650,-1
53651,-1
53652,-1
53653,-1
53654,-1
53655,-1
53656,3
53657,2
53658,-1
53659,-1
53660,-1
53661,-1
53662,-1
53663,-1
53664,-1
53665,-1
53666,1
53667,1
53668,-1
53669,-1
53670,-1
53671,-1
53672,-1
53673,-1
53674,-1
53675,-1
53676,-1
53677,-1
53678,-1
53679,-1
53680,1
53681,0
53682,2
53683,0
53684,-1
53685,-1
53686,-1
53687,-1
53688,2
53689,1
53690,-1
53691,-1
53692,-1
53693,-1
53694,-1
53695,-1
53696,-1
53697,-1
53698,-1
53699,-1
53700,-1
53701,-1
53702,-1
53703,-1
53704,-1
53705,-1
53706,3
53707,2
53708,2
53709,2
53710,-1
53711,-1
53712,-1
53713,-1
53714,-1
53715,-1
53716,-1
53717,-1
53718,-1
53719,-1
53720,-1
53721,-1
53722,-1
53723,-1
53724,-1
53725,-1
53726,-1
53727,-1
53728,-1
53729,-1
53730,-1
53731,-1
53732,1
53733,1
53734,-1
53735,-1
53736,1
53737,1
53738,-1
53739,-1
53740,-1
53741,-1
53742,1
53743,0
53744,-1
53745,-1
53746,-1
53747,-1
53748,-1
53749,-1
53750,-1
53751,-1
53752,-1
53753,-1
53754,-1
53755,-1
53756,1
53757,2
53758,-1
53759,-1
53760,-1
53761,-1
53762,-1
53763,-1
53764,-1
53765,-1
53766,2
53767,1
53768,-1
53769,-1
53770,1
53771,0
53772,3
53773,1
53774,-1
53775,-1
53776,-1
53777,-1
53778,-1
53779,-1
53780,1
53781,1
53782,-1
53783,-1
53784,-1
53785,-1
53786,-1
53787,-1
53788,-1
53789,-1
53790,-1
53791,-1
53792,-1
53793,-1
53794,3
53795,2
53796,-1
53797,-1
53798,-1
53799,-1
53800,2
53801,2
53802,-1
53803,-1
53804,-1
53805,-1
53806,2
53807,0
53808,-1
53809,-1
53810,-1
53811,-1
53812,-1
53813,-1
53814,-1
53815,-1
53816,-1
53817,-1
53818,-1
53819,-1
53820,-1
53821,-1
53822,-1
53823,-1
53824,-1
53825,-1
53826,-1
53827,-1
53828,-1
53829,-1
53830,-1
53831,-1
53832,-1
53833,-1
53834,3
53835,0
53836,-1
53837,-1
53838,2
53839,2
53840,1
53841,0
53842,-1
53843,-1
53844,-1
53845,-1
53846,-1
53847,-1
53848,-1
53849,-1
53850,3
53851,1
53852,-1
53853,-1
53854,-1
53855,-1
53856,-1
53857,-1
53858,-1
53859,-1
53860,2
53861,0
53862,1
53863,0
53864,-1
53865,-1
53866,-1
53867,-1
53868,2
53869,0
53870,-1
53871,-1
53872,-1
53873,-1
53874,-1
53875,-1
53876,-1
53877,-1
53878,1
53879,2
53880,-1
53881,-1
53882,-1
53883,-1
53884,-1
53885,-1
53886,1
53887,1
53888,-1
53889,-1
53890,1
53891,0
53892,1
53893,1
53894,-1
53895,-1
53896,-1
53897,-1
53898,-1
53899,-1
53900,-1
53901,-1
53902,-1
53903,-1
53904,-1
53905,-1
53906,-1
53907,-1
53908,-1
53909,-1
53910,-1
53911,-1
53912,3
53913,1
53914,-1
53915,-1
53916,-1
53917,-1
53918,1
53919,0
53920,1
53921,0
53922,1
53923,0
53924,-1
53925,-1
53926,-1
53927,-1
53928,3
53929,0
53930,1
53931,2
53932,-1
53933,-1
53934,-1
53935,-1
53936,-1
53937,-1
53938,-1
53939,-1
53940,-1
53941,-1
53942,-1
53943,-1
53944,2
53945,0
53946,-1
53947,-1
53948,2
53949,0
53950,2
53951,1
53952,-1
53953,-1
53954,-1
53955,-1
53956,-1
53957,-1
53958,2
53959,1
53960,-1
53961,-1
53962,-1
53963,-1
53964,-1
53965,-1
53966,-1
53967,-1
53968,-1
53969,-1
53970,1
53971,2
53972,2
53973,1
53974,-1
53975,-1
53976,-1
53977,-1
53978,-1
53979,-1
53980,2
53981,1
53982,2
53983,1
53984,-1
53985,-1
53986,1
53987,0
53988,-1
53989,-1
53990,-1
53991,-1
53992,-1
53993,-1
53994,-1
53995,-1
53996,-1
53997,-1
53998,3
53999,0
54000,2
54001,1
54002,3
54003,2
54004,3
54005,0
54006,1
54007,0
54008,1
54009,2
54010,-1
54011,-1
54012,-1
54013,-1
54014,2
54015,1
54016,-1
54017,-1
54018,1
54019,2
54020,1
54021,0
54022,-1
54023,-1
54024,-1
54025,-1
54026,-1
54027,-1
54028,2
54029,1
54030,-1
54031,-1
54032,-1
54033,-1
54034,1
54035,0
54036,-1
54037,-1
54038,2
54039,1
54040,-1
54041,-1
54042,-1
54043,-1
54044,-1
54045,-1
54046,-1
54047,-1
54048,1
54049,0
54050,-1
54051,-1
54052,-1
54053,-1
54054,-1
54055,-1
54056,-1
54057,-1
54058,-1
54059,-1
54060,-1
54061,-1
54062,3
54063,0
54064,-1
54065,-1
54066,-1
54067,-1
54068,-1
54069,-1
54070,3
54071,1
54072,3
54073,1
54074,-1
54075,-1
54076,2
54077,1
54078,-1
54079,-1
54080,-1
54081,-1
54082,-1
54083,-1
54084,-1
54085,-1
54086,-1
54087,-1
54088,-1
54089,-1
54090,-1
54091,-1
54092,-1
54093,-1
54094,-1
54095,-1
54096,3
54097,2
54098,-1
54099,-1
54100,2
54101,0
54102,-1
54103,-1
54104,-1
54105,-1
54106,-1
54107,-1
54108,-1
54109,-1
54110,-1
54111,-1
54112,-1
54113,-1
54114,-1
54115,-1
54116,-1
54117,-1
54118,-1
54119,-1
54120,-1
54121,-1
54122,-1
54123,-1
54124,1
54125,2
54126,-1
54127,-1
54128,-1
54129,-1
54130,3
54131,2
54132,-1
54133,-1
54134,1
54135,1
54136,3
54137,1
54138,-1
54139,-1
54140,2
54141,2
54142,-1
54143,-1
54144,-1
54145,-1
54146,3
54147,2
54148,1
54149,2
54150,3
54151,0
54152,3
54153,0
54154,-1
54155,-1
54156,-1
54157,-1
54158,-1
54159,-1
54160,-1
54161,-1
54162,-1
54163,-1
54164,1
54165,1
54166,-1
54167,-1
54168,-1
54169,-1
54170,-1
54171,-1
54172,-1
54173,-1
54174,-1
54175,-1
54176,-1
54177,-1
54178,-1
54179,-1
54180,-1
54181,-1
54182,-1
54183,-1
54184,2
54185,2
54186,3
54187,2
54188,-1
54189,-1
54190,-1
54191,-1
54192,-1
54193,-1
54194,-1
54195,-1
54196,-1
54197,-1
54198,1
54199,1
54200,-1
54201,-1
54202,-1
54203,-1
54204,-1
54205,-1
54206,1
54207,1
54208,-1
54209,-1
54210,-1
54211,-1
54212,-1
54213,-1
54214,-1
54215,-1
54216,1
54217,1
54218,-1
54219,-1
54220,1
54221,2
54222,2
54223,1
54224,-1
54225,-1
54226,-1
54227,-1
54228,-1
54229,-1
54230,-1
54231,-1
54232,-1
54233,-1
54234,-1
54235,-1
54236,-1
54237,-1
54238,-1
54239,-1
54240,-1
54241,-1
54242,-1
54243,-1
54244,-1
54245,-1
54246,-1
54247,-1
54248,-1
54249,-1
54250,-1
54251,-1
54252,-1
54253,-1
54254,-1
54255,-1
54256,-1
54257,-1
54258,2
54259,0
54260,2
54261,2
54262,-1
54263,-1
54264,-1
54265,-1
54266,-1
54267,-1
54268,1
54269,0
54270,2
54271,2
54272,-1
54273,-1
54274,-1
54275,-1
54276,-1
54277,-1
54278,-1
54279,-1
54280,1
54281,2
54282,-1
54283,-1
54284,-1
54285,-1
54286,3
54287,1
54288,2
54289,1
54290,1
54291,0
54292,-1
54293,-1
54294,-1
54295,-1
54296,-1
54297,-1
54298,-1
54299,-1
54300,3
54301,1
54302,2
54303,1
54304,-1
54305,-1
54306,2
54307,1
54308,-1
54309,-1
54310,-1
54311,-1
54312,-1
54313,-1
54314,-1
54315,-1
54316,1
54317,0
54318,-1
54319,-1
54320,-1
54321,-1
54322,-1
54323,-1
54324,-1
54325,-1
54326,-1
54327,-1
54328,-1
54329,-1
54330,-1
54331,-1
54332,-1
54333,-1
54334,-1
54335,-1
54336,-1
54337,-1
54338,2
54339,0
54340,-1
54341,-1
54342,-1
54343,-1
54344,-1
54345,-1
54346,-1
54347,-1
54348,-1
54349,-1
54350,-1
54351,-1
54352,2
54353,1
54354,-1
54355,-1
54356,-1
54357,-1
54358,-1
54359,-1
54360,1
54361,0
54362,-1
54363,-1
54364,3
54365,0
54366,-1
54367,-1
54368,1
54369,0
54370,-1
54371,-1
54372,-1
54373,-1
54374,-1
54375,-1
54376,-1
54377,-1
54378,-1
54379,-1
54380,1
54381,0
54382,2
54383,2
54384,-1
54385,-1
54386,1
54387,0
54388,-1
54389,-1
54390,-1
54391,-1
54392,-1
54393,-1
54394,3
54395,2
54396,-1
54397,-1
54398,-1
54399,-1
54400,-1
54401,-1
54402,-1
54403,-1
54404,-1
54405,-1
54406,-1
54407,-1
54408,-1
54409,-1
54410,-1
54411,-1
54412,2
54413,0
54414,-1
54415,-1
54416,-1
54417,-1
54418,-1
54419,-1
54420,2
54421,1
54422,-1
54423,-1
54424,2
54425,2
54426,2
54427,0
54428,3
54429,0
54430,-1
54431,-1
54432,3
54433,0
54434,3
54435,1
54436,-1
54437,-1
54438,-1
54439,-1
54440,-1
54441,-1
54442,1
54443,1
54444,-1
54445,-1
54446,-1
54447,-1
54448,-1
54449,-1
54450,2
54451,1
54452,-1
54453,-1
54454,-1
54455,-1
54456,-1
54457,-1
54458,-1
54459,-1
54460,-1
54461,-1
54462,-1
54463,-1
54464,3
54465,0
54466,-1
54467,-1
54468,3
54469,2
54470,-1
54471,-1
54472,-1
54473,-1
54474,1
54475,2
54476,-1
54477,-1
54478,-1
54479,-1
54480,-1
54481,-1
54482,-1
54483,-1
54484,-1
54485,-1
54486,3
54487,1
54488,-1
54489,-1
54490,3
54491,2
54492,3
54493,0
54494,3
54495,0
54496,-1
54497,-1
54498,3
54499,2
54500,-1
54501,-1
54502,-1
54503,-1
54504,-1
54505,-1
54506,-1
54507,-1
54508,-1
54509,-1
54510,1
54511,0
54512,-1
54513,-1
54514,2
54515,2
54516,-1
54517,-1
54518,-1
54519,-1
54520,1
54521,2
54522,-1
54523,-1
54524,1
54525,2
54526,-1
54527,-1
54528,3
54529,1
54530,-1
54531,-1
54532,-1
54533,-1
54534,-1
54535,-1
54536,-1
54537,-1
54538,-1
54539,-1
54540,-1
54541,-1
54542,2
54543,1
54544,-1
54545,-1
54546,-1
54547,-1
54548,-1
54549,-1
54550,-1
54551,-1
54552,2
54553,0
54554,-1
54555,-1
54556,2
54557,1
54558,-1
54559,-1
54560,-1
54561,-1
54562,-1
54563,-1
54564,-1
54565,-1
54566,-1
54567,-1
54568,-1
54569,-1
54570,-1
54571,-1
54572,2
54573,0
54574,-1
54575,-1
54576,-1
54577,-1
54578,-1
54579,-1
54580,-1
54581,-1
54582,3
54583,0
54584,-1
54585,-1
54586,1
54587,1
54588,-1
54589,-1
54590,-1
54591,-1
54592,-1
54593,-1
54594,-1
54595,-1
54596,3
54597,0
54598,-1
54599,-1
54600,-1
54601,-1
54602,-1
54603,-1
54604,-1
54605,-1
54606,-1
54607,-1
54608,-1
54609,-1
54610,-1
54611,-1
54612,-1
54613,-1
54614,-1
54615,-1
54616,-1
54617,-1
54618,-1
54619,-1
54620,-1
54621,-1
54622,-1
54623,-1
54624,-1
54625,-1
54626,-1
54627,-1
54628,-1
54629,-1
54630,-1
54631,-1
54632,-1
54633,-1
54634,-1
54635,-1
54636,-1
54637,-1
54638,1
54639,2
54640,-1
54641,-1
54642,1
54643,1
54644,2
54645,0
54646,-1
54647,-1
54648,-1
54649,-1
54650,2
54651,2
54652,-1
54653,-1
54654,-1
54655,-1
54656,-1
54657,-1
54658,3
54659,0
54660,1
54661,2
54662,-1
54663,-1
54664,3
54665,2
54666,-1
54667,-1
54668,-1
54669,-1
54670,-1
54671,-1
54672,-1
54673,-1
54674,1
54675,1
54676,-1
54677,-1
54678,-1
54679,-1
54680,2
54681,1
54682,1
54683,0
54684,2
54685,1
54686,-1
54687,-1
54688,3
54689,2
54690,2
54691,1
54692,-1
54693,-1
54694,-1
54695,-1
54696,-1
54697,-1
54698,1
54699,0
54700,1
54701,0
54702,-1
54703,-1
54704,-1
54705,-1
54706,-1
54707,-1
54708,-1
54709,-1
54710,-1
54711,-1
54712,-1
54713,-1
54714,-1
54715,-1
54716,-1
54717,-1
54718,2
54719,1
54720,-1
54721,-1
54722,-1
54723,-1
54724,-1
54725,-1
54726,1
54727,0
54728,-1
54729,-1
54730,-1
54731,-1
54732,2
54733,0
54734,1
54735,0
54736,1
54737,2
54738,1
54739,1
54740,1
54741,2
54742,-1
54743,-1
54744,-1
54745,-1
54746,1
54747,2
54748,-1
54749,-1
54750,1
54751,0
54752,-1
54753,-1
54754,1
54755,0
54756,-1
54757,-1
54758,-1
54759,-1
54760,-1
54761,-1
54762,-1
54763,-1
54764,-1
54765,-1
54766,-1
54767,-1
54768,-1
54769,-1
54770,-1
54771,-1
54772,-1
54773,-1
54774,-1
54775,-1
54776,-1
54777,-1
54778,-1
54779,-1
54780,-1
54781,-1
54782,-1
54783,-1
54784,-1
54785,-1
54786,-1
54787,-1
54788,-1
54789,-1
54790,-1
54791,-1
54792,-1
54793,-1
54794,-1
54795,-1
54796,-1
54797,-1
54798,1
54799,1
54800,-1
54801,-1
54802,-1
54803,-1
54804,-1
54805,-1
54806,-1
54807,-1
54808,2
54809,1
54810,1
54811,0
54812,-1
54813,-1
54814,2
54815,1
54816,2
54817,2
54818,3
54819,2
54820,-1
54821,-1
54822,-1
54823,-1
54824,-1
54825,-1
54826,-1
54827,-1
54828,-1
54829,-1
54830,-1
54831,-1
54832,-1
54833,-1
54834,-1
54835,-1
54836,-1
54837,-1
54838,-1
54839,-1
54840,3
54841,1
54842,1
54843,2
54844,3
54845,2
54846,-1
54847,-1
54848,-1
54849,-1
54850,3
54851,1
54852,-1
54853,-1
54854,-1
54855,-1
54856,-1
54857,-1
54858,-1
54859,-1
54860,-1
54861,-1
54862,-1
54863,-1
54864,-1
54865,-1
54866,-1
54867,-1
54868,-1
54869,-1
54870,-1
54871,-1
54872,-1
54873,-1
54874,-1
54875,-1
54876,-1
54877,-1
54878,-1
54879,-1
54880,-1
54881,-1
54882,3
54883,2
54884,1
54885,1
54886,-1
54887,-1
54888,-1
54889,-1
54890,-1
54891,-1
54892,-1
54893,-1
54894,3
54895,0
54896,-1
54897,-1
54898,-1
54899,-1
54900,-1
54901,-1
54902,-1
54903,-1
54904,-1
54905,-1
54906,-1
54907,-1
54908,-1
54909,-1
54910,-1
54911,-1
54912,-1
54913,-1
54914,2
54915,1
54916,-1
54917,-1
54918,3
54919,0
54920,-1
54921,-1
54922,2
54923,1
54924,-1
54925,-1
54926,2
54927,1
54928,-1
54929,-1
54930,-1
54931,-1
54932,-1
54933,-1
54934,-1
54935,-1
54936,-1
54937,-1
54938,1
54939,0
54940,1
54941,2
54942,2
54943,1
54944,-1
54945,-1
54946,-1
54947,-1
54948,3
54949,0
54950,3
54951,2
54952,-1
54953,-1
54954,-1
54955,-1
54956,-1
54957,-1
54958,-1
54959,-1
54960,-1
54961,-1
54962,-1
54963,-1
54964,-1
54965,-1
54966,-1
54967,-1
54968,-1
54969,-1
54970,-1
54971,-1
54972,-1
54973,-1
54974,-1
54975,-1
54976,-1
54977,-1
54978,-1
54979,-1
54980,-1
54981,-1
54982,2
54983,1
54984,-1
54985,-1
54986,-1
54987,-1
54988,2
54989,2
54990,-1
54991,-1
54992,-1
54993,-1
54994,-1
54995,-1
54996,-1
54997,-1
54998,-1
54999,-1
55000,-1
55001,-1
55002,2
55003,1
55004,-1
55005,-1
55006,-1
55007,-1
55008,-1
55009,-1
55010,-1
55011,-1
55012,-1
55013,-1
55014,-1
55015,-1
55016,-1
55017,-1
55018,-1
55019,-1
55020,-1
55021,-1
55022,-1
55023,-1
55024,-1
55025,-1
55026,2
55027,0
55028,-1
55029,-1
55030,-1
55031,-1
55032,1
55033,1
55034,-1
55035,-1
55036,1
55037,0
55038,2
55039,1
55040,-1
55041,-1
55042,-1
55043,-1
55044,-1
55045,-1
55046,-1
55047,-1
55048,-1
55049,-1
55050,1
55051,2
55052,-1
55053,-1
55054,-1
55055,-1
55056,1
55057,0
55058,1
55059,0
55060,1
55061,0
55062,-1
55063,-1
55064,-1
55065,-1
55066,-1
55067,-1
55068,-1
55069,-1
55070,-1
55071,-1
55072,-1
55073,-1
55074,-1
55075,-1
55076,-1
55077,-1
55078,-1
55079,-1
55080,-1
55081,-1
55082,-1
55083,-1
55084,-1
55085,-1
55086,-1
55087,-1
55088,3
55089,2
55090,-1
55091,-1
55092,-1
55093,-1
55094,-1
55095,-1
55096,1
55097,2
55098,-1
55099,-1
55100,-1
55101,-1
55102,-1
55103,-1
55104,2
55105,0
55106,-1
55107,-1
55108,-1
55109,-1
55110,-1
55111,-1
55112,-1
55113,-1
55114,-1
55115,-1
55116,-1
55117,-1
55118,-1
55119,-1
55120,-1
55121,-1
55122,-1
55123,-1
55124,-1
55125,-1
55126,-1
55127,-1
55128,-1
55129,-1
55130,-1
55131,-1
55132,3
55133,2
55134,-1
55135,-1
55136,-1
55137,-1
55138,-1
55139,-1
55140,-1
55141,-1
55142,-1
55143,-1
55144,-1
55145,-1
55146,-1
55147,-1
55148,-1
55149,-1
55150,-1
55151,-1
55152,-1
55153,-1
55154,3
55155,0
55156,-1
55157,-1
55158,-1
55159,-1
55160,-1
55161,-1
55162,-1
55163,-1
55164,-1
55165,-1
55166,-1
55167,-1
55168,3
55169,2
55170,-1
55171,-1
55172,-1
55173,-1
55174,-1
55175,-1
55176,3
55177,0
55178,1
55179,1
55180,-1
55181,-1
55182,2
55183,0
55184,-1
55185,-1
55186,2
55187,0
55188,-1
55189,-1
55190,2
55191,0
55192,-1
55193,-1
55194,-1
55195,-1
55196,-1
55197,-1
55198,-1
55199,-1
55200,1
55201,0
55202,-1
55203,-1
55204,-1
55205,-1
55206,-1
55207,-1
55208,-1
55209,-1
55210,3
55211,0
55212,2
55213,1
55214,-1
55215,-1
55216,-1
55217,-1
55218,1
55219,2
55220,1
55221,0
55222,-1
55223,-1
55224,2
55225,0
55226,-1
55227,-1
55228,2
55229,1
55230,-1
55231,-1
55232,-1
55233,-1
55234,-1
55235,-1
55236,-1
55237,-1
55238,-1
55239,-1
55240,-1
55241,-1
55242,-1
55243,-1
55244,1
55245,2
55246,-1
55247,-1
55248,3
55249,1
55250,-1
55251,-1
55252,-1
55253,-1
55254,-1
55255,-1
55256,-1
55257,-1
55258,2
55259,1
55260,-1
55261,-1
55262,1
55263,0
55264,-1
55265,-1
55266,-1
55267,-1
55268,-1
55269,-1
55270,-1
55271,-1
55272,-1
55273,-1
55274,3
55275,2
55276,-1
55277,-1
55278,-1
55279,-1
55280,1
55281,0
55282,-1
55283,-1
55284,1
55285,2
55286,-1
55287,-1
55288,-1
55289,-1
55290,-1
55291,-1
55292,3
55293,2
55294,-1
55295,-1
55296,-1
55297,-1
55298,1
55299,0
55300,1
55301,0
55302,1
55303,2
55304,-1
55305,-1
55306,-1
55307,-1
55308,-1
55309,-1
55310,-1
55311,-1
55312,1
55313,2
55314,1
55315,2
55316,-1
55317,-1
55318,-1
55319,-1
55320,-1
55321,-1
55322,-1
55323,-1
55324,-1
55325,-1
55326,-1
55327,-1
55328,2
55329,0
55330,1
55331,2
55332,-1
55333,-1
55334,-1
55335,-1
55336,-1
55337,-1
55338,-1
55339,-1
55340,-1
55341,-1
55342,-1
55343,-1
55344,-1
55345,-1
55346,3
55347,0
55348,-1
55349,-1
55350,-1
55351,-1
55352,2
55353,1
55354,-1
55355,-1
55356,-1
55357,-1
55358,-1
55359,-1
55360,-1
55361,-1
55362,-1
55363,-1
55364,-1
55365,-1
55366,-1
55367,-1
55368,2
55369,1
55370,-1
55371,-1
55372,3
55373,1
55374,-1
55375,-1
55376,-1
55377,-1
55378,-1
55379,-1
55380,-1
55381,-1
55382,3
55383,2
55384,1
55385,2
55386,-1
55387,-1
55388,-1
55389,-1
55390,-1
55391,-1
55392,1
55393,2
55394,2
55395,2
55396,-1
55397,-1
55398,3
55399,0
55400,-1
55401,-1
55402,-1
55403,-1
55404,-1
55405,-1
55406,1
55407,2
55408,-1
55409,-1
55410,-1
55411,-1
55412,-1
55413,-1
55414,-1
55415,-1
55416,3
55417,0
55418,-1
55419,-1
55420,-1
55421,-1
55422,-1
55423,-1
55424,3
55425,0
55426,3
55427,0
55428,-1
55429,-1
55430,3
55431,2
55432,-1
55433,-1
55434,-1
55435,-1
55436,2
55437,1
55438,-1
55439,-1
55440,2
55441,1
55442,-1
55443,-1
55444,1
55445,2
55446,-1
55447,-1
55448,-1
55449,-1
55450,-1
55451,-1
55452,-1
55453,-1
55454,2
55455,1
55456,-1
55457,-1
55458,-1
55459,-1
55460,-1
55461,-1
55462,-1
55463,-1
55464,-1
55465,-1
55466,-1
55467,-1
55468,-1
55469,-1
55470,-1
55471,-1
55472,-1
55473,-1
55474,1
55475,1
55476,-1
55477,-1
55478,-1
55479,-1
55480,1
55481,0
55482,-1
55483,-1
55484,1
55485,1
55486,-1
55487,-1
55488,-1
55489,-1
55490,-1
55491,-1
55492,-1
55493,-1
55494,-1
55495,-1
55496,-1
55497,-1
55498,1
55499,2
55500,-1
55501,-1
55502,-1
55503,-1
55504,-1
55505,-1
55506,3
55507,2
55508,-1
55509,-1
55510,-1
55511,-1
55512,-1
55513,-1
55514,-1
55515,-1
55516,1
55517,1
55518,-1
55519,-1
55520,-1
55521,-1
55522,-1
55523,-1
55524,2
55525,1
55526,-1
55527,-1
55528,2
55529,0
55530,-1
55531,-1
55532,-1
55533,-1
55534,-1
55535,-1
55536,-1
55537,-1
55538,-1
55539,-1
55540,-1
55541,-1
55542,2
55543,1
55544,-1
55545,-1
55546,-1
55547,-1
55548,1
55549,1
55550,3
55551,0
55552,-1
55553,-1
55554,-1
55555,-1
55556,-1
55557,-1
55558,-1
55559,-1
55560,2
55561,0
55562,-1
55563,-1
55564,2
55565,1
55566,-1
55567,-1
55568,-1
55569,-1
55570,-1
55571,-1
55572,-1
55573,-1
55574,2
55575,1
55576,-1
55577,-1
55578,-1
55579,-1
55580,-1
55581,-1
55582,-1
55583,-1
55584,-1
55585,-1
55586,-1
55587,-1
55588,2
55589,2
55590,-1
55591,-1
55592,2
55593,2
55594,-1
55595,-1
55596,2
55597,1
55598,-1
55599,-1
55600,-1
55601,-1
55602,-1
55603,-1
55604,3
55605,0
55606,1
55607,0
55608,3
55609,0
55610,-1
55611,-1
55612,-1
55613,-1
55614,-1
55615,-1
55616,-1
55617,-1
55618,3
55619,1
55620,-1
55621,-1
55622,-1
55623,-1
55624,-1
55625,-1
55626,-1
55627,-1
55628,-1
55629,-1
55630,-1
55631,-1
55632,-1
55633,-1
55634,2
55635,1
55636,-1
55637,-1
55638,1
55639,1
55640,-1
55641,-1
55642,-1
55643,-1
55644,-1
55645,-1
55646,3
55647,1
55648,1
55649,0
55650,-1
55651,-1
55652,-1
55653,-1
55654,-1
55655,-1
55656,-1
55657,-1
55658,-1
55659,-1
55660,-1
55661,-1
55662,-1
55663,-1
55664,-1
55665,-1
55666,3
55667,0
55668,-1
55669,-1
55670,-1
55671,-1
55672,-1
55673,-1
55674,-1
55675,-1
55676,-1
55677,-1
55678,-1
55679,-1
55680,-1
55681,-1
55682,-1
55683,-1
55684,-1
55685,-1
55686,-1
55687,-1
55688,-1
55689,-1
55690,-1
55691,-1
55692,2
55693,1
55694,-1
55695,-1
55696,-1
55697,-1
55698,-1
55699,-1
55700,2
55701,0
55702,1
55703,0
55704,2
55705,1
55706,-1
55707,-1
55708,-1
55709,-1
55710,1
55711,1
55712,1
55713,2
55714,-1
55715,-1
55716,-1
55717,-1
55718,-1
55719,-1
55720,2
55721,1
55722,-1
55723,-1
55724,-1
55725,-1
55726,-1
55727,-1
55728,-1
55729,-1
55730,-1
55731,-1
55732,-1
55733,-1
55734,2
55735,1
55736,-1
55737,-1
55738,-1
55739,-1
55740,1
55741,1
55742,-1
55743,-1
55744,-1
55745,-1
55746,1
55747,2
55748,-1
55749,-1
55750,-1
55751,-1
55752,-1
55753,-1
55754,-1
55755,-1
55756,-1
55757,-1
55758,-1
55759,-1
55760,-1
55761,-1
55762,-1
55763,-1
55764,-1
55765,-1
55766,-1
55767,-1
55768,2
55769,2
55770,1
55771,2
55772,-1
55773,-1
55774,3
55775,0
55776,3
55777,0
55778,2
55779,0
55780,-1
55781,-1
55782,-1
55783,-1
55784,-1
55785,-1
55786,-1
55787,-1
55788,2
55789,1
55790,-1
55791,-1
55792,2
55793,2
55794,-1
55795,-1
55796,3
55797,1
55798,-1
55799,-1
55800,-1
55801,-1
55802,-1
55803,-1
55804,-1
55805,-1
55806,3
55807,2
55808,-1
55809,-1
55810,-1
55811,-1
55812,-1
55813,-1
55814,2
55815,0
55816,-1
55817,-1
55818,-1
55819,-1
55820,2
55821,2
55822,-1
55823,-1
55824,-1
55825,-1
55826,-1
55827,-1
55828,-1
55829,-1
55830,3
55831,2
55832,-1
55833,-1
55834,-1
55835,-1
55836,-1
55837,-1
55838,2
55839,1
55840,-1
55841,-1
55842,-1
55843,-1
55844,-1
55845,-1
55846,2
55847,2
55848,3
55849,0
55850,-1
55851,-1
55852,-1
55853,-1
55854,-1
55855,-1
55856,-1
55857,-1
55858,-1
55859,-1
55860,2
55861,0
55862,-1
55863,-1
55864,-1
55865,-1
55866,-1
55867,-1
55868,-1
55869,-1
55870,-1
55871,-1
55872,-1
55873,-1
55874,-1
55875,-1
55876,-1
55877,-1
55878,-1
55879,-1
55880,-1
55881,-1
55882,-1
55883,-1
55884,-1
55885,-1
55886,3
55887,2
55888,-1
55889,-1
55890,-1
55891,-1
55892,-1
55893,-1
55894,-1
55895,-1
55896,3
55897,1
55898,-1
55899,-1
55900,-1
55901,-1
55902,-1
55903,-1
55904,-1
55905,-1
55906,-1
55907,-1
55908,-1
55909,-1
55910,2
55911,1
55912,-1
55913,-1
55914,-1
55915,-1
55916,-1
55917,-1
55918,2
55919,0
55920,-1
55921,-1
55922,-1
55923,-1
55924,-1
55925,-1
55926,-1
55927,-1
55928,1
55929,1
55930,2
55931,0
55932,2
55933,0
55934,-1
55935,-1
55936,-1
55937,-1
55938,-1
55939,-1
55940,-1
55941,-1
55942,-1
55943,-1
55944,-1
55945,-1
55946,-1
55947,-1
55948,3
55949,0
55950,2
55951,2
55952,-1
55953,-1
55954,-1
55955,-1
55956,-1
55957,-1
55958,-1
55959,-1
55960,-1
55961,-1
55962,-1
55963,-1
55964,-1
55965,-1
55966,-1
55967,-1
55968,-1
55969,-1
55970,-1
55971,-1
55972,3
55973,0
55974,1
55975,0
55976,1
55977,2
55978,-1
55979,-1
55980,-1
55981,-1
55982,-1
55983,-1
55984,1
55985,1
55986,-1
55987,-1
55988,1
55989,2
55990,-1
55991,-1
55992,-1
55993,-1
55994,-1
55995,-1
55996,-1
55997,-1
55998,-1
55999,-1
56000,1
56001,2
56002,-1
56003,-1
56004,-1
56005,-1
56006,3
56007,1
56008,-1
56009,-1
56010,2
56011,1
56012,-1
56013,-1
56014,-1
56015,-1
56016,-1
56017,-1
56018,-1
56019,-1
56020,-1
56021,-1
56022,-1
56023,-1
56024,-1
56025,-1
56026,1
56027,2
56028,-1
56029,-1
56030,-1
56031,-1
56032,-1
56033,-1
56034,-1
56035,-1
56036,1
56037,0
56038,-1
56039,-1
56040,1
56041,1
56042,-1
56043,-1
56044,-1
56045,-1
56046,-1
56047,-1
56048,-1
56049,-1
56050,-1
56051,-1
56052,2
56053,2
56054,-1
56055,-1
56056,-1
56057,-1
56058,1
56059,0
56060,-1
56061,-1
56062,-1
56063,-1
56064,-1
56065,-1
56066,-1
56067,-1
56068,-1
56069,-1
56070,-1
56071,-1
56072,-1
56073,-1
56074,-1
56075,-1
56076,-1
56077,-1
56078,-1
56079,-1
56080,3
56081,1
56082,-1
56083,-1
56084,1
56085,0
56086,-1
56087,-1
56088,2
56089,0
56090,3
56091,1
56092,3
56093,2
56094,-1
56095,-1
56096,1
56097,0
56098,-1
56099,-1
56100,-1
56101,-1
56102,-1
56103,-1
56104,-1
56105,-1
56106,2
56107,1
56108,-1
56109,-1
56110,-1
56111,-1
56112,-1
56113,-1
56114,-1
56115,-1
56116,-1
56117,-1
56118,2
56119,1
56120,-1
56121,-1
56122,2
56123,1
56124,-1
56125,-1
56126,2
56127,1
56128,-1
56129,-1
56130,-1
56131,-1
56132,-1
56133,-1
56134,3
56135,0
56136,-1
56137,-1
56138,-1
56139,-1
56140,-1
56141,-1
56142,3
56143,0
56144,-1
56145,-1
56146,3
56147,1
56148,3
56149,2
56150,1
56151,1
56152,-1
56153,-1
56154,-1
56155,-1
56156,-1
56157,-1
56158,-1
56159,-1
56160,1
56161,2
56162,3
56163,2
56164,-1
56165,-1
56166,-1
56167,-1
56168,3
56169,2
56170,-1
56171,-1
56172,1
56173,2
56174,1
56175,0
56176,-1
56177,-1
56178,-1
56179,-1
56180,1
56181,1
56182,2
56183,2
56184,3
56185,2
56186,-1
56187,-1
56188,-1
56189,-1
56190,-1
56191,-1
56192,-1
56193,-1
56194,-1
56195,-1
56196,-1
56197,-1
56198,-1
56199,-1
56200,-1
56201,-1
56202,-1
56203,-1
56204,-1
56205,-1
56206,-1
56207,-1
56208,3
56209,0
56210,2
56211,0
56212,2
56213,0
56214,-1
56215,-1
56216,-1
56217,-1
56218,3
56219,2
56220,-1
56221,-1
56222,2
56223,1
56224,-1
56225,-1
56226,1
56227,2
56228,-1
56229,-1
56230,-1
56231,-1
56232,-1
56233,-1
56234,2
56235,1
56236,-1
56237,-1
56238,-1
56239,-1
56240,3
56241,0
56242,-1
56243,-1
56244,2
56245,1
56246,-1
56247,-1
56248,-1
56249,-1
56250,-1
56251,-1
56252,-1
56253,-1
56254,-1
56255,-1
56256,1
56257,2
56258,-1
56259,-1
56260,-1
56261,-1
56262,-1
56263,-1
56264,-1
56265,-1
56266,-1
56267,-1
56268,-1
56269,-1
56270,-1
56271,-1
56272,-1
56273,-1
56274,-1
56275,-1
56276,-1
56277,-1
56278,-1
56279,-1
56280,3
56281,1
56282,-1
56283,-1
56284,-1
56285,-1
56286,2
56287,0
56288,-1
56289,-1
56290,-1
56291,-1
56292,3
56293,2
56294,-1
56295,-1
56296,-1
56297,-1
56298,-1
56299,-1
56300,-1
56301,-1
56302,-1
56303,-1
56304,-1
56305,-1
56306,3
56307,1
56308,1
56309,1
56310,-1
56311,-1
56312,-1
56313,-1
56314,1
56315,0
56316,-1
56317,-1
56318,-1
56319,-1
56320,-1
56321,-1
56322,2
56323,1
56324,-1
56325,-1
56326,-1
56327,-1
56328,2
56329,2
56330,2
56331,2
56332,-1
56333,-1
56334,2
56335,1
56336,1
56337,2
56338,-1
56339,-1
56340,-1
56341,-1
56342,-1
56343,-1
56344,-1
56345,-1
56346,-1
56347,-1
56348,-1
56349,-1
56350,-1
56351,-1
56352,-1
56353,-1
56354,-1
56355,-1
56356,-1
56357,-1
56358,3
56359,2
56360,-1
56361,-1
56362,-1
56363,-1
56364,-1
56365,-1
56366,-1
56367,-1
56368,-1
56369,-1
56370,1
56371,2
56372,1
56373,0
56374,2
56375,1
56376,-1
56377,-1
56378,-1
56379,-1
56380,1
56381,0
56382,1
56383,0
56384,1
56385,1
56386,-1
56387,-1
56388,-1
56389,-1
56390,1
56391,2
56392,-1
56393,-1
56394,3
56395,0
56396,1
56397,0
56398,-1
56399,-1
56400,1
56401,0
56402,1
56403,0
56404,-1
56405,-1
56406,-1
56407,-1
56408,3
56409,1
56410,-1
56411,-1
56412,3
56413,1
56414,2
56415,2
56416,-1
56417,-1
56418,-1
56419,-1
56420,2
56421,0
56422,-1
56423,-1
56424,1
56425,0
56426,-1
56427,-1
56428,-1
56429,-1
56430,-1
56431,-1
56432,-1
56433,-1
56434,1
56435,0
56436,-1
56437,-1
56438,-1
56439,-1
56440,-1
56441,-1
56442,-1
56443,-1
56444,-1
56445,-1
56446,-1
56447,-1
56448,-1
56449,-1
56450,-1
56451,-1
56452,-1
56453,-1
56454,2
56455,0
56456,-1
56457,-1
56458,-1
56459,-1
56460,-1
56461,-1
56462,-1
56463,-1
56464,-1
56465,-1
56466,-1
56467,-1
56468,-1
56469,-1
56470,-1
56471,-1
56472,3
56473,0
56474,-1
56475,-1
56476,-1
56477,-1
56478,-1
56479,-1
56480,-1
56481,-1
56482,-1
56483,-1
56484,-1
56485,-1
56486,-1
56487,-1
56488,3
56489,0
56490,3
56491,1
56492,-1
56493,-1
56494,2
56495,2
56496,-1
56497,-1
56498,-1
56499,-1
56500,-1
56501,-1
56502,-1
56503,-1
56504,-1
56505,-1
56506,-1
56507,-1
56508,2
56509,0
56510,3
56511,0
56512,-1
56513,-1
56514,-1
56515,-1
56516,-1
56517,-1
56518,-1
56519,-1
56520,3
56521,1
56522,-1
56523,-1
56524,-1
56525,-1
56526,1
56527,2
56528,2
56529,1
56530,-1
56531,-1
56532,-1
56533,-1
56534,-1
56535,-1
56536,-1
56537,-1
56538,-1
56539,-1
56540,-1
56541,-1
56542,-1
56543,-1
56544,-1
56545,-1
56546,-1
56547,-1
56548,3
56549,0
56550,-1
56551,-1
56552,-1
56553,-1
56554,-1
56555,-1
56556,2
56557,2
56558,-1
56559,-1
56560,-1
56561,-1
56562,-1
56563,-1
56564,-1
56565,-1
56566,-1
56567,-1
56568,-1
56569,-1
56570,-1
56571,-1
56572,-1
56573,-1
56574,-1
56575,-1
56576,-1
56577,-1
56578,2
56579,1
56580,-1
56581,-1
56582,-1
56583,-1
56584,-1
56585,-1
56586,-1
56587,-1
56588,-1
56589,-1
56590,-1
56591,-1
56592,-1
56593,-1
56594,3
56595,2
56596,-1
56597,-1
56598,2
56599,0
56600,-1
56601,-1
56602,2
56603,1
56604,-1
56605,-1
56606,3
56607,0
56608,-1
56609,-1
56610,-1
56611,-1
56612,-1
56613,-1
56614,3
56615,1
56616,-1
56617,-1
56618,1
56619,2
56620,-1
56621,-1
56622,-1
56623,-1
56624,-1
56625,-1
56626,-1
56627,-1
56628,-1
56629,-1
56630,-1
56631,-1
56632,-1
56633,-1
56634,-1
56635,-1
56636,-1
56637,-1
56638,-1
56639,-1
56640,-1
56641,-1
56642,-1
56643,-1
56644,-1
56645,-1
56646,-1
56647,-1
56648,-1
56649,-1
56650,-1
56651,-1
56652,3
56653,1
56654,-1
56655,-1
56656,-1
56657,-1
56658,-1
56659,-1
56660,-1
56661,-1
56662,-1
56663,-1
56664,-1
56665,-1
56666,-1
56667,-1
56668,2
56669,1
56670,-1
56671,-1
56672,-1
56673,-1
56674,-1
56675,-1
56676,-1
56677,-1
56678,-1
56679,-1
56680,-1
56681,-1
56682,-1
56683,-1
56684,-1
56685,-1
56686,2
56687,1
56688,2
56689,1
56690,-1
56691,-1
56692,-1
56693,-1
56694,-1
56695,-1
56696,1
56697,2
56698,-1
56699,-1
56700,-1
56701,-1
56702,1
56703,1
56704,-1
56705,-1
56706,-1
56707,-1
56708,-1
56709,-1
56710,-1
56711,-1
56712,-1
56713,-1
56714,3
56715,1
56716,1
56717,0
56718,2
56719,1
56720,2
56721,2
56722,-1
56723,-1
56724,-1
56725,-1
56726,-1
56727,-1
56728,-1
56729,-1
56730,-1
56731,-1
56732,-1
56733,-1
56734,3
56735,1
56736,-1
56737,-1
56738,1
56739,2
56740,-1
56741,-1
56742,-1
56743,-1
56744,-1
56745,-1
56746,-1
56747,-1
56748,-1
56749,-1
56750,-1
56751,-1
56752,3
56753,1
56754,-1
56755,-1
56756,-1
56757,-1
56758,-1
56759,-1
56760,-1
56761,-1
56762,3
56763,2
56764,-1
56765,-1
56766,-1
56767,-1
56768,3
56769,0
56770,-1
56771,-1
56772,-1
56773,-1
56774,-1
56775,-1
56776,-1
56777,-1
56778,1
56779,2
56780,2
56781,2
56782,-1
56783,-1
56784,1
56785,0
56786,-1
56787,-1
56788,-1
56789,-1
56790,-1
56791,-1
56792,-1
56793,-1
56794,1
56795,0
56796,-1
56797,-1
56798,-1
56799,-1
56800,3
56801,2
56802,-1
56803,-1
56804,-1
56805,-1
56806,-1
56807,-1
56808,-1
56809,-1
56810,2
56811,0
56812,1
56813,1
56814,-1
56815,-1
56816,-1
56817,-1
56818,1
56819,0
56820,-1
56821,-1
56822,-1
56823,-1
56824,1
56825,1
56826,-1
56827,-1
56828,1
56829,0
56830,-1
56831,-1
56832,-1
56833,-1
56834,-1
56835,-1
56836,-1
56837,-1
56838,-1
56839,-1
56840,-1
56841,-1
56842,-1
56843,-1
56844,-1
56845,-1
56846,-1
56847,-1
56848,-1
56849,-1
56850,2
56851,0
56852,-1
56853,-1
56854,-1
56855,-1
56856,2
56857,0
56858,-1
56859,-1
56860,-1
56861,-1
56862,-1
56863,-1
56864,-1
56865,-1
56866,-1
56867,-1
56868,-1
56869,-1
56870,-1
56871,-1
56872,-1
56873,-1
56874,1
56875,2
56876,-1
56877,-1
56878,-1
56879,-1
56880,-1
56881,-1
56882,-1
56883,-1
56884,-1
56885,-1
56886,-1
56887,-1
56888,-1
56889,-1
56890,1
56891,1
56892,-1
56893,-1
56894,-1
56895,-1
56896,3
56897,1
56898,-1
56899,-1
56900,-1
56901,-1
56902,-1
56903,-1
56904,-1
56905,-1
56906,-1
56907,-1
56908,-1
56909,-1
56910,-1
56911,-1
56912,-1
56913,-1
56914,-1
56915,-1
56916,-1
56917,-1
56918,-1
56919,-1
56920,1
56921,0
56922,-1
56923,-1
56924,-1
56925,-1
56926,-1
56927,-1
56928,-1
56929,-1
56930,-1
56931,-1
56932,3
56933,0
56934,2
56935,1
56936,-1
56937,-1
56938,-1
56939,-1
56940,-1
56941,-1
56942,-1
56943,-1
56944,-1
56945,-1
56946,-1
56947,-1
56948,-1
56949,-1
56950,-1
56951,-1
56952,1
56953,1
56954,-1
56955,-1
56956,-1
56957,-1
56958,1
56959,1
56960,-1
56961,-1
56962,-1
56963,-1
56964,-1
56965,-1
56966,-1
56967,-1
56968,3
56969,0
56970,-1
56971,-1
56972,-1
56973,-1
56974,2
56975,1
56976,-1
56977,-1
56978,-1
56979,-1
56980,1
56981,1
56982,2
56983,2
56984,-1
56985,-1
56986,-1
56987,-1
56988,-1
56989,-1
56990,-1
56991,-1
56992,3
56993,0
56994,1
56995,2
56996,-1
56997,-1
56998,-1
56999,-1
57000,2
57001,2
57002,-1
57003,-1
57004,-1
57005,-1
57006,2
57007,0
57008,-1
57009,-1
57010,-1
57011,-1
57012,-1
57013,-1
57014,1
57015,0
57016,-1
57017,-1
57018,-1
57019,-1
57020,-1
57021,-1
57022,-1
57023,-1
57024,-1
57025,-1
57026,-1
57027,-1
57028,-1
57029,-1
57030,1
57031,0
57032,1
57033,0
57034,1
57035,0
57036,1
57037,1
57038,-1
57039,-1
57040,2
57041,1
57042,3
57043,2
57044,-1
57045,-1
57046,2
57047,0
57048,-1
57049,-1
57050,-1
57051,-1
57052,2
57053,0
57054,-1
57055,-1
57056,3
57057,1
57058,2
57059,1
57060,-1
57061,-1
57062,-1
57063,-1
57064,-1
57065,-1
57066,2
57067,2
57068,2
57069,1
57070,3
57071,2
57072,1
57073,0
57074,-1
57075,-1
57076,-1
57077,-1
57078,-1
57079,-1
57080,-1
57081,-1
57082,-1
57083,-1
57084,-1
57085,-1
57086,3
57087,0
57088,-1
57089,-1
57090,-1
57091,-1
57092,-1
57093,-1
57094,2
57095,2
57096,-1
57097,-1
57098,-1
57099,-1
57100,-1
57101,-1
57102,2
57103,2
57104,-1
57105,-1
57106,-1
57107,-1
57108,-1
57109,-1
57110,-1
57111,-1
57112,-1
57113,-1
57114,-1
57115,-1
57116,-1
57117,-1
57118,-1
57119,-1
57120,2
57121,2
57122,-1
57123,-1
57124,-1
57125,-1
57126,-1
57127,-1
57128,-1
57129,-1
57130,-1
57131,-1
57132,-1
57133,-1
57134,-1
57135,-1
57136,-1
57137,-1
57138,1
57139,0
57140,-1
57141,-1
57142,3
57143,2
57144,-1
57145,-1
57146,-1
57147,-1
57148,1
57149,0
57150,-1
57151,-1
57152,2
57153,0
57154,-1
57155,-1
57156,-1
57157,-1
57158,-1
57159,-1
57160,-1
57161,-1
57162,-1
57163,-1
57164,1
57165,0
57166,2
57167,1
57168,-1
57169,-1
57170,-1
57171,-1
57172,-1
57173,-1
57174,3
57175,2
57176,-1
57177,-1
57178,3
57179,0
57180,2
57181,1
57182,1
57183,0
57184,-1
57185,-1
57186,2
57187,1
57188,-1
57189,-1
57190,2
57191,0
57192,-1
57193,-1
57194,-1
57195,-1
57196,-1
57197,-1
57198,-1
57199,-1
57200,3
57201,0
57202,1
57203,2
57204,-1
57205,-1
57206,-1
57207,-1
57208,2
57209,0
57210,-1
57211,-1
57212,1
57213,0
57214,-1
57215,-1
57216,-1
57217,-1
57218,1
57219,1
57220,-1
57221,-1
57222,-1
57223,-1
57224,1
57225,1
57226,-1
57227,-1
57228,-1
57229,-1
57230,2
57231,1
57232,-1
57233,-1
57234,-1
57235,-1
57236,3
57237,1
57238,-1
57239,-1
57240,-1
57241,-1
57242,-1
57243,-1
57244,1
57245,1
57246,-1
57247,-1
57248,-1
57249,-1
57250,-1
57251,-1
57252,-1
57253,-1
57254,-1
57255,-1
57256,-1
57257,-1
57258,-1
57259,-1
57260,1
57261,2
57262,-1
57263,-1
57264,-1
57265,-1
57266,-1
57267,-1
57268,-1
57269,-1
57270,-1
57271,-1
57272,-1
57273,-1
57274,-1
57275,-1
57276,-1
57277,-1
57278,-1
57279,-1
57280,-1
57281,-1
57282,-1
57283,-1
57284,3
57285,0
57286,-1
57287,-1
57288,-1
57289,-1
57290,-1
57291,-1
57292,2
57293,0
57294,3
57295,0
57296,-1
57297,-1
57298,-1
57299,-1
57300,-1
57301,-1
57302,-1
57303,-1
57304,-1
57305,-1
57306,-1
57307,-1
57308,1
57309,2
57310,-1
57311,-1
57312,-1
57313,-1
57314,-1
57315,-1
57316,-1
57317,-1
57318,-1
57319,-1
57320,-1
57321,-1
57322,1
57323,1
57324,-1
57325,-1
57326,1
57327,1
57328,3
57329,1
57330,-1
57331,-1
57332,-1
57333,-1
57334,-1
57335,-1
57336,-1
57337,-1
57338,1
57339,1
57340,2
57341,1
57342,-1
57343,-1
57344,2
57345,0
57346,1
57347,1
57348,-1
57349,-1
57350,3
57351,2
57352,-1
57353,-1
57354,-1
57355,-1
57356,-1
57357,-1
57358,-1
57359,-1
57360,-1
57361,-1
57362,1
57363,1
57364,-1
57365,-1
57366,-1
57367,-1
57368,-1
57369,-1
57370,-1
57371,-1
57372,2
57373,2
57374,-1
57375,-1
57376,2
57377,2
57378,3
57379,1
57380,3
57381,1
57382,1
57383,1
57384,-1
57385,-1
57386,3
57387,0
57388,-1
57389,-1
57390,-1
57391,-1
57392,3
57393,2
57394,-1
57395,-1
57396,1
57397,0
57398,-1
57399,-1
57400,-1
57401,-1
57402,-1
57403,-1
57404,-1
57405,-1
57406,-1
57407,-1
57408,-1
57409,-1
57410,3
57411,2
57412,2
57413,0
57414,-1
57415,-1
57416,-1
57417,-1
57418,1
57419,1
57420,-1
57421,-1
57422,3
57423,0
57424,-1
57425,-1
57426,-1
57427,-1
57428,-1
57429,-1
57430,1
57431,2
57432,-1
57433,-1
57434,-1
57435,-1
57436,-1
57437,-1
57438,2
57439,2
57440,-1
57441,-1
57442,2
57443,2
57444,-1
57445,-1
57446,1
57447,1
57448,-1
57449,-1
57450,-1
57451,-1
57452,1
57453,1
57454,3
57455,2
57456,-1
57457,-1
57458,-1
57459,-1
57460,-1
57461,-1
57462,-1
57463,-1
57464,3
57465,0
57466,2
57467,1
57468,-1
57469,-1
57470,-1
57471,-1
57472,1
57473,0
57474,2
57475,2
57476,3
57477,0
57478,2
57479,0
57480,3
57481,2
57482,1
57483,2
57484,-1
57485,-1
57486,-1
57487,-1
57488,1
57489,0
57490,-1
57491,-1
57492,3
57493,0
57494,1
57495,1
57496,1
57497,0
57498,-1
57499,-1
57500,-1
57501,-1
57502,2
57503,2
57504,-1
57505,-1
57506,-1
57507,-1
57508,-1
57509,-1
57510,-1
57511,-1
57512,-1
57513,-1
57514,-1
57515,-1
57516,-1
57517,-1
57518,3
57519,1
57520,1
57521,1
57522,-1
57523,-1
57524,-1
57525,-1
57526,-1
57527,-1
57528,1
57529,1
57530,-1
57531,-1
57532,-1
57533,-1
57534,-1
57535,-1
57536,-1
57537,-1
57538,-1
57539,-1
57540,-1
57541,-1
57542,-1
57543,-1
57544,2
57545,0
57546,-1
57547,-1
57548,-1
57549,-1
57550,-1
57551,-1
57552,-1
57553,-1
57554,3
57555,0
57556,-1
57557,-1
57558,-1
57559,-1
57560,2
57561,2
57562,1
57563,2
57564,-1
57565,-1
57566,1
57567,0
57568,1
57569,2
57570,-1
57571,-1
57572,1
57573,0
57574,-1
57575,-1
57576,-1
57577,-1
57578,2
57579,0
57580,-1
57581,-1
57582,-1
57583,-1
57584,-1
57585,-1
57586,1
57587,2
57588,1
57589,2
57590,3
57591,2
57592,1
57593,2
57594,-1
57595,-1
57596,3
57597,1
57598,-1
57599,-1
57600,-1
57601,-1
57602,-1
57603,-1
57604,2
57605,1
57606,1
57607,2
57608,3
57609,1
57610,3
57611,1
57612,-1
57613,-1
57614,3
57615,2
57616,-1
57617,-1
57618,2
57619,0
57620,-1
57621,-1
57622,-1
57623,-1
57624,2
57625,2
57626,-1
57627,-1
57628,-1
57629,-1
57630,-1
57631,-1
57632,-1
57633,-1
57634,3
57635,0
57636,-1
57637,-1
57638,-1
57639,-1
57640,-1
57641,-1
57642,-1
57643,-1
57644,-1
57645,-1
57646,-1
57647,-1
57648,-1
57649,-1
57650,1
57651,0
57652,-1
57653,-1
57654,-1
57655,-1
57656,-1
57657,-1
57658,-1
57659,-1
57660,-1
57661,-1
57662,-1
57663,-1
57664,1
57665,0
57666,-1
57667,-1
57668,3
57669,1
57670,2
57671,1
57672,1
57673,2
57674,-1
57675,-1
57676,-1
57677,-1
57678,-1
57679,-1
57680,-1
57681,-1
57682,-1
57683,-1
57684,-1
57685,-1
57686,2
57687,2
57688,-1
57689,-1
57690,-1
57691,-1
57692,-1
57693,-1
57694,2
57695,0
57696,-1
57697,-1
57698,-1
57699,-1
57700,-1
57701,-1
57702,-1
57703,-1
57704,2
57705,1
57706,3
57707,2
57708,-1
57709,-1
57710,-1
57711,-1
57712,3
57713,0
57714,-1
57715,-1
57716,2
57717,0
57718,-1
57719,-1
57720,-1
57721,-1
57722,-1
57723,-1
57724,1
57725,1
57726,-1
57727,-1
57728,-1
57729,-1
57730,1
57731,1
57732,-1
57733,-1
57734,-1
57735,-1
57736,-1
57737,-1
57738,-1
57739,-1
57740,-1
57741,-1
57742,-1
57743,-1
57744,-1
57745,-1
57746,-1
57747,-1
57748,-1
57749,-1
57750,-1
57751,-1
57752,1
57753,1
57754,-1
57755,-1
57756,-1
57757,-1
57758,-1
57759,-1
57760,2
57761,1
57762,1
57763,0
57764,2
57765,1
57766,-1
57767,-1
57768,-1
57769,-1
57770,3
57771,0
57772,-1
57773,-1
57774,-1
57775,-1
57776,-1
57777,-1
57778,-1
57779,-1
57780,3
57781,1
57782,-1
57783,-1
57784,2
57785,0
57786,2
57787,1
57788,-1
57789,-1
57790,2
57791,1
57792,-1
57793,-1
57794,-1
57795,-1
57796,1
57797,1
57798,2
57799,1
57800,-1
57801,-1
57802,-1
57803,-1
57804,-1
57805,-1
57806,-1
57807,-1
57808,2
57809,0
57810,3
57811,1
57812,-1
57813,-1
57814,-1
57815,-1
57816,-1
57817,-1
57818,-1
57819,-1
57820,-1
57821,-1
57822,-1
57823,-1
57824,-1
57825,-1
57826,-1
57827,-1
57828,3
57829,1
57830,-1
57831,-1
57832,1
57833,0
57834,-1
57835,-1
57836,1
57837,0
57838,1
57839,2
57840,1
57841,1
57842,-1
57843,-1
57844,-1
57845,-1
57846,-1
57847,-1
57848,-1
57849,-1
57850,1
57851,1
57852,-1
57853,-1
57854,3
57855,1
57856,-1
57857,-1
57858,-1
57859,-1
57860,2
57861,0
57862,-1
57863,-1
57864,2
57865,1
57866,-1
57867,-1
57868,-1
57869,-1
57870,1
57871,0
57872,-1
57873,-1
57874,2
57875,0
57876,2
57877,2
57878,2
57879,2
57880,-1
57881,-1
57882,1
57883,2
57884,2
57885,0
57886,-1
57887,-1
57888,1
57889,0
57890,-1
57891,-1
57892,-1
57893,-1
57894,2
57895,1
57896,-1
57897,-1
57898,1
57899,0
57900,-1
57901,-1
57902,-1
57903,-1
57904,3
57905,2
57906,-1
57907,-1
57908,-1
57909,-1
57910,-1
57911,-1
57912,-1
57913,-1
57914,-1
57915,-1
57916,-1
57917,-1
57918,-1
57919,-1
57920,-1
57921,-1
57922,2
57923,2
57924,-1
57925,-1
57926,2
57927,0
57928,-1
57929,-1
57930,-1
57931,-1
57932,2
57933,1
57934,-1
57935,-1
57936,-1
57937,-1
57938,-1
57939,-1
57940,1
57941,0
57942,1
57943,0
57944,-1
57945,-1
57946,-1
57947,-1
57948,1
57949,2
57950,-1
57951,-1
57952,-1
57953,-1
57954,-1
57955,-1
57956,-1
57957,-1
57958,-1
57959,-1
57960,-1
57961,-1
57962,2
57963,1
57964,1
57965,1
57966,2
57967,1
57968,-1
57969,-1
57970,-1
57971,-1
57972,3
57973,0
57974,-1
57975,-1
57976,-1
57977,-1
57978,-1
57979,-1
57980,-1
57981,-1
57982,-1
57983,-1
57984,-1
57985,-1
57986,-1
57987,-1
57988,-1
57989,-1
57990,-1
57991,-1
57992,-1
57993,-1
57994,3
57995,2
57996,2
57997,0
57998,-1
57999,-1
58000,-1
58001,-1
58002,3
58003,2
58004,2
58005,0
58006,3
58007,1
58008,-1
58009,-1
58010,-1
58011,-1
58012,-1
58013,-1
58014,-1
58015,-1
58016,-1
58017,-1
58018,-1
58019,-1
58020,-1
58021,-1
58022,1
58023,2
58024,-1
58025,-1
58026,1
58027,0
58028,1
58029,0
58030,3
58031,1
58032,1
58033,2
58034,-1
58035,-1
58036,-1
58037,-1
58038,-1
58039,-1
58040,2
58041,0
58042,-1
58043,-1
58044,3
58045,1
58046,3
58047,1
58048,2
58049,1
58050,-1
58051,-1
58052,-1
58053,-1
58054,-1
58055,-1
58056,-1
58057,-1
58058,-1
58059,-1
58060,-1
58061,-1
58062,-1
58063,-1
58064,-1
58065,-1
58066,-1
58067,-1
58068,-1
58069,-1
58070,3
58071,2
58072,-1
58073,-1
58074,1
58075,0
58076,3
58077,0
58078,2
58079,1
58080,-1
58081,-1
58082,3
58083,0
58084,-1
58085,-1
58086,-1
58087,-1
58088,-1
58089,-1
58090,-1
58091,-1
58092,-1
58093,-1
58094,-1
58095,-1
58096,-1
58097,-1
58098,2
58099,1
58100,-1
58101,-1
58102,-1
58103,-1
58104,2
58105,2
58106,-1
58107,-1
58108,-1
58109,-1
58110,-1
58111,-1
58112,-1
58113,-1
58114,-1
58115,-1
58116,-1
58117,-1
58118,-1
58119,-1
58120,-1
58121,-1
58122,-1
58123,-1
58124,-1
58125,-1
58126,-1
58127,-1
58128,-1
58129,-1
58130,-1
58131,-1
58132,3
58133,2
58134,-1
58135,-1
58136,-1
58137,-1
58138,-1
58139,-1
58140,-1
58141,-1
58142,2
58143,1
58144,-1
58145,-1
58146,3
58147,1
58148,-1
58149,-1
58150,-1
58151,-1
58152,-1
58153,-1
58154,3
58155,2
58156,2
58157,1
58158,-1
58159,-1
58160,-1
58161,-1
58162,2
58163,1
58164,1
58165,1
58166,-1
58167,-1
58168,3
58169,0
58170,3
58171,2
58172,-1
58173,-1
58174,-1
58175,-1
58176,-1
58177,-1
58178,-1
58179,-1
58180,-1
58181,-1
58182,-1
58183,-1
58184,2
58185,0
58186,-1
58187,-1
58188,-1
58189,-1
58190,2
58191,2
58192,-1
58193,-1
58194,-1
58195,-1
58196,-1
58197,-1
58198,-1
58199,-1
58200,-1
58201,-1
58202,-1
58203,-1
58204,-1
58205,-1
58206,-1
58207,-1
58208,-1
58209,-1
58210,3
58211,1
58212,-1
58213,-1
58214,-1
58215,-1
58216,-1
58217,-1
58218,-1
58219,-1
58220,3
58221,0
58222,3
58223,1
58224,-1
58225,-1
58226,-1
58227,-1
58228,-1
58229,-1
58230,-1
58231,-1
58232,-1
58233,-1
58234,1
58235,1
58236,-1
58237,-1
58238,-1
58239,-1
58240,1
58241,2
58242,-1
58243,-1
58244,-1
58245,-1
58246,-1
58247,-1
58248,-1
58249,-1
58250,2
58251,2
58252,-1
58253,-1
58254,-1
58255,-1
58256,-1
58257,-1
58258,-1
58259,-1
58260,-1
58261,-1
58262,2
58263,0
58264,2
58265,2
58266,2
58267,1
58268,-1
58269,-1
58270,-1
58271,-1
58272,-1
58273,-1
58274,1
58275,1
58276,-1
58277,-1
58278,-1
58279,-1
58280,-1
58281,-1
58282,-1
58283,-1
58284,3
58285,2
58286,2
58287,2
58288,3
58289,0
58290,-1
58291,-1
58292,-1
58293,-1
58294,-1
58295,-1
58296,3
58297,2
58298,-1
58299,-1
58300,-1
58301,-1
58302,1
58303,1
58304,-1
58305,-1
58306,1
58307,0
58308,3
58309,0
58310,1
58311,1
58312,-1
58313,-1
58314,3
58315,1
58316,1
58317,2
58318,-1
58319,-1
58320,-1
58321,-1
58322,1
58323,1
58324,-1
58325,-1
58326,-1
58327,-1
58328,1
58329,0
58330,-1
58331,-1
58332,-1
58333,-1
58334,-1
58335,-1
58336,-1
58337,-1
58338,-1
58339,-1
58340,-1
58341,-1
58342,-1
58343,-1
58344,-1
58345,-1
58346,-1
58347,-1
58348,-1
58349,-1
58350,-1
58351,-1
58352,-1
58353,-1
58354,-1
58355,-1
58356,-1
58357,-1
58358,-1
58359,-1
58360,-1
58361,-1
58362,-1
58363,-1
58364,-1
58365,-1
58366,-1
58367,-1
58368,-1
58369,-1
58370,-1
58371,-1
58372,-1
58373,-1
58374,-1
58375,-1
58376,-1
58377,-1
58378,2
58379,1
58380,-1
58381,-1
58382,2
58383,0
58384,-1
58385,-1
58386,-1
58387,-1
58388,-1
58389,-1
58390,2
58391,0
58392,-1
58393,-1
58394,-1
58395,-1
58396,-1
58397,-1
58398,-1
58399,-1
58400,-1
58401,-1
58402,3
58403,0
58404,-1
58405,-1
58406,1
58407,0
58408,3
58409,2
58410,-1
58411,-1
58412,-1
58413,-1
58414,-1
58415,-1
58416,2
58417,2
58418,-1
58419,-1
58420,-1
58421,-1
58422,2
58423,2
58424,-1
58425,-1
58426,1
58427,1
58428,-1
58429,-1
58430,3
58431,1
58432,2
58433,2
58434,2
58435,0
58436,-1
58437,-1
58438,3
58439,1
58440,-1
58441,-1
58442,-1
58443,-1
58444,-1
58445,-1
58446,-1
58447,-1
58448,-1
58449,-1
58450,-1
58451,-1
58452,-1
58453,-1
58454,-1
58455,-1
58456,-1
58457,-1
58458,-1
58459,-1
58460,-1
58461,-1
58462,2
58463,1
58464,3
58465,1
58466,-1
58467,-1
58468,-1
58469,-1
58470,1
58471,0
58472,-1
58473,-1
58474,-1
58475,-1
58476,-1
58477,-1
58478,-1
58479,-1
58480,-1
58481,-1
58482,-1
58483,-1
58484,-1
58485,-1
58486,-1
58487,-1
58488,-1
58489,-1
58490,-1
58491,-1
58492,-1
58493,-1
58494,-1
58495,-1
58496,-1
58497,-1
58498,1
58499,2
58500,-1
58501,-1
58502,-1
58503,-1
58504,-1
58505,-1
58506,-1
58507,-1
58508,-1
58509,-1
58510,-1
58511,-1
58512,-1
58513,-1
58514,-1
58515,-1
58516,-1
58517,-1
58518,-1
58519,-1
58520,2
58521,2
58522,-1
58523,-1
58524,2
58525,1
58526,-1
58527,-1
58528,-1
58529,-1
58530,-1
58531,-1
58532,-1
58533,-1
58534,-1
58535,-1
58536,1
58537,1
58538,-1
58539,-1
58540,-1
58541,-1
58542,-1
58543,-1
58544,2
58545,2
58546,1
58547,2
58548,-1
58549,-1
58550,2
58551,1
58552,2
58553,0
58554,-1
58555,-1
58556,-1
58557,-1
58558,-1
58559,-1
58560,-1
58561,-1
58562,-1
58563,-1
58564,3
58565,1
58566,-1
58567,-1
58568,-1
58569,-1
58570,-1
58571,-1
58572,-1
58573,-1
58574,3
58575,0
58576,-1
58577,-1
58578,-1
58579,-1
58580,-1
58581,-1
58582,-1
58583,-1
58584,-1
58585,-1
58586,-1
58587,-1
58588,-1
58589,-1
58590,2
58591,1
58592,-1
58593,-1
58594,2
58595,0
58596,-1
58597,-1
58598,-1
58599,-1
58600,3
58601,0
58602,-1
58603,-1
58604,-1
58605,-1
58606,-1
58607,-1
58608,-1
58609,-1
58610,-1
58611,-1
58612,-1
58613,-1
58614,-1
58615,-1
58616,-1
58617,-1
58618,1
58619,1
58620,-1
58621,-1
58622,-1
58623,-1
58624,-1
58625,-1
58626,-1
58627,-1
58628,-1
58629,-1
58630,-1
58631,-1
58632,-1
58633,-1
58634,-1
58635,-1
58636,-1
58637,-1
58638,-1
58639,-1
58640,1
58641,1
58642,1
58643,2
58644,1
58645,0
58646,-1
58647,-1
58648,-1
58649,-1
58650,-1
58651,-1
58652,-1
58653,-1
58654,-1
58655,-1
58656,-1
58657,-1
58658,-1
58659,-1
58660,-1
58661,-1
58662,-1
58663,-1
58664,3
58665,1
58666,-1
58667,-1
58668,-1
58669,-1
58670,1
58671,2
58672,-1
58673,-1
58674,1
58675,1
58676,1
58677,2
58678,3
58679,2
58680,-1
58681,-1
58682,-1
58683,-1
58684,3
58685,2
58686,-1
58687,-1
58688,-1
58689,-1
58690,2
58691,0
58692,-1
58693,-1
58694,-1
58695,-1
58696,-1
58697,-1
58698,-1
58699,-1
58700,-1
58701,-1
58702,-1
58703,-1
58704,-1
58705,-1
58706,-1
58707,-1
58708,-1
58709,-1
58710,-1
58711,-1
58712,-1
58713,-1
58714,-1
58715,-1
58716,-1
58717,-1
58718,-1
58719,-1
58720,-1
58721,-1
58722,-1
58723,-1
58724,-1
58725,-1
58726,-1
58727,-1
58728,-1
58729,-1
58730,-1
58731,-1
58732,-1
58733,-1
58734,-1
58735,-1
58736,-1
58737,-1
58738,-1
58739,-1
58740,-1
58741,-1
58742,-1
58743,-1
58744,-1
58745,-1
58746,-1
58747,-1
58748,1
58749,2
58750,2
58751,1
58752,1
58753,2
58754,-1
58755,-1
58756,3
58757,0
58758,-1
58759,-1
58760,-1
58761,-1
58762,-1
58763,-1
58764,-1
58765,-1
58766,-1
58767,-1
58768,-1
58769,-1
58770,1
58771,0
58772,-1
58773,-1
58774,-1
58775,-1
58776,1
58777,1
58778,-1
58779,-1
58780,-1
58781,-1
58782,-1
58783,-1
58784,1
58785,2
58786,-1
58787,-1
58788,-1
58789,-1
58790,-1
58791,-1
58792,1
58793,2
58794,2
58795,1
58796,3
58797,0
58798,2
58799,0
58800,-1
58801,-1
58802,2
58803,0
58804,2
58805,1
58806,1
58807,0
58808,-1
58809,-1
58810,-1
58811,-1
58812,-1
58813,-1
58814,-1
58815,-1
58816,-1
58817,-1
58818,1
58819,1
58820,-1
58821,-1
58822,-1
58823,-1
58824,-1
58825,-1
58826,-1
58827,-1
58828,-1
58829,-1
58830,-1
58831,-1
58832,-1
58833,-1
58834,-1
58835,-1
58836,-1
58837,-1
58838,-1
58839,-1
58840,-1
58841,-1
58842,-1
58843,-1
58844,-1
58845,-1
58846,-1
58847,-1
58848,-1
58849,-1
58850,-1
58851,-1
58852,-1
58853,-1
58854,-1
58855,-1
58856,-1
58857,-1
58858,-1
58859,-1
58860,-1
58861,-1
58862,-1
58863,-1
58864,-1
58865,-1
58866,1
58867,2
58868,-1
58869,-1
58870,1
58871,1
58872,-1
58873,-1
58874,-1
58875,-1
58876,-1
58877,-1
58878,-1
58879,-1
58880,-1
58881,-1
58882,-1
58883,-1
58884,-1
58885,-1
58886,-1
58887,-1
58888,-1
58889,-1
58890,-1
58891,-1
58892,2
58893,2
58894,-1
58895,-1
58896,2
58897,1
58898,3
58899,2
58900,-1
58901,-1
58902,1
58903,1
58904,-1
58905,-1
58906,1
58907,1
58908,-1
58909,-1
58910,-1
58911,-1
58912,-1
58913,-1
58914,-1
58915,-1
58916,-1
58917,-1
58918,-1
58919,-1
58920,2
58921,0
58922,-1
58923,-1
58924,1
58925,1
58926,-1
58927,-1
58928,1
58929,1
58930,1
58931,0
58932,-1
58933,-1
58934,-1
58935,-1
58936,2
58937,2
58938,-1
58939,-1
58940,-1
58941,-1
58942,1
58943,1
58944,1
58945,0
58946,2
58947,1
58948,2
58949,0
58950,-1
58951,-1
58952,1
58953,0
58954,3
58955,0
58956,-1
58957,-1
58958,3
58959,0
58960,-1
58961,-1
58962,-1
58963,-1
58964,-1
58965,-1
58966,-1
58967,-1
58968,-1
58969,-1
58970,1
58971,1
58972,-1
58973,-1
58974,1
58975,0
58976,-1
58977,-1
58978,-1
58979,-1
58980,-1
58981,-1
58982,-1
58983,-1
58984,-1
58985,-1
58986,-1
58987,-1
58988,-1
58989,-1
58990,-1
58991,-1
58992,-1
58993,-1
58994,1
58995,2
58996,-1
58997,-1
58998,3
58999,0
59000,-1
59001,-1
59002,-1
59003,-1
59004,-1
59005,-1
59006,2
59007,2
59008,1
59009,2
59010,-1
59011,-1
59012,-1
59013,-1
59014,-1
59015,-1
59016,2
59017,2
59018,-1
59019,-1
59020,-1
59021,-1
59022,3
59023,0
59024,-1
59025,-1
59026,3
59027,1
59028,-1
59029,-1
59030,-1
59031,-1
59032,-1
59033,-1
59034,-1
59035,-1
59036,-1
59037,-1
59038,3
59039,1
59040,1
59041,1
59042,2
59043,0
59044,1
59045,2
59046,2
59047,0
59048,2
59049,2
59050,3
59051,1
59052,3
59053,0
59054,-1
59055,-1
59056,-1
59057,-1
59058,2
59059,0
59060,-1
59061,-1
59062,-1
59063,-1
59064,-1
59065,-1
59066,-1
59067,-1
59068,-1
59069,-1
59070,3
59071,2
59072,-1
59073,-1
59074,-1
59075,-1
59076,-1
59077,-1
59078,-1
59079,-1
59080,3
59081,1
59082,-1
59083,-1
59084,1
59085,1
59086,-1
59087,-1
59088,-1
59089,-1
59090,-1
59091,-1
59092,3
59093,0
59094,1
59095,1
59096,-1
59097,-1
59098,1
59099,2
59100,2
59101,0
59102,2
59103,0
59104,2
59105,0
59106,-1
59107,-1
59108,3
59109,2
59110,-1
59111,-1
59112,1
59113,0
59114,-1
59115,-1
59116,-1
59117,-1
59118,-1
59119,-1
59120,-1
59121,-1
59122,3
59123,1
59124,-1
59125,-1
59126,-1
59127,-1
59128,-1
59129,-1
59130,2
59131,1
59132,3
59133,2
59134,-1
59135,-1
59136,-1
59137,-1
59138,1
59139,1
59140,-1
59141,-1
59142,-1
59143,-1
59144,2
59145,1
59146,-1
59147,-1
59148,-1
59149,-1
59150,-1
59151,-1
59152,-1
59153,-1
59154,-1
59155,-1
59156,-1
59157,-1
59158,1
59159,2
59160,-1
59161,-1
59162,-1
59163,-1
59164,2
59165,2
59166,2
59167,1
59168,-1
59169,-1
59170,-1
59171,-1
59172,-1
59173,-1
59174,-1
59175,-1
59176,-1
59177,-1
59178,-1
59179,-1
59180,-1
59181,-1
59182,-1
59183,-1
59184,-1
59185,-1
59186,3
59187,1
59188,-1
59189,-1
59190,-1
59191,-1
59192,-1
59193,-1
59194,-1
59195,-1
59196,-1
59197,-1
59198,1
59199,1
59200,-1
59201,-1
59202,2
59203,0
59204,1
59205,1
59206,-1
59207,-1
59208,-1
59209,-1
59210,2
59211,0
59212,-1
59213,-1
59214,-1
59215,-1
59216,-1
59217,-1
59218,-1
59219,-1
59220,3
59221,0
59222,-1
59223,-1
59224,-1
59225,-1
59226,-1
59227,-1
59228,3
59229,1
59230,-1
59231,-1
59232,-1
59233,-1
59234,-1
59235,-1
59236,2
59237,2
59238,2
59239,2
59240,-1
59241,-1
59242,-1
59243,-1
59244,2
59245,2
59246,2
59247,0
59248,3
59249,2
59250,-1
59251,-1
59252,-1
59253,-1
59254,-1
59255,-1
59256,-1
59257,-1
59258,-1
59259,-1
59260,-1
59261,-1
59262,-1
59263,-1
59264,3
59265,0
59266,-1
59267,-1
59268,-1
59269,-1
59270,-1
59271,-1
59272,3
59273,1
59274,3
59275,0
59276,2
59277,2
59278,2
59279,0
59280,-1
59281,-1
59282,-1
59283,-1
59284,-1
59285,-1
59286,-1
59287,-1
59288,-1
59289,-1
59290,1
59291,2
59292,1
59293,1
59294,2
59295,0
59296,3
59297,2
59298,3
59299,0
59300,-1
59301,-1
59302,-1
59303,-1
59304,-1
59305,-1
59306,-1
59307,-1
59308,-1
59309,-1
59310,3
59311,2
59312,-1
59313,-1
59314,1
59315,1
59316,-1
59317,-1
59318,-1
59319,-1
59320,-1
59321,-1
59322,-1
59323,-1
59324,3
59325,0
59326,-1
59327,-1
59328,3
59329,1
59330,-1
59331,-1
59332,1
59333,0
59334,-1
59335,-1
59336,1
59337,0
59338,-1
59339,-1
59340,-1
59341,-1
59342,-1
59343,-1
59344,-1
59345,-1
59346,-1
59347,-1
59348,1
59349,2
59350,-1
59351,-1
59352,-1
59353,-1
59354,3
59355,1
59356,-1
59357,-1
59358,-1
59359,-1
59360,-1
59361,-1
59362,-1
59363,-1
59364,-1
59365,-1
59366,-1
59367,-1
59368,-1
59369,-1
59370,-1
59371,-1
59372,-1
59373,-1
59374,-1
59375,-1
59376,-1
59377,-1
59378,-1
59379,-1
59380,-1
59381,-1
59382,-1
59383,-1
59384,1
59385,2
59386,-1
59387,-1
59388,-1
59389,-1
59390,-1
59391,-1
59392,-1
59393,-1
59394,-1
59395,-1
59396,-1
59397,-1
59398,-1
59399,-1
59400,1
59401,1
59402,-1
59403,-1
59404,2
59405,1
59406,-1
59407,-1
59408,-1
59409,-1
59410,-1
59411,-1
59412,-1
59413,-1
59414,2
59415,2
59416,2
59417,2
59418,2
59419,0
59420,-1
59421,-1
59422,-1
59423,-1
59424,-1
59425,-1
59426,2
59427,1
59428,-1
59429,-1
59430,-1
59431,-1
59432,-1
59433,-1
59434,-1
59435,-1
59436,2
59437,2
59438,-1
59439,-1
59440,-1
59441,-1
59442,-1
59443,-1
59444,-1
59445,-1
59446,1
59447,1
59448,-1
59449,-1
59450,2
59451,1
59452,-1
59453,-1
59454,-1
59455,-1
59456,1
59457,0
59458,-1
59459,-1
59460,-1
59461,-1
59462,2
59463,0
59464,2
59465,2
59466,-1
59467,-1
59468,-1
59469,-1
59470,-1
59471,-1
59472,-1
59473,-1
59474,1
59475,1
59476,1
59477,2
59478,3
59479,2
59480,-1
59481,-1
59482,-1
59483,-1
59484,-1
59485,-1
59486,-1
59487,-1
59488,-1
59489,-1
59490,1
59491,2
59492,3
59493,2
59494,-1
59495,-1
59496,1
59497,1
59498,3
59499,2
59500,1
59501,0
59502,-1
59503,-1
59504,1
59505,0
59506,-1
59507,-1
59508,2
59509,0
59510,-1
59511,-1
59512,-1
59513,-1
59514,-1
59515,-1
59516,1
59517,0
59518,-1
59519,-1
59520,-1
59521,-1
59522,-1
59523,-1
59524,1
59525,0
59526,-1
59527,-1
59528,-1
59529,-1
59530,-1
59531,-1
59532,-1
59533,-1
59534,-1
59535,-1
59536,-1
59537,-1
59538,3
59539,0
59540,-1
59541,-1
59542,2
59543,0
59544,-1
59545,-1
59546,-1
59547,-1
59548,3
59549,1
59550,1
59551,1
59552,-1
59553,-1
59554,-1
59555,-1
59556,-1
59557,-1
59558,-1
59559,-1
59560,-1
59561,-1
59562,2
59563,1
59564,1
59565,2
59566,3
59567,2
59568,1
59569,2
59570,-1
59571,-1
59572,-1
59573,-1
59574,-1
59575,-1
59576,1
59577,0
59578,2
59579,2
59580,-1
59581,-1
59582,-1
59583,-1
59584,3
59585,2
59586,3
59587,0
59588,3
59589,2
59590,-1
59591,-1
59592,-1
59593,-1
59594,-1
59595,-1
59596,-1
59597,-1
59598,2
59599,0
59600,2
59601,1
59602,-1
59603,-1
59604,-1
59605,-1
59606,-1
59607,-1
59608,-1
59609,-1
59610,-1
59611,-1
59612,-1
59613,-1
59614,-1
59615,-1
59616,-1
59617,-1
59618,-1
59619,-1
59620,-1
59621,-1
59622,-1
59623,-1
59624,-1
59625,-1
59626,-1
59627,-1
59628,-1
59629,-1
59630,-1
59631,-1
59632,-1
59633,-1
59634,1
59635,2
59636,3
59637,2
59638,-1
59639,-1
59640,-1
59641,-1
59642,2
59643,2
59644,-1
59645,-1
59646,-1
59647,-1
59648,-1
59649,-1
59650,-1
59651,-1
59652,3
59653,2
59654,-1
59655,-1
59656,-1
59657,-1
59658,-1
59659,-1
59660,2
59661,0
59662,-1
59663,-1
59664,-1
59665,-1
59666,-1
59667,-1
59668,-1
59669,-1
59670,3
59671,0
59672,-1
59673,-1
59674,2
59675,2
59676,-1
59677,-1
59678,-1
59679,-1
59680,-1
59681,-1
59682,-1
59683,-1
59684,-1
59685,-1
59686,-1
59687,-1
59688,-1
59689,-1
59690,1
59691,1
59692,-1
59693,-1
59694,1
59695,2
59696,1
59697,2
59698,-1
59699,-1
59700,1
59701,2
59702,-1
59703,-1
59704,-1
59705,-1
59706,2
59707,1
59708,-1
59709,-1
59710,-1
59711,-1
59712,-1
59713,-1
59714,-1
59715,-1
59716,-1
59717,-1
59718,-1
59719,-1
59720,-1
59721,-1
59722,1
59723,2
59724,-1
59725,-1
59726,2
59727,2
59728,-1
59729,-1
59730,3
59731,1
59732,-1
59733,-1
59734,-1
59735,-1
59736,-1
59737,-1
59738,1
59739,0
59740,2
59741,1
59742,-1
59743,-1
59744,-1
59745,-1
59746,-1
59747,-1
59748,-1
59749,-1
59750,-1
59751,-1
59752,-1
59753,-1
59754,-1
59755,-1
59756,-1
59757,-1
59758,-1
59759,-1
59760,-1
59761,-1
59762,3
59763,2
59764,-1
59765,-1
59766,-1
59767,-1
59768,-1
59769,-1
59770,-1
59771,-1
59772,-1
59773,-1
59774,-1
59775,-1
59776,-1
59777,-1
59778,-1
59779,-1
59780,2
59781,1
59782,3
59783,0
59784,2
59785,0
59786,-1
59787,-1
59788,-1
59789,-1
59790,-1
59791,-1
59792,-1
59793,-1
59794,-1
59795,-1
59796,-1
59797,-1
59798,-1
59799,-1
59800,2
59801,1
59802,-1
59803,-1
59804,-1
59805,-1
59806,-1
59807,-1
59808,2
59809,0
59810,-1
59811,-1
59812,-1
59813,-1
59814,-1
59815,-1
59816,-1
59817,-1
59818,3
59819,2
59820,1
59821,1
59822,-1
59823,-1
59824,3
59825,1
59826,-1
59827,-1
59828,-1
59829,-1
59830,2
59831,2
59832,3
59833,0
59834,-1
59835,-1
59836,-1
59837,-1
59838,2
59839,0
59840,-1
59841,-1
59842,2
59843,0
59844,-1
59845,-1
59846,-1
59847,-1
59848,3
59849,2
59850,-1
59851,-1
59852,-1
59853,-1
59854,3
59855,2
59856,1
59857,2
59858,-1
59859,-1
59860,-1
59861,-1
59862,-1
59863,-1
59864,-1
59865,-1
59866,-1
59867,-1
59868,3
59869,1
59870,-1
59871,-1
59872,3
59873,1
59874,-1
59875,-1
59876,2
59877,1
59878,-1
59879,-1
59880,-1
59881,-1
59882,-1
59883,-1
59884,-1
59885,-1
59886,-1
59887,-1
59888,-1
59889,-1
59890,-1
59891,-1
59892,-1
59893,-1
59894,3
59895,0
59896,-1
59897,-1
59898,3
59899,2
59900,2
59901,2
59902,3
59903,0
59904,-1
59905,-1
59906,-1
59907,-1
59908,-1
59909,-1
59910,1
59911,0
59912,-1
59913,-1
59914,-1
59915,-1
59916,-1
59917,-1
59918,-1
59919,-1
59920,2
59921,1
59922,-1
59923,-1
59924,-1
59925,-1
59926,-1
59927,-1
59928,-1
59929,-1
59930,-1
59931,-1
59932,-1
59933,-1
59934,-1
59935,-1
59936,-1
59937,-1
59938,-1
59939,-1
59940,-1
59941,-1
59942,2
59943,1
59944,-1
59945,-1
59946,-1
59947,-1
59948,-1
59949,-1
59950,-1
59951,-1
59952,-1
59953,-1
59954,-1
59955,-1
59956,-1
59957,-1
59958,-1
59959,-1
59960,-1
59961,-1
59962,-1
59963,-1
59964,-1
59965,-1
59966,3
59967,1
59968,-1
59969,-1
59970,-1
59971,-1
59972,-1
59973,-1
59974,-1
59975,-1
59976,2
59977,0
59978,3
59979,2
59980,-1
59981,-1
59982,-1
59983,-1
59984,-1
59985,-1
59986,-1
59987,-1
59988,-1
59989,-1
59990,-1
59991,-1
59992,2
59993,1
59994,-1
59995,-1
59996,2
59997,0
59998,-1
59999,-1
60000,-1
60001,-1
60002,-1
60003,-1
60004,-1
60005,-1
60006,-1
60007,-1
60008,-1
60009,-1
60010,-1
60011,-1
60012,-1
60013,-1
60014,-1
60015,-1
60016,-1
60017,-1
60018,-1
60019,-1
60020,2
60021,2
60022,-1
60023,-1
60024,-1
60025,-1
60026,-1
60027,-1
60028,-1
60029,-1
60030,-1
60031,-1
60032,-1
60033,-1
60034,-1
60035,-1
60036,3
60037,2
60038,-1
60039,-1
60040,-1
60041,-1
60042,1
60043,2
60044,-1
60045,-1
60046,-1
60047,-1
60048,-1
60049,-1
60050,1
60051,1
60052,-1
60053,-1
60054,-1
60055,-1
60056,-1
60057,-1
60058,-1
60059,-1
60060,-1
60061,-1
60062,-1
60063,-1
60064,-1
60065,-1
60066,-1
60067,-1
60068,-1
60069,-1
60070,2
60071,1
60072,1
60073,1
60074,-1
60075,-1
60076,-1
60077,-1
60078,-1
60079,-1
60080,-1
60081,-1
60082,-1
60083,-1
60084,3
60085,1
60086,1
60087,2
60088,2
60089,2
60090,-1
60091,-1
60092,-1
60093,-1
60094,-1
60095,-1
60096,-1
60097,-1
60098,-1
60099,-1
60100,3
60101,0
60102,2
60103,1
60104,-1
60105,-1
60106,-1
60107,-1
60108,-1
60109,-1
60110,-1
60111,-1
60112,1
60113,2
60114,-1
60115,-1
60116,-1
60117,-1
60118,-1
60119,-1
60120,1
60121,2
60122,-1
60123,-1
60124,-1
60125,-1
60126,-1
60127,-1
60128,2
60129,1
60130,-1
60131,-1
60132,-1
60133,-1
60134,-1
60135,-1
60136,-1
60137,-1
60138,-1
60139,-1
60140,-1
60141,-1
60142,-1
60143,-1
60144,1
60145,0
60146,-1
60147,-1
60148,-1
60149,-1
60150,-1
60151,-1
60152,-1
60153,-1
60154,-1
60155,-1
60156,-1
60157,-1
60158,3
60159,2
60160,-1
60161,-1
60162,3
60163,0
60164,-1
60165,-1
60166,-1
60167,-1
60168,-1
60169,-1
60170,-1
60171,-1
60172,-1
60173,-1
60174,2
60175,2
60176,-1
60177,-1
60178,-1
60179,-1
60180,-1
60181,-1
60182,-1
60183,-1
60184,-1
60185,-1
60186,-1
60187,-1
60188,-1
60189,-1
60190,-1
60191,-1
60192,-1
60193,-1
60194,-1
60195,-1
60196,-1
60197,-1
60198,-1
60199,-1
60200,-1
60201,-1
60202,-1
60203,-1
60204,-1
60205,-1
60206,-1
60207,-1
60208,-1
60209,-1
60210,2
60211,1
60212,-1
60213,-1
60214,-1
60215,-1
60216,-1
60217,-1
60218,-1
60219,-1
60220,-1
60221,-1
60222,-1
60223,-1
60224,-1
60225,-1
60226,-1
60227,-1
60228,-1
60229,-1
60230,3
60231,1
60232,1
60233,1
60234,2
60235,0
60236,-1
60237,-1
60238,-1
60239,-1
60240,-1
60241,-1
60242,-1
60243,-1
60244,1
60245,1
60246,-1
60247,-1
60248,-1
60249,-1
60250,-1
60251,-1
60252,-1
60253,-1
60254,-1
60255,-1
60256,-1
60257,-1
60258,-1
60259,-1
60260,1
60261,0
60262,-1
60263,-1
60264,-1
60265,-1
60266,2
60267,1
60268,-1
60269,-1
60270,-1
60271,-1
60272,-1
60273,-1
60274,-1
60275,-1
60276,-1
60277,-1
60278,-1
60279,-1
60280,-1
60281,-1
60282,-1
60283,-1
60284,2
60285,0
60286,3
60287,0
60288,2
60289,2
60290,-1
60291,-1
60292,-1
60293,-1
60294,-1
60295,-1
60296,-1
60297,-1
60298,-1
60299,-1
60300,-1
60301,-1
60302,3
60303,2
60304,3
60305,2
60306,1
60307,1
60308,-1
60309,-1
60310,-1
60311,-1
60312,-1
60313,-1
60314,-1
60315,-1
60316,-1
60317,-1
60318,-1
60319,-1
60320,-1
60321,-1
60322,-1
60323,-1
60324,-1
60325,-1
60326,-1
60327,-1
60328,-1
60329,-1
60330,-1
60331,-1
60332,-1
60333,-1
60334,-1
60335,-1
60336,2
60337,2
60338,-1
60339,-1
60340,-1
60341,-1
60342,1
60343,0
60344,-1
60345,-1
60346,-1
60347,-1
60348,-1
60349,-1
60350,-1
60351,-1
60352,-1
60353,-1
60354,-1
60355,-1
60356,1
60357,0
60358,-1
60359,-1
60360,3
60361,2
60362,-1
60363,-1
60364,1
60365,1
60366,3
60367,1
60368,1
60369,2
60370,-1
60371,-1
60372,1
60373,2
60374,-1
60375,-1
60376,-1
60377,-1
60378,-1
60379,-1
60380,-1
60381,-1
60382,-1
60383,-1
60384,-1
60385,-1
60386,2
60387,2
60388,-1
60389,-1
60390,-1
60391,-1
60392,-1
60393,-1
60394,-1
60395,-1
60396,-1
60397,-1
60398,-1
60399,-1
60400,-1
60401,-1
60402,-1
60403,-1
60404,-1
60405,-1
60406,-1
60407,-1
60408,-1
60409,-1
60410,-1
60411,-1
60412,-1
60413,-1
60414,-1
60415,-1
60416,-1
60417,-1
60418,-1
60419,-1
60420,-1
60421,-1
60422,-1
60423,-1
60424,-1
60425,-1
60426,-1
60427,-1
60428,1
60429,0
60430,-1
60431,-1
60432,-1
60433,-1
60434,-1
60435,-1
60436,-1
60437,-1
60438,-1
60439,-1
60440,-1
60441,-1
60442,-1
60443,-1
60444,-1
60445,-1
60446,-1
60447,-1
60448,-1
60449,-1
60450,-1
60451,-1
60452,-1
60453,-1
60454,-1
60455,-1
60456,3
60457,0
60458,-1
60459,-1
60460,2
60461,1
60462,-1
60463,-1
60464,2
60465,2
60466,-1
60467,-1
60468,-1
60469,-1
60470,-1
60471,-1
60472,-1
60473,-1
60474,-1
60475,-1
60476,2
60477,0
60478,-1
60479,-1
60480,-1
60481,-1
60482,-1
60483,-1
60484,2
60485,0
60486,2
60487,2
60488,-1
60489,-1
60490,-1
60491,-1
60492,1
60493,2
60494,-1
60495,-1
60496,-1
60497,-1
60498,-1
60499,-1
60500,-1
60501,-1
60502,-1
60503,-1
60504,-1
60505,-1
60506,2
60507,1
60508,-1
60509,-1
60510,-1
60511,-1
60512,1
60513,2
60514,-1
60515,-1
60516,1
60517,1
60518,-1
60519,-1
60520,2
60521,1
60522,-1
60523,-1
60524,3
60525,1
60526,-1
60527,-1
60528,-1
60529,-1
60530,-1
60531,-1
60532,-1
60533,-1
60534,-1
60535,-1
60536,-1
60537,-1
60538,-1
60539,-1
60540,-1
60541,-1
60542,1
60543,2
60544,1
60545,1
60546,-1
60547,-1
60548,-1
60549,-1
60550,-1
60551,-1
60552,-1
60553,-1
60554,-1
60555,-1
60556,-1
60557,-1
60558,-1
60559,-1
60560,2
60561,2
60562,-1
60563,-1
60564,2
60565,0
60566,-1
60567,-1
60568,-1
60569,-1
60570,-1
60571,-1
60572,-1
60573,-1
60574,3
60575,1
60576,-1
60577,-1
60578,-1
60579,-1
60580,-1
60581,-1
60582,-1
60583,-1
60584,-1
60585,-1
60586,3
60587,0
60588,-1
60589,-1
60590,-1
60591,-1
60592,-1
60593,-1
60594,3
60595,0
60596,-1
60597,-1
60598,-1
60599,-1
60600,3
60601,0
60602,-1
60603,-1
60604,-1
60605,-1
60606,-1
60607,-1
60608,-1
60609,-1
60610,-1
60611,-1
60612,-1
60613,-1
60614,-1
60615,-1
60616,-1
60617,-1
60618,-1
60619,-1
60620,-1
60621,-1
60622,3
60623,2
60624,-1
60625,-1
60626,-1
60627,-1
60628,-1
60629,-1
60630,-1
60631,-1
60632,-1
60633,-1
60634,-1
60635,-1
60636,-1
60637,-1
60638,-1
60639,-1
60640,-1
60641,-1
60642,-1
60643,-1
60644,-1
60645,-1
60646,-1
60647,-1
60648,1
60649,2
60650,1
60651,1
60652,-1
60653,-1
60654,-1
60655,-1
60656,-1
60657,-1
60658,-1
60659,-1
60660,-1
60661,-1
60662,-1
60663,-1
60664,-1
60665,-1
60666,1
60667,2
60668,-1
60669,-1
60670,-1
60671,-1
60672,-1
60673,-1
60674,-1
60675,-1
60676,-1
60677,-1
60678,-1
60679,-1
60680,-1
60681,-1
60682,-1
60683,-1
60684,-1
60685,-1
60686,-1
60687,-1
60688,-1
60689,-1
60690,-1
60691,-1
60692,-1
60693,-1
60694,1
60695,1
60696,-1
60697,-1
60698,2
60699,2
60700,-1
60701,-1
60702,-1
60703,-1
60704,1
60705,2
60706,-1
60707,-1
60708,-1
60709,-1
60710,-1
60711,-1
60712,-1
60713,-1
60714,-1
60715,-1
60716,1
60717,0
60718,-1
60719,-1
60720,-1
60721,-1
60722,3
60723,1
60724,-1
60725,-1
60726,-1
60727,-1
60728,-1
60729,-1
60730,-1
60731,-1
60732,1
60733,1
60734,3
60735,0
60736,-1
60737,-1
60738,-1
60739,-1
60740,-1
60741,-1
60742,-1
60743,-1
60744,-1
60745,-1
60746,3
60747,1
60748,-1
60749,-1
60750,-1
60751,-1
60752,-1
60753,-1
60754,-1
60755,-1
60756,-1
60757,-1
60758,-1
60759,-1
60760,-1
60761,-1
60762,-1
60763,-1
60764,-1
60765,-1
60766,1
60767,0
60768,2
60769,0
60770,-1
60771,-1
60772,-1
60773,-1
60774,-1
60775,-1
60776,-1
60777,-1
60778,-1
60779,-1
60780,-1
60781,-1
60782,-1
60783,-1
60784,-1
60785,-1
60786,-1
60787,-1
60788,-1
60789,-1
60790,-1
60791,-1
60792,3
60793,0
60794,-1
60795,-1
60796,3
60797,1
60798,-1
60799,-1
60800,-1
60801,-1
60802,-1
60803,-1
60804,-1
60805,-1
60806,-1
60807,-1
60808,-1
60809,-1
60810,-1
60811,-1
60812,-1
60813,-1
60814,-1
60815,-1
60816,3
60817,0
60818,3
60819,1
60820,-1
60821,-1
60822,-1
60823,-1
60824,-1
60825,-1
60826,3
60827,1
60828,-1
60829,-1
60830,2
60831,1
60832,-1
60833,-1
60834,1
60835,1
60836,-1
60837,-1
60838,-1
60839,-1
60840,-1
60841,-1
60842,-1
60843,-1
60844,-1
60845,-1
60846,2
60847,2
60848,-1
60849,-1
60850,-1
60851,-1
60852,-1
60853,-1
60854,-1
60855,-1
60856,-1
60857,-1
60858,-1
60859,-1
60860,-1
60861,-1
60862,-1
60863,-1
60864,-1
60865,-1
60866,2
60867,1
60868,2
60869,2
60870,-1
60871,-1
60872,-1
60873,-1
60874,-1
60875,-1
60876,-1
60877,-1
60878,-1
60879,-1
60880,-1
60881,-1
60882,-1
60883,-1
60884,-1
60885,-1
60886,-1
60887,-1
60888,-1
60889,-1
60890,2
60891,1
60892,-1
60893,-1
60894,1
60895,1
60896,-1
60897,-1
60898,-1
60899,-1
60900,-1
60901,-1
60902,2
60903,0
60904,-1
60905,-1
60906,2
60907,2
60908,-1
60909,-1
60910,-1
60911,-1
60912,-1
60913,-1
60914,3
60915,2
60916,-1
60917,-1
60918,-1
60919,-1
60920,3
60921,0
60922,-1
60923,-1
60924,3
60925,0
60926,-1
60927,-1
60928,-1
60929,-1
60930,2
60931,0
60932,2
60933,1
60934,-1
60935,-1
60936,-1
60937,-1
60938,-1
60939,-1
60940,-1
60941,-1
60942,-1
60943,-1
60944,-1
60945,-1
60946,-1
60947,-1
60948,-1
60949,-1
60950,-1
60951,-1
60952,-1
60953,-1
60954,-1
60955,-1
60956,3
60957,0
60958,-1
60959,-1
60960,-1
60961,-1
60962,-1
60963,-1
60964,-1
60965,-1
60966,-1
60967,-1
60968,-1
60969,-1
60970,-1
60971,-1
60972,-1
60973,-1
60974,-1
60975,-1
60976,-1
60977,-1
60978,1
60979,0
60980,-1
60981,-1
60982,-1
60983,-1
60984,-1
60985,-1
60986,-1
60987,-1
60988,-1
60989,-1
60990,-1
60991,-1
60992,-1
60993,-1
60994,-1
60995,-1
60996,-1
60997,-1
60998,-1
60999,-1
61000,-1
61001,-1
61002,-1
61003,-1
61004,-1
61005,-1
61006,-1
61007,-1
61008,-1
61009,-1
61010,-1
61011,-1
61012,-1
61013,-1
61014,-1
61015,-1
61016,3
61017,1
61018,-1
61019,-1
61020,-1
61021,-1
61022,-1
61023,-1
61024,3
61025,0
61026,-1
61027,-1
61028,-1
61029,-1
61030,-1
61031,-1
61032,-1
61033,-1
61034,-1
61035,-1
61036,-1
61037,-1
61038,-1
61039,-1
61040,-1
61041,-1
61042,2
61043,1
61044,-1
61045,-1
61046,-1
61047,-1
61048,3
61049,0
61050,-1
61051,-1
61052,-1
61053,-1
61054,-1
61055,-1
61056,-1
61057,-1
61058,1
61059,0
61060,-1
61061,-1
61062,-1
61063,-1
61064,-1
61065,-1
61066,-1
61067,-1
61068,1
61069,1
61070,-1
61071,-1
61072,1
61073,0
61074,-1
61075,-1
61076,-1
61077,-1
61078,1
61079,0
61080,2
61081,1
61082,-1
61083,-1
61084,1
61085,2
61086,3
61087,0
61088,-1
61089,-1
61090,3
61091,1
61092,-1
61093,-1
61094,-1
61095,-1
61096,-1
61097,-1
61098,2
61099,1
61100,-1
61101,-1
61102,-1
61103,-1
61104,-1
61105,-1
61106,3
61107,0
61108,-1
61109,-1
61110,-1
61111,-1
61112,-1
61113,-1
61114,-1
61115,-1
61116,-1
61117,-1
61118,-1
61119,-1
61120,-1
61121,-1
61122,2
61123,1
61124,-1
61125,-1
61126,-1
61127,-1
61128,-1
61129,-1
61130,-1
61131,-1
61132,-1
61133,-1
61134,-1
61135,-1
61136,-1
61137,-1
61138,-1
61139,-1
61140,-1
61141,-1
61142,-1
61143,-1
61144,-1
61145,-1
61146,-1
61147,-1
61148,3
61149,0
61150,-1
61151,-1
61152,-1
61153,-1
61154,3
61155,0
61156,-1
61157,-1
61158,-1
61159,-1
61160,2
61161,0
61162,-1
61163,-1
61164,-1
61165,-1
61166,-1
61167,-1
61168,-1
61169,-1
61170,-1
61171,-1
61172,-1
61173,-1
61174,-1
61175,-1
61176,-1
61177,-1
61178,-1
61179,-1
61180,-1
61181,-1
61182,-1
61183,-1
61184,-1
61185,-1
61186,-1
61187,-1
61188,-1
61189,-1
61190,-1
61191,-1
61192,-1
61193,-1
61194,-1
61195,-1
61196,-1
61197,-1
61198,-1
61199,-1
61200,-1
61201,-1
61202,-1
61203,-1
61204,-1
61205,-1
61206,-1
61207,-1
61208,-1
61209,-1
61210,-1
61211,-1
61212,-1
61213,-1
61214,-1
61215,-1
61216,-1
61217,-1
61218,-1
61219,-1
61220,3
61221,0
61222,-1
61223,-1
61224,-1
61225,-1
61226,-1
61227,-1
61228,2
61229,2
61230,-1
61231,-1
61232,-1
61233,-1
61234,-1
61235,-1
61236,-1
61237,-1
61238,-1
61239,-1
61240,-1
61241,-1
61242,-1
61243,-1
61244,3
61245,1
61246,2
61247,1
61248,-1
61249,-1
61250,1
61251,2
61252,-1
61253,-1
61254,-1
61255,-1
61256,-1
61257,-1
61258,-1
61259,-1
61260,-1
61261,-1
61262,-1
61263,-1
61264,-1
61265,-1
61266,-1
61267,-1
61268,2
61269,2
61270,-1
61271,-1
61272,-1
61273,-1
61274,-1
61275,-1
61276,-1
61277,-1
61278,-1
61279,-1
61280,-1
61281,-1
61282,-1
61283,-1
61284,-1
61285,-1
61286,-1
61287,-1
61288,-1
61289,-1
61290,-1
61291,-1
61292,-1
61293,-1
61294,-1
61295,-1
61296,-1
61297,-1
61298,-1
61299,-1
61300,2
61301,0
61302,2
61303,1
61304,-1
61305,-1
61306,-1
61307,-1
61308,-1
61309,-1
61310,-1
61311,-1
61312,1
61313,0
61314,-1
61315,-1
61316,-1
61317,-1
61318,-1
61319,-1
61320,-1
61321,-1
61322,-1
61323,-1
61324,-1
61325,-1
61326,-1
61327,-1
61328,-1
61329,-1
61330,-1
61331,-1
61332,-1
61333,-1
61334,-1
61335,-1
61336,-1
61337,-1
61338,-1
61339,-1
61340,-1
61341,-1
61342,-1
61343,-1
61344,-1
61345,-1
61346,-1
61347,-1
61348,-1
61349,-1
61350,-1
61351,-1
61352,-1
61353,-1
61354,-1
61355,-1
61356,-1
61357,-1
61358,-1
61359,-1
61360,-1
61361,-1
61362,-1
61363,-1
61364,-1
61365,-1
61366,-1
61367,-1
61368,-1
61369,-1
61370,-1
61371,-1
61372,-1
61373,-1
61374,-1
61375,-1
61376,-1
61377,-1
61378,-1
61379,-1
61380,-1
61381,-1
61382,-1
61383,-1
61384,2
61385,2
61386,-1
61387,-1
61388,-1
61389,-1
61390,-1
61391,-1
61392,-1
61393,-1
61394,-1
61395,-1
61396,-1
61397,-1
61398,1
61399,1
61400,-1
61401,-1
61402,-1
61403,-1
61404,-1
61405,-1
61406,-1
61407,-1
61408,-1
61409,-1
61410,1
61411,0
61412,-1
61413,-1
61414,-1
61415,-1
61416,-1
61417,-1
61418,-1
61419,-1
61420,-1
61421,-1
61422,-1
61423,-1
61424,3
61425,1
61426,-1
61427,-1
61428,-1
61429,-1
61430,-1
61431,-1
61432,-1
61433,-1
61434,-1
61435,-1
61436,-1
61437,-1
61438,-1
61439,-1
61440,2
61441,2
61442,-1
61443,-1
61444,3
61445,1
61446,-1
61447,-1
61448,-1
61449,-1
61450,-1
61451,-1
61452,-1
61453,-1
61454,-1
61455,-1
61456,-1
61457,-1
61458,-1
61459,-1
61460,-1
61461,-1
61462,-1
61463,-1
61464,-1
61465,-1
61466,-1
61467,-1
61468,3
61469,2
61470,-1
61471,-1
61472,-1
61473,-1
61474,-1
61475,-1
61476,2
61477,2
61478,-1
61479,-1
61480,-1
61481,-1
61482,-1
61483,-1
61484,-1
61485,-1
61486,-1
61487,-1
61488,-1
61489,-1
61490,-1
61491,-1
61492,-1
61493,-1
61494,-1
61495,-1
61496,-1
61497,-1
61498,1
61499,0
61500,-1
61501,-1
61502,-1
61503,-1
61504,-1
61505,-1
61506,-1
61507,-1
61508,-1
61509,-1
61510,-1
61511,-1
61512,-1
61513,-1
61514,-1
61515,-1
61516,2
61517,1
61518,-1
61519,-1
61520,-1
61521,-1
61522,-1
61523,-1
61524,-1
61525,-1
61526,-1
61527,-1
61528,-1
61529,-1
61530,-1
61531,-1
61532,-1
61533,-1
61534,2
61535,2
61536,-1
61537,-1
61538,-1
61539,-1
61540,-1
61541,-1
61542,3
61543,0
61544,-1
61545,-1
61546,-1
61547,-1
61548,-1
61549,-1
61550,-1
61551,-1
61552,-1
61553,-1
61554,-1
61555,-1
61556,-1
61557,-1
61558,-1
61559,-1
61560,-1
61561,-1
61562,-1
61563,-1
61564,-1
61565,-1
61566,-1
61567,-1
61568,-1
61569,-1
61570,-1
61571,-1
61572,-1
61573,-1
61574,-1
61575,-1
61576,-1
61577,-1
61578,-1
61579,-1
61580,-1
61581,-1
61582,-1
61583,-1
61584,-1
61585,-1
61586,-1
61587,-1
61588,-1
61589,-1
61590,1
61591,2
61592,-1
61593,-1
61594,-1
61595,-1
61596,-1
61597,-1
61598,-1
61599,-1
61600,-1
61601,-1
61602,-1
61603,-1
61604,3
61605,1
61606,-1
61607,-1
61608,-1
61609,-1
61610,-1
61611,-1
61612,-1
61613,-1
61614,-1
61615,-1
61616,-1
61617,-1
61618,3
61619,1
61620,-1
61621,-1
61622,-1
61623,-1
61624,1
61625,0
61626,-1
61627,-1
61628,-1
61629,-1
61630,-1
61631,-1
61632,-1
61633,-1
61634,-1
61635,-1
61636,-1
61637,-1
61638,-1
61639,-1
61640,-1
61641,-1
61642,-1
61643,-1
61644,-1
61645,-1
61646,-1
61647,-1
61648,-1
61649,-1
61650,1
61651,0
61652,2
61653,1
61654,-1
61655,-1
61656,3
61657,1
61658,-1
61659,-1
61660,-1
61661,-1
61662,-1
61663,-1
61664,-1
61665,-1
61666,-1
61667,-1
61668,-1
61669,-1
61670,-1
61671,-1
61672,1
61673,0
61674,-1
61675,-1
61676,-1
61677,-1
61678,-1
61679,-1
61680,-1
61681,-1
61682,-1
61683,-1
61684,-1
61685,-1
61686,-1
61687,-1
61688,-1
61689,-1
61690,-1
61691,-1
61692,-1
61693,-1
61694,-1
61695,-1
61696,-1
61697,-1
61698,-1
61699,-1
61700,-1
61701,-1
61702,-1
61703,-1
61704,-1
61705,-1
61706,3
61707,1
61708,2
61709,0
61710,-1
61711,-1
61712,-1
61713,-1
61714,-1
61715,-1
61716,2
61717,2
61718,1
61719,1
61720,-1
61721,-1
61722,-1
61723,-1
61724,-1
61725,-1
61726,-1
61727,-1
61728,-1
61729,-1
61730,-1
61731,-1
61732,-1
61733,-1
61734,-1
61735,-1
61736,-1
61737,-1
61738,-1
61739,-1
61740,-1
61741,-1
61742,1
61743,2
61744,-1
61745,-1
61746,1
61747,1
61748,3
61749,2
61750,-1
61751,-1
61752,3
61753,1
61754,-1
61755,-1
61756,-1
61757,-1
61758,-1
61759,-1
61760,1
61761,2
61762,-1
61763,-1
61764,-1
61765,-1
61766,-1
61767,-1
61768,-1
61769,-1
61770,-1
61771,-1
61772,-1
61773,-1
61774,-1
61775,-1
61776,1
61777,0
61778,1
61779,1
61780,-1
61781,-1
61782,1
61783,0
61784,1
61785,2
61786,-1
61787,-1
61788,-1
61789,-1
61790,-1
61791,-1
61792,-1
61793,-1
61794,-1
61795,-1
61796,-1
61797,-1
61798,-1
61799,-1
61800,-1
61801,-1
61802,2
61803,1
61804,-1
61805,-1
61806,-1
61807,-1
61808,-1
61809,-1
61810,-1
61811,-1
61812,-1
61813,-1
61814,3
61815,1
61816,-1
61817,-1
61818,-1
61819,-1
61820,-1
61821,-1
61822,-1
61823,-1
61824,-1
61825,-1
61826,3
61827,1
61828,2
61829,0
61830,-1
61831,-1
61832,-1
61833,-1
61834,-1
61835,-1
61836,-1
61837,-1
61838,1
61839,1
61840,-1
61841,-1
61842,-1
61843,-1
61844,-1
61845,-1
61846,-1
61847,-1
61848,-1
61849,-1
61850,-1
61851,-1
61852,-1
61853,-1
61854,-1
61855,-1
61856,-1
61857,-1
61858,-1
61859,-1
61860,-1
61861,-1
61862,-1
61863,-1
61864,-1
61865,-1
61866,-1
61867,-1
61868,-1
61869,-1
61870,-1
61871,-1
61872,-1
61873,-1
61874,-1
61875,-1
61876,-1
61877,-1
61878,-1
61879,-1
61880,-1
61881,-1
61882,-1
61883,-1
61884,-1
61885,-1
61886,-1
61887,-1
61888,-1
61889,-1
61890,-1
61891,-1
61892,1
61893,1
61894,-1
61895,-1
61896,-1
61897,-1
61898,3
61899,2
61900,-1
61901,-1
61902,-1
61903,-1
61904,-1
61905,-1
61906,-1
61907,-1
61908,-1
61909,-1
61910,3
61911,0
61912,-1
61913,-1
61914,3
61915,2
61916,-1
61917,-1
61918,-1
61919,-1
61920,-1
61921,-1
61922,-1
61923,-1
61924,-1
61925,-1
61926,-1
61927,-1
61928,1
61929,1
61930,-1
61931,-1
61932,-1
61933,-1
61934,-1
61935,-1
61936,-1
61937,-1
61938,1
61939,1
61940,-1
61941,-1
61942,-1
61943,-1
61944,-1
61945,-1
61946,2
61947,0
61948,-1
61949,-1
61950,1
61951,0
61952,-1
61953,-1
61954,-1
61955,-1
61956,-1
61957,-1
61958,-1
61959,-1
61960,-1
61961,-1
61962,-1
61963,-1
61964,-1
61965,-1
61966,-1
61967,-1
61968,-1
61969,-1
61970,-1
61971,-1
61972,-1
61973,-1
61974,-1
61975,-1
61976,-1
61977,-1
61978,-1
61979,-1
61980,-1
61981,-1
61982,3
61983,2
61984,-1
61985,-1
61986,3
61987,0
61988,-1
61989,-1
61990,-1
61991,-1
61992,-1
61993,-1
61994,1
61995,1
61996,-1
61997,-1
61998,-1
61999,-1
62000,-1
62001,-1
62002,-1
62003,-1
62004,-1
62005,-1
62006,-1
62007,-1
62008,2
62009,0
62010,-1
62011,-1
62012,-1
62013,-1
62014,-1
62015,-1
62016,2
62017,1
62018,-1
62019,-1
62020,-1
62021,-1
62022,3
62023,1
62024,2
62025,1
62026,-1
62027,-1
62028,-1
62029,-1
62030,-1
62031,-1
62032,-1
62033,-1
62034,-1
62035,-1
62036,1
62037,1
62038,-1
62039,-1
62040,1
62041,1
62042,-1
62043,-1
62044,-1
62045,-1
62046,-1
62047,-1
62048,2
62049,1
62050,-1
62051,-1
62052,-1
62053,-1
62054,-1
62055,-1
62056,-1
62057,-1
62058,-1
62059,-1
62060,-1
62061,-1
62062,-1
62063,-1
62064,-1
62065,-1
62066,2
62067,0
62068,-1
62069,-1
62070,-1
62071,-1
62072,-1
62073,-1
62074,-1
62075,-1
62076,-1
62077,-1
62078,-1
62079,-1
62080,-1
62081,-1
62082,-1
62083,-1
62084,-1
62085,-1
62086,-1
62087,-1
62088,-1
62089,-1
62090,-1
62091,-1
62092,-1
62093,-1
62094,-1
62095,-1
62096,-1
62097,-1
62098,-1
62099,-1
62100,1
62101,2
62102,-1
62103,-1
62104,-1
62105,-1
62106,-1
62107,-1
62108,-1
62109,-1
62110,-1
62111,-1
62112,-1
62113,-1
62114,-1
62115,-1
62116,-1
62117,-1
62118,2
62119,0
62120,-1
62121,-1
62122,-1
62123,-1
62124,-1
62125,-1
62126,-1
62127,-1
62128,-1
62129,-1
62130,-1
62131,-1
62132,-1
62133,-1
62134,-1
62135,-1
62136,-1
62137,-1
62138,-1
62139,-1
62140,-1
62141,-1
62142,-1
62143,-1
62144,-1
62145,-1
62146,2
62147,1
62148,-1
62149,-1
62150,-1
62151,-1
62152,-1
62153,-1
62154,1
62155,0
62156,-1
62157,-1
62158,-1
62159,-1
62160,-1
62161,-1
62162,-1
62163,-1
62164,-1
62165,-1
62166,-1
62167,-1
62168,-1
62169,-1
62170,-1
62171,-1
62172,-1
62173,-1
62174,-1
62175,-1
62176,1
62177,2
62178,-1
62179,-1
62180,-1
62181,-1
62182,-1
62183,-1
62184,-1
62185,-1
62186,-1
62187,-1
62188,-1
62189,-1
62190,-1
62191,-1
62192,-1
62193,-1
62194,-1
62195,-1
62196,-1
62197,-1
62198,-1
62199,-1
62200,3
62201,1
62202,-1
62203,-1
62204,-1
62205,-1
62206,-1
62207,-1
62208,-1
62209,-1
62210,-1
62211,-1
62212,-1
62213,-1
62214,3
62215,2
62216,-1
62217,-1
62218,3
62219,0
62220,-1
62221,-1
62222,-1
62223,-1
62224,-1
62225,-1
62226,-1
62227,-1
62228,-1
62229,-1
62230,-1
62231,-1
62232,-1
62233,-1
62234,-1
62235,-1
62236,-1
62237,-1
62238,-1
62239,-1
62240,-1
62241,-1
62242,1
62243,0
62244,-1
62245,-1
62246,-1
62247,-1
62248,-1
62249,-1
62250,-1
62251,-1
62252,-1
62253,-1
62254,1
62255,1
62256,-1
62257,-1
62258,-1
62259,-1
62260,-1
62261,-1
62262,-1
62263,-1
62264,-1
62265,-1
62266,-1
62267,-1
62268,-1
62269,-1
62270,1
62271,1
62272,-1
62273,-1
62274,-1
62275,-1
62276,-1
62277,-1
62278,-1
62279,-1
62280,-1
62281,-1
62282,-1
62283,-1
62284,-1
62285,-1
62286,-1
62287,-1
62288,-1
62289,-1
62290,1
62291,1
62292,-1
62293,-1
62294,-1
62295,-1
62296,-1
62297,-1
62298,3
62299,1
62300,-1
62301,-1
62302,1
62303,0
62304,-1
62305,-1
62306,2
62307,2
62308,-1
62309,-1
62310,2
62311,1
62312,2
62313,2
62314,3
62315,0
62316,-1
62317,-1
62318,-1
62319,-1
62320,3
62321,0
62322,1
62323,0
62324,-1
62325,-1
62326,-1
62327,-1
62328,-1
62329,-1
62330,-1
62331,-1
62332,-1
62333,-1
62334,-1
62335,-1
62336,1
62337,0
62338,-1
62339,-1
62340,-1
62341,-1
62342,-1
62343,-1
62344,3
62345,0
62346,-1
62347,-1
62348,-1
62349,-1
62350,-1
62351,-1
62352,1
62353,0
62354,-1
62355,-1
62356,-1
62357,-1
62358,-1
62359,-1
62360,-1
62361,-1
62362,-1
62363,-1
62364,-1
62365,-1
62366,-1
62367,-1
62368,-1
62369,-1
62370,-1
62371,-1
62372,2
62373,1
62374,-1
62375,-1
62376,-1
62377,-1
62378,-1
62379,-1
62380,1
62381,1
62382,-1
62383,-1
62384,2
62385,0
62386,-1
62387,-1
62388,-1
62389,-1
62390,-1
62391,-1
62392,-1
62393,-1
62394,-1
62395,-1
62396,2
62397,2
62398,-1
62399,-1
62400,-1
62401,-1
62402,-1
62403,-1
62404,-1
62405,-1
62406,3
62407,2
62408,-1
62409,-1
62410,-1
62411,-1
62412,-1
62413,-1
62414,-1
62415,-1
62416,-1
62417,-1
62418,-1
62419,-1
62420,-1
62421,-1
62422,-1
62423,-1
62424,-1
62425,-1
62426,-1
62427,-1
62428,-1
62429,-1
62430,-1
62431,-1
62432,-1
62433,-1
62434,-1
62435,-1
62436,-1
62437,-1
62438,-1
62439,-1
62440,-1
62441,-1
62442,1
62443,2
62444,-1
62445,-1
62446,-1
62447,-1
62448,-1
62449,-1
62450,2
62451,2
62452,3
62453,1
62454,-1
62455,-1
62456,-1
62457,-1
62458,3
62459,2
62460,-1
62461,-1
62462,-1
62463,-1
62464,2
62465,0
62466,3
62467,1
62468,-1
62469,-1
62470,-1
62471,-1
62472,-1
62473,-1
62474,-1
62475,-1
62476,-1
62477,-1
62478,-1
62479,-1
62480,-1
62481,-1
62482,-1
62483,-1
62484,2
62485,2
62486,-1
62487,-1
62488,-1
62489,-1
62490,-1
62491,-1
62492,-1
62493,-1
62494,-1
62495,-1
62496,1
62497,2
62498,-1
62499,-1
62500,-1
62501,-1
62502,-1
62503,-1
62504,3
62505,2
62506,-1
62507,-1
62508,-1
62509,-1
62510,-1
62511,-1
62512,-1
62513,-1
62514,2
62515,2
62516,-1
62517,-1
62518,-1
62519,-1
62520,-1
62521,-1
62522,-1
62523,-1
62524,-1
62525,-1
62526,1
62527,2
62528,-1
62529,-1
62530,-1
62531,-1
62532,-1
62533,-1
62534,-1
62535,-1
62536,-1
62537,-1
62538,-1
62539,-1
62540,-1
62541,-1
62542,-1
62543,-1
62544,-1
62545,-1
62546,-1
62547,-1
62548,-1
62549,-1
62550,-1
62551,-1
62552,-1
62553,-1
62554,-1
62555,-1
62556,-1
62557,-1
62558,-1
62559,-1
62560,-1
62561,-1
62562,-1
62563,-1
62564,-1
62565,-1
62566,3
62567,0
62568,3
62569,2
62570,-1
62571,-1
62572,-1
62573,-1
62574,-1
62575,-1
62576,-1
62577,-1
62578,-1
62579,-1
62580,-1
62581,-1
62582,-1
62583,-1
62584,1
62585,1
62586,1
62587,0
62588,3
62589,0
62590,1
62591,0
62592,-1
62593,-1
62594,-1
62595,-1
62596,2
62597,1
62598,2
62599,1
62600,-1
62601,-1
62602,-1
62603,-1
62604,-1
62605,-1
62606,3
62607,0
62608,-1
62609,-1
62610,2
62611,2
62612,-1
62613,-1
62614,-1
62615,-1
62616,-1
62617,-1
62618,-1
62619,-1
62620,-1
62621,-1
62622,-1
62623,-1
62624,3
62625,0
62626,-1
62627,-1
62628,2
62629,1
62630,-1
62631,-1
62632,2
62633,0
62634,-1
62635,-1
62636,-1
62637,-1
62638,-1
62639,-1
62640,-1
62641,-1
62642,-1
62643,-1
62644,-1
62645,-1
62646,-1
62647,-1
62648,-1
62649,-1
62650,-1
62651,-1
62652,-1
62653,-1
62654,-1
62655,-1
62656,-1
62657,-1
62658,-1
62659,-1
62660,2
62661,0
62662,-1
62663,-1
62664,-1
62665,-1
62666,-1
62667,-1
62668,-1
62669,-1
62670,3
62671,2
62672,-1
62673,-1
62674,-1
62675,-1
62676,-1
62677,-1
62678,-1
62679,-1
62680,-1
62681,-1
62682,-1
62683,-1
62684,-1
62685,-1
62686,-1
62687,-1
62688,-1
62689,-1
62690,-1
62691,-1
62692,3
62693,1
62694,2
62695,2
62696,-1
62697,-1
62698,-1
62699,-1
62700,-1
62701,-1
62702,-1
62703,-1
62704,-1
62705,-1
62706,-1
62707,-1
62708,-1
62709,-1
62710,-1
62711,-1
62712,-1
62713,-1
62714,-1
62715,-1
62716,-1
62717,-1
62718,2
62719,1
62720,1
62721,2
62722,-1
62723,-1
62724,-1
62725,-1
62726,-1
62727,-1
62728,3
62729,1
62730,1
62731,2
62732,-1
62733,-1
62734,-1
62735,-1
62736,-1
62737,-1
62738,2
62739,2
62740,-1
62741,-1
62742,3
62743,1
62744,2
62745,1
62746,-1
62747,-1
62748,-1
62749,-1
62750,-1
62751,-1
62752,-1
62753,-1
62754,-1
62755,-1
62756,-1
62757,-1
62758,-1
62759,-1
62760,-1
62761,-1
62762,-1
62763,-1
62764,-1
62765,-1
62766,1
62767,2
62768,-1
62769,-1
62770,-1
62771,-1
62772,-1
62773,-1
62774,-1
62775,-1
62776,-1
62777,-1
62778,-1
62779,-1
62780,2
62781,1
62782,-1
62783,-1
62784,-1
62785,-1
62786,-1
62787,-1
62788,-1
62789,-1
62790,-1
62791,-1
62792,-1
62793,-1
62794,-1
62795,-1
62796,-1
62797,-1
62798,-1
62799,-1
62800,2
62801,1
62802,-1
62803,-1
62804,-1
62805,-1
62806,-1
62807,-1
62808,-1
62809,-1
62810,-1
62811,-1
62812,-1
62813,-1
62814,-1
62815,-1
62816,-1
62817,-1
62818,-1
62819,-1
62820,-1
62821,-1
62822,-1
62823,-1
62824,-1
62825,-1
62826,-1
62827,-1
62828,-1
62829,-1
62830,-1
62831,-1
62832,-1
62833,-1
62834,3
62835,2
62836,-1
62837,-1
62838,-1
62839,-1
62840,-1
62841,-1
62842,-1
62843,-1
62844,-1
62845,-1
62846,-1
62847,-1
62848,-1
62849,-1
62850,-1
62851,-1
62852,-1
62853,-1
62854,-1
62855,-1
62856,-1
62857,-1
62858,1
62859,1
62860,-1
62861,-1
62862,-1
62863,-1
62864,3
62865,0
62866,-1
62867,-1
62868,-1
62869,-1
62870,-1
62871,-1
62872,-1
62873,-1
62874,-1
62875,-1
62876,-1
62877,-1
62878,-1
62879,-1
62880,-1
62881,-1
62882,-1
62883,-1
62884,-1
62885,-1
62886,-1
62887,-1
62888,-1
62889,-1
62890,-1
62891,-1
62892,2
62893,0
62894,-1
62895,-1
62896,-1
62897,-1
62898,2
62899,0
62900,-1
62901,-1
62902,-1
62903,-1
62904,-1
62905,-1
62906,-1
62907,-1
62908,-1
62909,-1
62910,-1
62911,-1
62912,-1
62913,-1
62914,-1
62915,-1
62916,-1
62917,-1
62918,-1
62919,-1
62920,-1
62921,-1
62922,-1
62923,-1
62924,-1
62925,-1
62926,-1
62927,-1
62928,-1
62929,-1
62930,-1
62931,-1
62932,-1
62933,-1
62934,-1
62935,-1
62936,-1
62937,-1
62938,-1
62939,-1
62940,-1
62941,-1
62942,-1
62943,-1
62944,-1
62945,-1
62946,-1
62947,-1
62948,-1
62949,-1
62950,-1
62951,-1
62952,-1
62953,-1
62954,3
62955,0
62956,1
62957,0
62958,-1
62959,-1
62960,-1
62961,-1
62962,2
62963,2
62964,-1
62965,-1
62966,-1
62967,-1
62968,-1
62969,-1
62970,-1
62971,-1
62972,-1
62973,-1
62974,-1
62975,-1
62976,-1
62977,-1
62978,-1
62979,-1
62980,3
62981,2
62982,-1
62983,-1
62984,-1
62985,-1
62986,-1
62987,-1
62988,-1
62989,-1
62990,3
62991,2
62992,-1
62993,-1
62994,-1
62995,-1
62996,-1
62997,-1
62998,-1
62999,-1
63000,-1
63001,-1
63002,-1
63003,-1
63004,-1
63005,-1
63006,-1
63007,-1
63008,-1
63009,-1
63010,-1
63011,-1
63012,2
63013,2
63014,-1
63015,-1
63016,-1
63017,-1
63018,-1
63019,-1
63020,-1
63021,-1
63022,3
63023,2
63024,1
63025,0
63026,-1
63027,-1
63028,3
63029,2
63030,-1
63031,-1
63032,-1
63033,-1
63034,-1
63035,-1
63036,2
63037,0
63038,2
63039,1
63040,1
63041,0
63042,-1
63043,-1
63044,-1
63045,-1
63046,-1
63047,-1
63048,-1
63049,-1
63050,-1
63051,-1
63052,-1
63053,-1
63054,1
63055,1
63056,-1
63057,-1
63058,-1
63059,-1
63060,-1
63061,-1
63062,-1
63063,-1
63064,-1
63065,-1
63066,-1
63067,-1
63068,3
63069,2
63070,-1
63071,-1
63072,-1
63073,-1
63074,-1
63075,-1
63076,-1
63077,-1
63078,-1
63079,-1
63080,-1
63081,-1
63082,-1
63083,-1
63084,-1
63085,-1
63086,2
63087,1
63088,-1
63089,-1
63090,-1
63091,-1
63092,-1
63093,-1
63094,-1
63095,-1
63096,-1
63097,-1
63098,-1
63099,-1
63100,-1
63101,-1
63102,-1
63103,-1
63104,-1
63105,-1
63106,-1
63107,-1
63108,-1
63109,-1
63110,-1
63111,-1
63112,3
63113,2
63114,-1
63115,-1
63116,-1
63117,-1
63118,-1
63119,-1
63120,-1
63121,-1
63122,-1
63123,-1
63124,-1
63125,-1
63126,-1
63127,-1
63128,-1
63129,-1
63130,-1
63131,-1
63132,-1
63133,-1
63134,3
63135,0
63136,-1
63137,-1
63138,-1
63139,-1
63140,2
63141,2
63142,-1
63143,-1
63144,-1
63145,-1
63146,-1
63147,-1
63148,1
63149,2
63150,-1
63151,-1
63152,-1
63153,-1
63154,-1
63155,-1
63156,-1
63157,-1
63158,-1
63159,-1
63160,-1
63161,-1
63162,-1
63163,-1
63164,-1
63165,-1
63166,-1
63167,-1
63168,-1
63169,-1
63170,-1
63171,-1
63172,-1
63173,-1
63174,-1
63175,-1
63176,-1
63177,-1
63178,3
63179,2
63180,1
63181,0
63182,-1
63183,-1
63184,-1
63185,-1
63186,-1
63187,-1
63188,-1
63189,-1
63190,1
63191,0
63192,-1
63193,-1
63194,-1
63195,-1
63196,-1
63197,-1
63198,-1
63199,-1
63200,-1
63201,-1
63202,-1
63203,-1
63204,-1
63205,-1
63206,-1
63207,-1
63208,2
63209,1
63210,-1
63211,-1
63212,-1
63213,-1
63214,-1
63215,-1
63216,-1
63217,-1
63218,-1
63219,-1
63220,-1
63221,-1
63222,-1
63223,-1
63224,-1
63225,-1
63226,-1
63227,-1
63228,1
63229,2
63230,1
63231,1
63232,-1
63233,-1
63234,-1
63235,-1
63236,-1
63237,-1
63238,-1
63239,-1
63240,-1
63241,-1
63242,-1
63243,-1
63244,-1
63245,-1
63246,-1
63247,-1
63248,-1
63249,-1
63250,-1
63251,-1
63252,-1
63253,-1
63254,-1
63255,-1
63256,-1
63257,-1
63258,-1
63259,-1
63260,-1
63261,-1
63262,-1
63263,-1
63264,-1
63265,-1
63266,-1
63267,-1
63268,-1
63269,-1
63270,-1
63271,-1
63272,-1
63273,-1
63274,-1
63275,-1
63276,-1
63277,-1
63278,-1
63279,-1
63280,-1
63281,-1
63282,-1
63283,-1
63284,-1
63285,-1
63286,-1
63287,-1
63288,2
63289,0
63290,-1
63291,-1
63292,-1
63293,-1
63294,-1
63295,-1
63296,2
63297,1
63298,-1
63299,-1
63300,-1
63301,-1
63302,-1
63303,-1
63304,1
63305,1
63306,-1
63307,-1
63308,-1
63309,-1
63310,2
63311,1
63312,-1
63313,-1
63314,3
63315,2
63316,-1
63317,-1
63318,-1
63319,-1
63320,-1
63321,-1
63322,2
63323,1
63324,-1
63325,-1
63326,-1
63327,-1
63328,-1
63329,-1
63330,-1
63331,-1
63332,-1
63333,-1
63334,-1
63335,-1
63336,-1
63337,-1
63338,-1
63339,-1
63340,-1
63341,-1
63342,3
63343,1
63344,-1
63345,-1
63346,2
63347,0
63348,-1
63349,-1
63350,-1
63351,-1
63352,-1
63353,-1
63354,-1
63355,-1
63356,-1
63357,-1
63358,-1
63359,-1
63360,-1
63361,-1
63362,-1
63363,-1
63364,-1
63365,-1
63366,-1
63367,-1
63368,-1
63369,-1
63370,-1
63371,-1
63372,-1
63373,-1
63374,-1
63375,-1
63376,-1
63377,-1
63378,-1
63379,-1
63380,-1
63381,-1
63382,-1
63383,-1
63384,-1
63385,-1
63386,-1
63387,-1
63388,-1
63389,-1
63390,-1
63391,-1
63392,-1
63393,-1
63394,-1
63395,-1
63396,-1
63397,-1
63398,-1
63399,-1
63400,-1
63401,-1
63402,-1
63403,-1
63404,-1
63405,-1
63406,-1
63407,-1
63408,-1
63409,-1
63410,-1
63411,-1
63412,-1
63413,-1
63414,-1
63415,-1
63416,-1
63417,-1
63418,-1
63419,-1
63420,-1
63421,-1
63422,3
63423,0
63424,-1
63425,-1
63426,-1
63427,-1
63428,-1
63429,-1
63430,-1
63431,-1
63432,-1
63433,-1
63434,-1
63435,-1
63436,-1
63437,-1
63438,-1
63439,-1
63440,2
63441,2
63442,1
63443,0
63444,-1
63445,-1
63446,3
63447,0
63448,-1
63449,-1
63450,1
63451,1
63452,3
63453,2
63454,-1
63455,-1
63456,-1
63457,-1
63458,2
63459,0
63460,-1
63461,-1
63462,-1
63463,-1
63464,-1
63465,-1
63466,-1
63467,-1
63468,-1
63469,-1
63470,-1
63471,-1
63472,-1
63473,-1
63474,-1
63475,-1
63476,-1
63477,-1
63478,-1
63479,-1
63480,-1
63481,-1
63482,-1
63483,-1
63484,-1
63485,-1
63486,-1
63487,-1
63488,-1
63489,-1
63490,-1
63491,-1
63492,-1
63493,-1
63494,-1
63495,-1
63496,-1
63497,-1
63498,-1
63499,-1
63500,-1
63501,-1
63502,-1
63503,-1
63504,-1
63505,-1
63506,-1
63507,-1
63508,-1
63509,-1
63510,-1
63511,-1
63512,-1
63513,-1
63514,-1
63515,-1
63516,-1
63517,-1
63518,-1
63519,-1
63520,-1
63521,-1
63522,-1
63523,-1
63524,-1
63525,-1
63526,-1
63527,-1
63528,-1
63529,-1
63530,-1
63531,-1
63532,1
63533,2
63534,-1
63535,-1
63536,-1
63537,-1
63538,-1
63539,-1
63540,-1
63541,-1
63542,-1
63543,-1
63544,-1
63545,-1
63546,-1
63547,-1
63548,3
63549,2
63550,3
63551,1
63552,-1
63553,-1
63554,-1
63555,-1
63556,-1
63557,-1
63558,-1
63559,-1
63560,-1
63561,-1
63562,-1
63563,-1
63564,-1
63565,-1
63566,-1
63567,-1
63568,-1
63569,-1
63570,-1
63571,-1
63572,-1
63573,-1
63574,2
63575,2
63576,-1
63577,-1
63578,-1
63579,-1
63580,-1
63581,-1
63582,-1
63583,-1
63584,-1
63585,-1
63586,-1
63587,-1
63588,-1
63589,-1
63590,-1
63591,-1
63592,-1
63593,-1
63594,-1
63595,-1
63596,-1
63597,-1
63598,-1
63599,-1
63600,-1
63601,-1
63602,-1
63603,-1
63604,-1
63605,-1
63606,-1
63607,-1
63608,-1
63609,-1
63610,-1
63611,-1
63612,-1
63613,-1
63614,3
63615,1
63616,-1
63617,-1
63618,-1
63619,-1
63620,-1
63621,-1
63622,-1
63623,-1
63624,-1
63625,-1
63626,-1
63627,-1
63628,-1
63629,-1
63630,-1
63631,-1
63632,-1
63633,-1
63634,-1
63635,-1
63636,-1
63637,-1
63638,-1
63639,-1
63640,-1
63641,-1
63642,-1
63643,-1
63644,-1
63645,-1
63646,-1
63647,-1
63648,2
63649,1
63650,-1
63651,-1
63652,-1
63653,-1
63654,-1
63655,-1
63656,2
63657,1
63658,-1
63659,-1
63660,-1
63661,-1
63662,-1
63663,-1
63664,-1
63665,-1
63666,-1
63667,-1
63668,-1
63669,-1
63670,-1
63671,-1
63672,-1
63673,-1
63674,-1
63675,-1
63676,-1
63677,-1
63678,1
63679,1
63680,-1
63681,-1
63682,2
63683,0
63684,-1
63685,-1
63686,-1
63687,-1
63688,-1
63689,-1
63690,-1
63691,-1
63692,-1
63693,-1
63694,-1
63695,-1
63696,-1
63697,-1
63698,-1
63699,-1
63700,3
63701,1
63702,-1
63703,-1
63704,-1
63705,-1
63706,-1
63707,-1
63708,-1
63709,-1
63710,-1
63711,-1
63712,-1
63713,-1
63714,-1
63715,-1
63716,-1
63717,-1
63718,-1
63719,-1
63720,-1
63721,-1
63722,-1
63723,-1
63724,-1
63725,-1
63726,-1
63727,-1
63728,-1
63729,-1
63730,-1
63731,-1
63732,-1
63733,-1
63734,-1
63735,-1
63736,-1
63737,-1
63738,-1
63739,-1
63740,-1
63741,-1
63742,-1
63743,-1
63744,-1
63745,-1
63746,3
63747,0
63748,-1
63749,-1
63750,-1
63751,-1
63752,-1
63753,-1
63754,-1
63755,-1
63756,-1
63757,-1
63758,-1
63759,-1
63760,-1
63761,-1
63762,-1
63763,-1
63764,-1
63765,-1
63766,-1
63767,-1
63768,-1
63769,-1
63770,-1
63771,-1
63772,-1
63773,-1
63774,2
63775,1
63776,-1
63777,-1
63778,-1
63779,-1
63780,-1
63781,-1
63782,-1
63783,-1
63784,-1
63785,-1
63786,-1
63787,-1
63788,-1
63789,-1
63790,-1
63791,-1
63792,-1
63793,-1
63794,-1
63795,-1
63796,-1
63797,-1
63798,-1
63799,-1
63800,-1
63801,-1
63802,-1
63803,-1
63804,-1
63805,-1
63806,-1
63807,-1
63808,-1
63809,-1
63810,-1
63811,-1
63812,-1
63813,-1
63814,3
63815,2
63816,-1
63817,-1
63818,-1
63819,-1
63820,-1
63821,-1
63822,-1
63823,-1
63824,1
63825,2
63826,-1
63827,-1
63828,-1
63829,-1
63830,-1
63831,-1
63832,-1
63833,-1
63834,-1
63835,-1
63836,-1
63837,-1
63838,-1
63839,-1
63840,-1
63841,-1
63842,-1
63843,-1
63844,-1
63845,-1
63846,-1
63847,-1
63848,-1
63849,-1
63850,-1
63851,-1
63852,-1
63853,-1
63854,-1
63855,-1
63856,-1
63857,-1
63858,-1
63859,-1
63860,-1
63861,-1
63862,-1
63863,-1
63864,-1
63865,-1
63866,1
63867,1
63868,-1
63869,-1
63870,-1
63871,-1
63872,-1
63873,-1
63874,-1
63875,-1
63876,-1
63877,-1
63878,-1
63879,-1
63880,-1
63881,-1
63882,2
63883,1
63884,-1
63885,-1
63886,-1
63887,-1
63888,-1
63889,-1
63890,-1
63891,-1
63892,-1
63893,-1
63894,-1
63895,-1
63896,-1
63897,-1
63898,-1
63899,-1
63900,-1
63901,-1
63902,-1
63903,-1
63904,-1
63905,-1
63906,-1
63907,-1
63908,-1
63909,-1
63910,-1
63911,-1
63912,-1
63913,-1
63914,-1
63915,-1
63916,-1
63917,-1
63918,-1
63919,-1
63920,-1
63921,-1
63922,-1
63923,-1
63924,-1
63925,-1
63926,-1
63927,-1
63928,-1
63929,-1
63930,-1
63931,-1
63932,-1
63933,-1
63934,-1
63935,-1
63936,2
63937,2
63938,-1
63939,-1
63940,-1
63941,-1
63942,-1
63943,-1
63944,-1
63945,-1
63946,-1
63947,-1
63948,-1
63949,-1
63950,-1
63951,-1
63952,-1
63953,-1
63954,-1
63955,-1
63956,-1
63957,-1
63958,3
63959,2
63960,-1
63961,-1
63962,-1
63963,-1
63964,-1
63965,-1
63966,-1
63967,-1
63968,-1
63969,-1
63970,-1
63971,-1
63972,-1
63973,-1
63974,-1
63975,-1
63976,-1
63977,-1
63978,1
63979,0
63980,-1
63981,-1
63982,-1
63983,-1
63984,3
63985,0
63986,2
63987,1
63988,-1
63989,-1
63990,-1
63991,-1
63992,-1
63993,-1
63994,-1
63995,-1
63996,-1
63997,-1
63998,-1
63999,-1
64000,-1
64001,-1
64002,1
64003,1
64004,-1
64005,-1
64006,-1
64007,-1
64008,-1
64009,-1
64010,-1
64011,-1
64012,1
64013,1
64014,-1
64015,-1
64016,1
64017,2
64018,-1
64019,-1
64020,-1
64021,-1
64022,-1
64023,-1
64024,3
64025,0
64026,-1
64027,-1
64028,-1
64029,-1
64030,-1
64031,-1
64032,-1
64033,-1
64034,-1
64035,-1
64036,-1
64037,-1
64038,2
64039,0
64040,-1
64041,-1
64042,-1
64043,-1
64044,-1
64045,-1
64046,-1
64047,-1
64048,-1
64049,-1
64050,-1
64051,-1
64052,-1
64053,-1
64054,-1
64055,-1
64056,-1
64057,-1
64058,3
64059,1
64060,-1
64061,-1
64062,-1
64063,-1
64064,2
64065,0
64066,-1
64067,-1
64068,-1
64069,-1
64070,-1
64071,-1
64072,-1
64073,-1
64074,-1
64075,-1
64076,-1
64077,-1
64078,3
64079,2
64080,-1
64081,-1
64082,-1
64083,-1
64084,-1
64085,-1
64086,-1
64087,-1
64088,-1
64089,-1
64090,-1
64091,-1
64092,-1
64093,-1
64094,2
64095,1
64096,-1
64097,-1
64098,1
64099,1
64100,-1
64101,-1
64102,1
64103,2
64104,-1
64105,-1
64106,1
64107,2
64108,-1
64109,-1
64110,2
64111,1
64112,-1
64113,-1
64114,1
64115,1
64116,1
64117,2
64118,1
64119,2
64120,-1
64121,-1
64122,-1
64123,-1
64124,-1
64125,-1
64126,-1
64127,-1
64128,2
64129,0
64130,-1
64131,-1
64132,-1
64133,-1
64134,2
64135,0
64136,-1
64137,-1
64138,-1
64139,-1
64140,-1
64141,-1
64142,-1
64143,-1
64144,-1
64145,-1
64146,-1
64147,-1
64148,-1
64149,-1
64150,-1
64151,-1
64152,-1
64153,-1
64154,-1
64155,-1
64156,-1
64157,-1
64158,-1
64159,-1
64160,-1
64161,-1
64162,-1
64163,-1
64164,-1
64165,-1
64166,-1
64167,-1
64168,-1
64169,-1
64170,3
64171,1
64172,-1
64173,-1
64174,-1
64175,-1
64176,-1
64177,-1
64178,-1
64179,-1
64180,3
64181,2
64182,-1
64183,-1
64184,-1
64185,-1
64186,-1
64187,-1
64188,-1
64189,-1
64190,-1
64191,-1
64192,-1
64193,-1
64194,-1
64195,-1
64196,3
64197,2
64198,-1
64199,-1
64200,-1
64201,-1
64202,3
64203,1
64204,-1
64205,-1
64206,-1
64207,-1
64208,-1
64209,-1
64210,-1
64211,-1
64212,-1
64213,-1
64214,-1
64215,-1
64216,-1
64217,-1
64218,-1
64219,-1
64220,-1
64221,-1
64222,2
64223,0
64224,-1
64225,-1
64226,-1
64227,-1
64228,-1
64229,-1
64230,-1
64231,-1
64232,-1
64233,-1
64234,-1
64235,-1
64236,2
64237,2
64238,-1
64239,-1
64240,-1
64241,-1
64242,-1
64243,-1
64244,-1
64245,-1
64246,-1
64247,-1
64248,-1
64249,-1
64250,1
64251,2
64252,-1
64253,-1
64254,-1
64255,-1
64256,2
64257,0
64258,-1
64259,-1
64260,1
64261,2
64262,1
64263,0
64264,3
64265,2
64266,-1
64267,-1
64268,-1
64269,-1
64270,1
64271,0
64272,-1
64273,-1
64274,-1
64275,-1
64276,-1
64277,-1
64278,-1
64279,-1
64280,-1
64281,-1
64282,-1
64283,-1
64284,-1
64285,-1
64286,-1
64287,-1
64288,-1
64289,-1
64290,-1
64291,-1
64292,-1
64293,-1
64294,3
64295,2
64296,-1
64297,-1
64298,-1
64299,-1
64300,-1
64301,-1
64302,-1
64303,-1
64304,-1
64305,-1
64306,-1
64307,-1
64308,-1
64309,-1
64310,-1
64311,-1
64312,3
64313,2
64314,-1
64315,-1
64316,-1
64317,-1
64318,-1
64319,-1
64320,-1
64321,-1
64322,-1
64323,-1
64324,-1
64325,-1
64326,-1
64327,-1
64328,-1
64329,-1
64330,2
64331,0
64332,3
64333,1
64334,-1
64335,-1
64336,1
64337,1
64338,-1
64339,-1
64340,-1
64341,-1
64342,-1
64343,-1
64344,-1
64345,-1
64346,-1
64347,-1
64348,-1
64349,-1
64350,-1
64351,-1
64352,-1
64353,-1
64354,-1
64355,-1
64356,-1
64357,-1
64358,-1
64359,-1
64360,-1
64361,-1
64362,-1
64363,-1
64364,-1
64365,-1
64366,-1
64367,-1
64368,-1
64369,-1
64370,-1
64371,-1
64372,-1
64373,-1
64374,-1
64375,-1
64376,-1
64377,-1
64378,-1
64379,-1
64380,2
64381,2
64382,-1
64383,-1
64384,-1
64385,-1
64386,-1
64387,-1
64388,-1
64389,-1
64390,-1
64391,-1
64392,-1
64393,-1
64394,-1
64395,-1
64396,-1
64397,-1
64398,-1
64399,-1
64400,-1
64401,-1
64402,-1
64403,-1
64404,-1
64405,-1
64406,-1
64407,-1
64408,-1
64409,-1
64410,-1
64411,-1
64412,-1
64413,-1
64414,-1
64415,-1
64416,-1
64417,-1
64418,3
64419,0
64420,-1
64421,-1
64422,-1
64423,-1
64424,-1
64425,-1
64426,-1
64427,-1
64428,-1
64429,-1
64430,-1
64431,-1
64432,-1
64433,-1
64434,-1
64435,-1
64436,-1
64437,-1
64438,-1
64439,-1
64440,-1
64441,-1
64442,-1
64443,-1
64444,-1
64445,-1
64446,-1
64447,-1
64448,3
64449,1
64450,-1
64451,-1
64452,-1
64453,-1
64454,-1
64455,-1
64456,-1
64457,-1
64458,-1
64459,-1
64460,-1
64461,-1
64462,-1
64463,-1
64464,-1
64465,-1
64466,-1
64467,-1
64468,-1
64469,-1
64470,1
64471,0
64472,-1
64473,-1
64474,-1
64475,-1
64476,1
64477,2
64478,-1
64479,-1
64480,-1
64481,-1
64482,-1
64483,-1
64484,-1
64485,-1
64486,-1
64487,-1
64488,-1
64489,-1
64490,-1
64491,-1
64492,-1
64493,-1
64494,-1
64495,-1
64496,-1
64497,-1
64498,-1
64499,-1
64500,-1
64501,-1
64502,-1
64503,-1
64504,-1
64505,-1
64506,-1
64507,-1
64508,-1
64509,-1
64510,-1
64511,-1
64512,-1
64513,-1
64514,-1
64515,-1
64516,3
64517,2
64518,-1
64519,-1
64520,-1
64521,-1
64522,-1
64523,-1
64524,-1
64525,-1
64526,-1
64527,-1
64528,-1
64529,-1
64530,-1
64531,-1
64532,-1
64533,-1
64534,-1
64535,-1
64536,-1
64537,-1
64538,2
64539,2
64540,-1
64541,-1
64542,-1
64543,-1
64544,-1
64545,-1
64546,1
64547,2
64548,-1
64549,-1
64550,-1
64551,-1
64552,-1
64553,-1
64554,-1
64555,-1
64556,-1
64557,-1
64558,-1
64559,-1
64560,-1
64561,-1
64562,-1
64563,-1
64564,2
64565,1
64566,-1
64567,-1
64568,-1
64569,-1
64570,-1
64571,-1
64572,2
64573,0
64574,-1
64575,-1
64576,3
64577,1
64578,-1
64579,-1
64580,-1
64581,-1
64582,-1
64583,-1
64584,-1
64585,-1
64586,-1
64587,-1
64588,-1
64589,-1
64590,-1
64591,-1
64592,3
64593,2
64594,1
64595,1
64596,-1
64597,-1
64598,-1
64599,-1
64600,1
64601,0
64602,-1
64603,-1
64604,1
64605,1
64606,-1
64607,-1
64608,3
64609,2
64610,3
64611,1
64612,-1
64613,-1
64614,1
64615,2
64616,-1
64617,-1
64618,-1
64619,-1
64620,-1
64621,-1
64622,-1
64623,-1
64624,-1
64625,-1
64626,-1
64627,-1
64628,-1
64629,-1
64630,-1
64631,-1
64632,-1
64633,-1
64634,-1
64635,-1
64636,-1
64637,-1
64638,-1
64639,-1
64640,-1
64641,-1
64642,-1
64643,-1
64644,-1
64645,-1
64646,1
64647,1
64648,-1
64649,-1
64650,-1
64651,-1
64652,-1
64653,-1
64654,-1
64655,-1
64656,-1
64657,-1
64658,-1
64659,-1
64660,-1
64661,-1
64662,-1
64663,-1
64664,3
64665,2
64666,-1
64667,-1
64668,2
64669,0
64670,-1
64671,-1
64672,-1
64673,-1
64674,-1
64675,-1
64676,3
64677,1
64678,-1
64679,-1
64680,3
64681,2
64682,2
64683,2
64684,-1
64685,-1
64686,-1
64687,-1
64688,1
64689,1
64690,-1
64691,-1
64692,-1
64693,-1
64694,-1
64695,-1
64696,-1
64697,-1
64698,-1
64699,-1
64700,2
64701,2
64702,-1
64703,-1
64704,-1
64705,-1
64706,-1
64707,-1
64708,-1
64709,-1
64710,-1
64711,-1
64712,-1
64713,-1
64714,-1
64715,-1
64716,-1
64717,-1
64718,-1
64719,-1
64720,2
64721,0
64722,-1
64723,-1
64724,-1
64725,-1
64726,-1
64727,-1
64728,-1
64729,-1
64730,3
64731,1
64732,-1
64733,-1
64734,-1
64735,-1
64736,3
64737,2
64738,-1
64739,-1
64740,-1
64741,-1
64742,2
64743,2
64744,-1
64745,-1
64746,1
64747,0
64748,2
64749,2
64750,-1
64751,-1
64752,-1
64753,-1
64754,-1
64755,-1
64756,-1
64757,-1
64758,-1
64759,-1
64760,-1
64761,-1
64762,-1
64763,-1
64764,-1
64765,-1
64766,-1
64767,-1
64768,2
64769,1
64770,-1
64771,-1
64772,2
64773,0
64774,-1
64775,-1
64776,1
64777,0
64778,-1
64779,-1
64780,-1
64781,-1
64782,-1
64783,-1
64784,-1
64785,-1
64786,-1
64787,-1
64788,-1
64789,-1
64790,-1
64791,-1
64792,-1
64793,-1
64794,-1
64795,-1
64796,1
64797,0
64798,-1
64799,-1
64800,-1
64801,-1
64802,-1
64803,-1
64804,-1
64805,-1
64806,-1
64807,-1
64808,-1
64809,-1
64810,-1
64811,-1
64812,-1
64813,-1
64814,2
64815,2
64816,-1
64817,-1
64818,-1
64819,-1
64820,-1
64821,-1
64822,3
64823,0
64824,-1
64825,-1
64826,2
64827,1
64828,-1
64829,-1
64830,2
64831,1
64832,-1
64833,-1
64834,-1
64835,-1
64836,2
64837,0
64838,-1
64839,-1
64840,-1
64841,-1
64842,-1
64843,-1
64844,-1
64845,-1
64846,-1
64847,-1
64848,-1
64849,-1
64850,-1
64851,-1
64852,-1
64853,-1
64854,-1
64855,-1
64856,-1
64857,-1
64858,-1
64859,-1
64860,-1
64861,-1
64862,-1
64863,-1
64864,-1
64865,-1
64866,-1
64867,-1
64868,-1
64869,-1
64870,-1
64871,-1
64872,-1
64873,-1
64874,-1
64875,-1
64876,-1
64877,-1
64878,-1
64879,-1
64880,-1
64881,-1
64882,1
64883,2
64884,-1
64885,-1
64886,-1
64887,-1
64888,-1
64889,-1
64890,3
64891,1
64892,-1
64893,-1
64894,2
64895,2
64896,-1
64897,-1
64898,-1
64899,-1
64900,-1
64901,-1
64902,-1
64903,-1
64904,-1
64905,-1
64906,3
64907,0
64908,-1
64909,-1
64910,-1
64911,-1
64912,-1
64913,-1
64914,-1
64915,-1
64916,-1
64917,-1
64918,-1
64919,-1
64920,2
64921,1
64922,-1
64923,-1
64924,-1
64925,-1
64926,-1
64927,-1
64928,3
64929,0
64930,-1
64931,-1
64932,-1
64933,-1
64934,-1
64935,-1
64936,-1
64937,-1
64938,-1
64939,-1
64940,-1
64941,-1
64942,-1
64943,-1
64944,-1
64945,-1
64946,-1
64947,-1
64948,1
64949,2
64950,-1
64951,-1
64952,-1
64953,-1
64954,-1
64955,-1
64956,-1
64957,-1
64958,-1
64959,-1
64960,-1
64961,-1
64962,-1
64963,-1
64964,2
64965,0
64966,-1
64967,-1
64968,-1
64969,-1
64970,-1
64971,-1
64972,-1
64973,-1
64974,-1
64975,-1
64976,-1
64977,-1
64978,-1
64979,-1
64980,-1
64981,-1
64982,-1
64983,-1
64984,1
64985,1
64986,-1
64987,-1
64988,-1
64989,-1
64990,-1
64991,-1
64992,2
64993,0
64994,-1
64995,-1
64996,-1
64997,-1
64998,-1
64999,-1
65000,-1
65001,-1
65002,-1
65003,-1
65004,-1
65005,-1
65006,-1
65007,-1
65008,2
65009,2
65010,-1
65011,-1
65012,-1
65013,-1
65014,-1
65015,-1
65016,-1
65017,-1
65018,-1
65019,-1
65020,-1
65021,-1
65022,-1
65023,-1
65024,-1
65025,-1
65026,-1
65027,-1
65028,-1
65029,-1
65030,-1
65031,-1
65032,-1
65033,-1
65034,-1
65035,-1
65036,-1
65037,-1
65038,-1
65039,-1
65040,-1
65041,-1
65042,-1
65043,-1
65044,-1
65045,-1
65046,-1
65047,-1
65048,-1
65049,-1
65050,-1
65051,-1
65052,-1
65053,-1
65054,-1
65055,-1
65056,3
65057,2
65058,-1
65059,-1
65060,1
65061,0
65062,3
65063,1
65064,-1
65065,-1
65066,-1
65067,-1
65068,-1
65069,-1
65070,-1
65071,-1
65072,-1
65073,-1
65074,3
65075,2
65076,3
65077,1
65078,1
65079,0
65080,-1
65081,-1
65082,-1
65083,-1
65084,-1
65085,-1
65086,-1
65087,-1
65088,-1
65089,-1
65090,-1
65091,-1
65092,-1
65093,-1
65094,-1
65095,-1
65096,1
65097,2
65098,2
65099,0
65100,-1
65101,-1
65102,1
65103,1
65104,-1
65105,-1
65106,3
65107,0
65108,-1
65109,-1
65110,-1
65111,-1
65112,-1
65113,-1
65114,-1
65115,-1
65116,-1
65117,-1
65118,-1
65119,-1
65120,-1
65121,-1
65122,-1
65123,-1
65124,-1
65125,-1
65126,-1
65127,-1
65128,-1
65129,-1
65130,-1
65131,-1
65132,-1
65133,-1
65134,-1
65135,-1
65136,-1
65137,-1
65138,-1
65139,-1
65140,-1
65141,-1
65142,-1
65143,-1
65144,-1
65145,-1
65146,-1
65147,-1
65148,-1
65149,-1
65150,-1
65151,-1
65152,-1
65153,-1
65154,-1
65155,-1
65156,-1
65157,-1
65158,-1
65159,-1
65160,-1
65161,-1
65162,-1
65163,-1
65164,-1
65165,-1
65166,-1
65167,-1
65168,-1
65169,-1
65170,-1
65171,-1
65172,-1
65173,-1
65174,-1
65175,-1
65176,-1
65177,-1
65178,-1
65179,-1
65180,-1
65181,-1
65182,-1
65183,-1
65184,-1
65185,-1
65186,-1
65187,-1
65188,-1
65189,-1
65190,-1
65191,-1
65192,-1
65193,-1
65194,-1
65195,-1
65196,1
65197,2
65198,-1
65199,-1
65200,-1
65201,-1
65202,-1
65203,-1
65204,-1
65205,-1
65206,1
65207,0
65208,-1
65209,-1
65210,-1
65211,-1
65212,-1
65213,-1
65214,1
65215,1
65216,-1
65217,-1
65218,-1
65219,-1
65220,-1
65221,-1
65222,-1
65223,-1
65224,-1
65225,-1
65226,-1
65227,-1
65228,-1
65229,-1
65230,-1
65231,-1
65232,-1
65233,-1
65234,-1
65235,-1
65236,-1
65237,-1
65238,-1
65239,-1
65240,-1
65241,-1
65242,1
65243,2
65244,2
65245,2
65246,-1
65247,-1
65248,-1
65249,-1
65250,1
65251,0
65252,-1
65253,-1
65254,-1
65255,-1
65256,-1
65257,-1
65258,-1
65259,-1
65260,-1
65261,-1
65262,-1
65263,-1
65264,3
65265,1
65266,-1
65267,-1
65268,-1
65269,-1
65270,2
65271,0
65272,-1
65273,-1
65274,-1
65275,-1
65276,-1
65277,-1
65278,-1
65279,-1
65280,-1
65281,-1
65282,-1
65283,-1
65284,3
65285,1
65286,-1
65287,-1
65288,-1
65289,-1
65290,3
65291,0
65292,-1
65293,-1
65294,-1
65295,-1
65296,-1
65297,-1
65298,-1
65299,-1
65300,-1
65301,-1
65302,-1
65303,-1
65304,-1
65305,-1
65306,-1
65307,-1
65308,-1
65309,-1
65310,-1
65311,-1
65312,-1
65313,-1
65314,-1
65315,-1
65316,-1
65317,-1
65318,3
65319,0
65320,-1
65321,-1
65322,-1
65323,-1
65324,-1
65325,-1
65326,-1
65327,-1
65328,-1
65329,-1
65330,-1
65331,-1
65332,-1
65333,-1
65334,-1
65335,-1
65336,-1
65337,-1
65338,-1
65339,-1
65340,2
65341,2
65342,-1
65343,-1
65344,-1
65345,-1
65346,-1
65347,-1
65348,-1
65349,-1
65350,-1
65351,-1
65352,-1
65353,-1
65354,-1
65355,-1
65356,-1
65357,-1
65358,-1
65359,-1
65360,-1
65361,-1
65362,-1
65363,-1
65364,-1
65365,-1
65366,-1
65367,-1
65368,-1
65369,-1
65370,-1
65371,-1
65372,-1
65373,-1
65374,-1
65375,-1
65376,-1
65377,-1
65378,-1
65379,-1
65380,-1
65381,-1
65382,-1
65383,-1
65384,-1
65385,-1
65386,-1
65387,-1
65388,-1
65389,-1
65390,-1
65391,-1
65392,-1
65393,-1
65394,-1
65395,-1
65396,-1
65397,-1
65398,-1
65399,-1
65400,-1
65401,-1
65402,-1
65403,-1
65404,1
65405,1
65406,-1
65407,-1
65408,2
65409,1
65410,-1
65411,-1
65412,-1
65413,-1
65414,-1
65415,-1
65416,1
65417,2
65418,-1
65419,-1
65420,-1
65421,-1
65422,-1
65423,-1
65424,2
65425,2
65426,-1
65427,-1
65428,-1
65429,-1
65430,-1
65431,-1
65432,-1
65433,-1
65434,-1
65435,-1
65436,-1
65437,-1
65438,-1
65439,-1
65440,3
65441,1
65442,-1
65443,-1
65444,3
65445,1
65446,-1
65447,-1
65448,3
65449,0
65450,-1
65451,-1
65452,2
65453,1
65454,-1
65455,-1
65456,-1
65457,-1
65458,-1
65459,-1
65460,-1
65461,-1
65462,-1
65463,-1
65464,-1
65465,-1
65466,-1
65467,-1
65468,-1
65469,-1
65470,-1
65471,-1
65472,3
65473,0
65474,-1
65475,-1
65476,-1
65477,-1
65478,3
65479,1
65480,-1
65481,-1
65482,-1
65483,-1
65484,-1
65485,-1
65486,-1
65487,-1
65488,-1
65489,-1
65490,2
65491,0
65492,3
65493,1
65494,-1
65495,-1
65496,-1
65497,-1
65498,-1
65499,-1
65500,-1
65501,-1
65502,-1
65503,-1
65504,-1
65505,-1
65506,-1
65507,-1
65508,-1
65509,-1
65510,-1
65511,-1
65512,-1
65513,-1
65514,-1
65515,-1
65516,-1
65517,-1
65518,-1
65519,-1
65520,-1
65521,-1
65522,-1
65523,-1
65524,-1
65525,-1
65526,-1
65527,-1
65528,-1
65529,-1
65530,2
65531,0
65532,-1
65533,-1
65534,-1
65535,-1
65536,-1
65537,-1
65538,2
65539,0
65540,-1
65541,-1
65542,-1
65543,-1
65544,-1
65545,-1
65546,-1
65547,-1
65548,-1
65549,-1
65550,-1
65551,-1
65552,3
65553,1
65554,2
65555,0
65556,-1
65557,-1
65558,-1
65559,-1
65560,1
65561,1
65562,-1
65563,-1
65564,-1
65565,-1
65566,-1
65567,-1
65568,-1
65569,-1
65570,-1
65571,-1
65572,-1
65573,-1
65574,-1
65575,-1
65576,-1
65577,-1
65578,-1
65579,-1
65580,-1
65581,-1
65582,3
65583,0
65584,-1
65585,-1
65586,-1
65587,-1
65588,-1
65589,-1
65590,-1
65591,-1
65592,-1
65593,-1
65594,-1
65595,-1
65596,-1
65597,-1
65598,-1
65599,-1
65600,3
65601,1
65602,-1
65603,-1
65604,-1
65605,-1
65606,-1
65607,-1
65608,-1
65609,-1
65610,2
65611,2
65612,-1
65613,-1
65614,1
65615,1
65616,-1
65617,-1
65618,1
65619,0
65620,3
65621,2
65622,-1
65623,-1
65624,-1
65625,-1
65626,-1
65627,-1
65628,-1
65629,-1
65630,-1
65631,-1
65632,-1
65633,-1
65634,-1
65635,-1
65636,-1
65637,-1
65638,-1
65639,-1
65640,-1
65641,-1
65642,-1
65643,-1
65644,-1
65645,-1
65646,-1
65647,-1
65648,-1
65649,-1
65650,-1
65651,-1
65652,-1
65653,-1
65654,-1
65655,-1
65656,-1
65657,-1
65658,-1
65659,-1
65660,-1
65661,-1
65662,-1
65663,-1
65664,-1
65665,-1
65666,-1
65667,-1
65668,-1
65669,-1
65670,-1
65671,-1
65672,-1
65673,-1
65674,-1
65675,-1
65676,-1
65677,-1
65678,-1
65679,-1
65680,-1
65681,-1
65682,-1
65683,-1
65684,-1
65685,-1
65686,-1
65687,-1
65688,-1
65689,-1
65690,-1
65691,-1
65692,-1
65693,-1
65694,-1
65695,-1
65696,-1
65697,-1
65698,-1
65699,-1
65700,-1
65701,-1
65702,-1
65703,-1
65704,-1
65705,-1
65706,-1
65707,-1
65708,-1
65709,-1
65710,-1
65711,-1
65712,-1
65713,-1
65714,1
65715,0
65716,-1
65717,-1
65718,3
65719,2
65720,2
65721,0
65722,-1
65723,-1
65724,-1
65725,-1
65726,-1
65727,-1
65728,-1
65729,-1
65730,-1
65731,-1
65732,-1
65733,-1
65734,-1
65735,-1
65736,-1
65737,-1
65738,-1
65739,-1
65740,-1
65741,-1
65742,-1
65743,-1
65744,1
65745,0
65746,-1
65747,-1
65748,-1
65749,-1
65750,-1
65751,-1
65752,2
65753,2
65754,3
65755,0
65756,-1
65757,-1
65758,-1
65759,-1
65760,-1
65761,-1
65762,-1
65763,-1
65764,-1
65765,-1
65766,-1
65767,-1
65768,-1
65769,-1
65770,-1
65771,-1
65772,-1
65773,-1
65774,-1
65775,-1
65776,-1
65777,-1
65778,-1
65779,-1
65780,-1
65781,-1
65782,-1
65783,-1
65784,-1
65785,-1
65786,-1
65787,-1
65788,-1
65789,-1
65790,-1
65791,-1
65792,1
65793,1
65794,-1
65795,-1
65796,3
65797,0
65798,-1
65799,-1
65800,-1
65801,-1
65802,-1
65803,-1
65804,1
65805,2
65806,2
65807,1
65808,-1
65809,-1
65810,-1
65811,-1
65812,2
65813,1
65814,-1
65815,-1
65816,-1
65817,-1
65818,-1
65819,-1
65820,1
65821,1
65822,-1
65823,-1
65824,-1
65825,-1
65826,-1
65827,-1
65828,3
65829,1
65830,-1
65831,-1
65832,-1
65833,-1
65834,-1
65835,-1
65836,-1
65837,-1
65838,-1
65839,-1
65840,-1
65841,-1
65842,-1
65843,-1
65844,-1
65845,-1
65846,2
65847,2
65848,-1
65849,-1
65850,-1
65851,-1
65852,-1
65853,-1
65854,-1
65855,-1
65856,-1
65857,-1
65858,-1
65859,-1
65860,-1
65861,-1
65862,-1
65863,-1
65864,-1
65865,-1
65866,-1
65867,-1
65868,-1
65869,-1
65870,-1
65871,-1
65872,-1
65873,-1
65874,1
65875,0
65876,-1
65877,-1
65878,-1
65879,-1
65880,-1
65881,-1
65882,-1
65883,-1
65884,-1
65885,-1
65886,-1
65887,-1
65888,-1
65889,-1
65890,-1
65891,-1
65892,-1
65893,-1
65894,1
65895,2
65896,-1
65897,-1
65898,-1
65899,-1
65900,-1
65901,-1
65902,-1
65903,-1
65904,1
65905,1
65906,-1
65907,-1
65908,-1
65909,-1
65910,-1
65911,-1
65912,-1
65913,-1
65914,-1
65915,-1
65916,-1
65917,-1
65918,-1
65919,-1
65920,3
65921,2
65922,-1
65923,-1
65924,-1
65925,-1
65926,-1
65927,-1
65928,-1
65929,-1
65930,2
65931,1
65932,-1
65933,-1
65934,-1
65935,-1
65936,-1
65937,-1
65938,3
65939,2
65940,-1
65941,-1
65942,-1
65943,-1
65944,-1
65945,-1
65946,-1
65947,-1
65948,-1
65949,-1
65950,-1
65951,-1
65952,-1
65953,-1
65954,-1
65955,-1
65956,-1
65957,-1
65958,-1
65959,-1
65960,3
65961,0
65962,-1
65963,-1
65964,-1
65965,-1
65966,-1
65967,-1
65968,-1
65969,-1
65970,-1
65971,-1
65972,-1
65973,-1
65974,-1
65975,-1
65976,-1
65977,-1
65978,-1
65979,-1
65980,-1
65981,-1
65982,-1
65983,-1
65984,-1
65985,-1
65986,-1
65987,-1
65988,-1
65989,-1
65990,-1
65991,-1
65992,-1
65993,-1
65994,-1
65995,-1
65996,-1
65997,-1
65998,-1
65999,-1
66000,-1
66001,-1
66002,-1
66003,-1
66004,-1
66005,-1
66006,-1
66007,-1
66008,-1
66009,-1
66010,3
66011,2
66012,-1
66013,-1
66014,-1
66015,-1
66016,-1
66017,-1
66018,-1
66019,-1
66020,-1
66021,-1
66022,-1
66023,-1
66024,3
66025,1
66026,-1
66027,-1
66028,1
66029,1
66030,3
66031,1
66032,-1
66033,-1
66034,-1
66035,-1
66036,-1
66037,-1
66038,3
66039,2
66040,-1
66041,-1
66042,-1
66043,-1
66044,-1
66045,-1
66046,2
66047,1
66048,-1
66049,-1
66050,2
66051,0
66052,-1
66053,-1
66054,-1
66055,-1
66056,-1
66057,-1
66058,-1
66059,-1
66060,-1
66061,-1
66062,-1
66063,-1
66064,-1
66065,-1
66066,-1
66067,-1
66068,-1
66069,-1
66070,-1
66071,-1
66072,2
66073,0
66074,-1
66075,-1
66076,-1
66077,-1
66078,-1
66079,-1
66080,-1
66081,-1
66082,-1
66083,-1
66084,-1
66085,-1
66086,-1
66087,-1
66088,-1
66089,-1
66090,-1
66091,-1
66092,1
66093,0
66094,-1
66095,-1
66096,-1
66097,-1
66098,1
66099,0
66100,-1
66101,-1
66102,-1
66103,-1
66104,2
66105,0
66106,-1
66107,-1
66108,-1
66109,-1
66110,-1
66111,-1
66112,-1
66113,-1
66114,-1
66115,-1
66116,-1
66117,-1
66118,-1
66119,-1
66120,-1
66121,-1
66122,-1
66123,-1
66124,-1
66125,-1
66126,-1
66127,-1
66128,-1
66129,-1
66130,-1
66131,-1
66132,3
66133,2
66134,-1
66135,-1
66136,-1
66137,-1
66138,-1
66139,-1
66140,-1
66141,-1
66142,-1
66143,-1
66144,-1
66145,-1
66146,-1
66147,-1
66148,-1
66149,-1
66150,-1
66151,-1
66152,-1
66153,-1
66154,-1
66155,-1
66156,-1
66157,-1
66158,-1
66159,-1
66160,-1
66161,-1
66162,-1
66163,-1
66164,-1
66165,-1
66166,-1
66167,-1
66168,-1
66169,-1
66170,3
66171,0
66172,-1
66173,-1
66174,-1
66175,-1
66176,-1
66177,-1
66178,-1
66179,-1
66180,-1
66181,-1
66182,-1
66183,-1
66184,-1
66185,-1
66186,1
66187,0
66188,-1
66189,-1
66190,-1
66191,-1
66192,-1
66193,-1
66194,1
66195,0
66196,-1
66197,-1
66198,3
66199,2
66200,-1
66201,-1
66202,-1
66203,-1
66204,-1
66205,-1
66206,-1
66207,-1
66208,2
66209,0
66210,-1
66211,-1
66212,-1
66213,-1
66214,-1
66215,-1
66216,3
66217,2
66218,-1
66219,-1
66220,3
66221,2
66222,-1
66223,-1
66224,-1
66225,-1
66226,-1
66227,-1
66228,-1
66229,-1
66230,-1
66231,-1
66232,-1
66233,-1
66234,1
66235,0
66236,-1
66237,-1
66238,-1
66239,-1
66240,-1
66241,-1
66242,-1
66243,-1
66244,-1
66245,-1
66246,-1
66247,-1
66248,-1
66249,-1
66250,-1
66251,-1
66252,-1
66253,-1
66254,-1
66255,-1
66256,-1
66257,-1
66258,-1
66259,-1
66260,1
66261,2
66262,3
66263,2
66264,-1
66265,-1
66266,-1
66267,-1
66268,-1
66269,-1
66270,-1
66271,-1
66272,-1
66273,-1
66274,-1
66275,-1
66276,1
66277,0
66278,-1
66279,-1
66280,1
66281,0
66282,-1
66283,-1
66284,-1
66285,-1
66286,-1
66287,-1
66288,2
66289,2
66290,-1
66291,-1
66292,-1
66293,-1
66294,-1
66295,-1
66296,-1
66297,-1
66298,-1
66299,-1
66300,-1
66301,-1
66302,-1
66303,-1
66304,-1
66305,-1
66306,-1
66307,-1
66308,-1
66309,-1
66310,1
66311,0
66312,-1
66313,-1
66314,-1
66315,-1
66316,-1
66317,-1
66318,-1
66319,-1
66320,-1
66321,-1
66322,-1
66323,-1
66324,-1
66325,-1
66326,-1
66327,-1
66328,-1
66329,-1
66330,2
66331,1
66332,-1
66333,-1
66334,2
66335,2
66336,-1
66337,-1
66338,-1
66339,-1
66340,-1
66341,-1
66342,-1
66343,-1
66344,-1
66345,-1
66346,-1
66347,-1
66348,1
66349,0
66350,-1
66351,-1
66352,-1
66353,-1
66354,-1
66355,-1
66356,-1
66357,-1
66358,-1
66359,-1
66360,-1
66361,-1
66362,-1
66363,-1
66364,-1
66365,-1
66366,-1
66367,-1
66368,-1
66369,-1
66370,-1
66371,-1
66372,-1
66373,-1
66374,2
66375,0
66376,1
66377,1
66378,-1
66379,-1
66380,-1
66381,-1
66382,-1
66383,-1
66384,-1
66385,-1
66386,-1
66387,-1
66388,-1
66389,-1
66390,-1
66391,-1
66392,-1
66393,-1
66394,3
66395,2
66396,-1
66397,-1
66398,-1
66399,-1
66400,3
66401,2
66402,3
66403,1
66404,-1
66405,-1
66406,3
66407,1
66408,-1
66409,-1
66410,3
66411,0
66412,-1
66413,-1
66414,-1
66415,-1
66416,-1
66417,-1
66418,-1
66419,-1
66420,1
66421,1
66422,-1
66423,-1
66424,-1
66425,-1
66426,-1
66427,-1
66428,-1
66429,-1
66430,-1
66431,-1
66432,-1
66433,-1
66434,-1
66435,-1
66436,-1
66437,-1
66438,-1
66439,-1
66440,-1
66441,-1
66442,-1
66443,-1
66444,-1
66445,-1
66446,-1
66447,-1
66448,-1
66449,-1
66450,-1
66451,-1
66452,-1
66453,-1
66454,-1
66455,-1
66456,-1
66457,-1
66458,-1
66459,-1
66460,-1
66461,-1
66462,-1
66463,-1
66464,-1
66465,-1
66466,-1
66467,-1
66468,-1
66469,-1
66470,-1
66471,-1
66472,-1
66473,-1
66474,-1
66475,-1
66476,-1
66477,-1
66478,-1
66479,-1
66480,-1
66481,-1
66482,-1
66483,-1
66484,-1
66485,-1
66486,-1
66487,-1
66488,2
66489,1
66490,-1
66491,-1
66492,-1
66493,-1
66494,-1
66495,-1
66496,-1
66497,-1
66498,-1
66499,-1
66500,-1
66501,-1
66502,-1
66503,-1
66504,-1
66505,-1
66506,-1
66507,-1
66508,-1
66509,-1
66510,-1
66511,-1
66512,1
66513,1
66514,-1
66515,-1
66516,-1
66517,-1
66518,-1
66519,-1
66520,-1
66521,-1
66522,-1
66523,-1
66524,-1
66525,-1
66526,-1
66527,-1
66528,-1
66529,-1
66530,-1
66531,-1
66532,-1
66533,-1
66534,-1
66535,-1
66536,-1
66537,-1
66538,-1
66539,-1
66540,-1
66541,-1
66542,-1
66543,-1
66544,-1
66545,-1
66546,-1
66547,-1
66548,-1
66549,-1
66550,-1
66551,-1
66552,-1
66553,-1
66554,1
66555,2
66556,-1
66557,-1
66558,-1
66559,-1
66560,-1
66561,-1
66562,-1
66563,-1
66564,2
66565,2
66566,-1
66567,-1
66568,-1
66569,-1
66570,-1
66571,-1
66572,-1
66573,-1
66574,-1
66575,-1
66576,-1
66577,-1
66578,-1
66579,-1
66580,-1
66581,-1
66582,-1
66583,-1
66584,2
66585,2
66586,-1
66587,-1
66588,-1
66589,-1
66590,-1
66591,-1
66592,-1
66593,-1
66594,-1
66595,-1
66596,-1
66597,-1
66598,-1
66599,-1
66600,-1
66601,-1
66602,-1
66603,-1
66604,-1
66605,-1
66606,-1
66607,-1
66608,1
66609,1
66610,-1
66611,-1
66612,3
66613,0
66614,-1
66615,-1
66616,-1
66617,-1
66618,-1
66619,-1
66620,-1
66621,-1
66622,-1
66623,-1
66624,-1
66625,-1
66626,-1
66627,-1
66628,-1
66629,-1
66630,-1
66631,-1
66632,-1
66633,-1
66634,-1
66635,-1
66636,-1
66637,-1
66638,-1
66639,-1
66640,-1
66641,-1
66642,1
66643,0
66644,-1
66645,-1
66646,-1
66647,-1
66648,-1
66649,-1
66650,1
66651,0
66652,-1
66653,-1
66654,-1
66655,-1
66656,-1
66657,-1
66658,-1
66659,-1
66660,-1
66661,-1
66662,-1
66663,-1
66664,-1
66665,-1
66666,-1
66667,-1
66668,-1
66669,-1
66670,-1
66671,-1
66672,-1
66673,-1
66674,-1
66675,-1
66676,-1
66677,-1
66678,-1
66679,-1
66680,-1
66681,-1
66682,-1
66683,-1
66684,-1
66685,-1
66686,-1
66687,-1
66688,-1
66689,-1
66690,2
66691,1
66692,-1
66693,-1
66694,-1
66695,-1
66696,1
66697,0
66698,-1
66699,-1
66700,-1
66701,-1
66702,-1
66703,-1
66704,1
66705,0
66706,-1
66707,-1
66708,-1
66709,-1
66710,2
66711,2
66712,2
66713,0
66714,-1
66715,-1
66716,-1
66717,-1
66718,-1
66719,-1
66720,-1
66721,-1
66722,1
66723,1
66724,1
66725,0
66726,-1
66727,-1
66728,-1
66729,-1
66730,-1
66731,-1
66732,-1
66733,-1
66734,2
66735,1
66736,-1
66737,-1
66738,-1
66739,-1
66740,-1
66741,-1
66742,-1
66743,-1
66744,-1
66745,-1
66746,-1
66747,-1
66748,1
66749,1
66750,-1
66751,-1
66752,1
66753,1
66754,-1
66755,-1
66756,-1
66757,-1
66758,-1
66759,-1
66760,-1
66761,-1
66762,-1
66763,-1
66764,-1
66765,-1
66766,-1
66767,-1
66768,-1
66769,-1
66770,-1
66771,-1
66772,-1
66773,-1
66774,-1
66775,-1
66776,-1
66777,-1
66778,-1
66779,-1
66780,-1
66781,-1
66782,3
66783,0
66784,-1
66785,-1
66786,-1
66787,-1
66788,-1
66789,-1
66790,-1
66791,-1
66792,-1
66793,-1
66794,-1
66795,-1
66796,3
66797,0
66798,-1
66799,-1
66800,-1
66801,-1
66802,-1
66803,-1
66804,2
66805,2
66806,-1
66807,-1
66808,-1
66809,-1
66810,-1
66811,-1
66812,-1
66813,-1
66814,-1
66815,-1
66816,3
66817,2
66818,2
66819,0
66820,-1
66821,-1
66822,3
66823,2
66824,-1
66825,-1
66826,-1
66827,-1
66828,-1
66829,-1
66830,2
66831,0
66832,-1
66833,-1
66834,-1
66835,-1
66836,-1
66837,-1
66838,-1
66839,-1
66840,1
66841,0
66842,-1
66843,-1
66844,-1
66845,-1
66846,-1
66847,-1
66848,-1
66849,-1
66850,-1
66851,-1
66852,-1
66853,-1
66854,-1
66855,-1
66856,-1
66857,-1
66858,-1
66859,-1
66860,2
66861,2
66862,-1
66863,-1
66864,-1
66865,-1
66866,-1
66867,-1
66868,2
66869,2
66870,-1
66871,-1
66872,-1
66873,-1
66874,1
66875,2
66876,-1
66877,-1
66878,3
66879,1
66880,-1
66881,-1
66882,-1
66883,-1
66884,2
66885,1
66886,-1
66887,-1
66888,-1
66889,-1
66890,-1
66891,-1
66892,-1
66893,-1
66894,-1
66895,-1
66896,-1
66897,-1
66898,3
66899,1
66900,-1
66901,-1
66902,-1
66903,-1
66904,-1
66905,-1
66906,-1
66907,-1
66908,-1
66909,-1
66910,-1
66911,-1
66912,-1
66913,-1
66914,2
66915,2
66916,2
66917,2
66918,1
66919,2
66920,-1
66921,-1
66922,-1
66923,-1
66924,-1
66925,-1
66926,-1
66927,-1
66928,1
66929,0
66930,-1
66931,-1
66932,-1
66933,-1
66934,-1
66935,-1
66936,-1
66937,-1
66938,-1
66939,-1
66940,-1
66941,-1
66942,-1
66943,-1
66944,-1
66945,-1
66946,-1
66947,-1
66948,-1
66949,-1
66950,-1
66951,-1
66952,-1
66953,-1
66954,-1
66955,-1
66956,-1
66957,-1
66958,-1
66959,-1
66960,-1
66961,-1
66962,-1
66963,-1
66964,-1
66965,-1
66966,-1
66967,-1
66968,-1
66969,-1
66970,-1
66971,-1
66972,-1
66973,-1
66974,-1
66975,-1
66976,-1
66977,-1
66978,3
66979,1
66980,3
66981,1
66982,-1
66983,-1
66984,-1
66985,-1
66986,2
66987,2
66988,1
66989,0
66990,-1
66991,-1
66992,-1
66993,-1
66994,1
66995,0
66996,-1
66997,-1
66998,-1
66999,-1
67000,-1
67001,-1
67002,1
67003,2
67004,-1
67005,-1
67006,-1
67007,-1
67008,-1
67009,-1
67010,-1
67011,-1
67012,-1
67013,-1
67014,-1
67015,-1
67016,-1
67017,-1
67018,1
67019,2
67020,-1
67021,-1
67022,-1
67023,-1
67024,-1
67025,-1
67026,-1
67027,-1
67028,-1
67029,-1
67030,-1
67031,-1
67032,-1
67033,-1
67034,-1
67035,-1
67036,-1
67037,-1
67038,-1
67039,-1
67040,3
67041,0
67042,-1
67043,-1
67044,-1
67045,-1
67046,-1
67047,-1
67048,-1
67049,-1
67050,-1
67051,-1
67052,-1
67053,-1
67054,-1
67055,-1
67056,-1
67057,-1
67058,-1
67059,-1
67060,-1
67061,-1
67062,-1
67063,-1
67064,-1
67065,-1
67066,-1
67067,-1
67068,-1
67069,-1
67070,-1
67071,-1
67072,-1
67073,-1
67074,-1
67075,-1
67076,-1
67077,-1
67078,-1
67079,-1
67080,-1
67081,-1
67082,2
67083,1
67084,-1
67085,-1
67086,-1
67087,-1
67088,3
67089,2
67090,-1
67091,-1
67092,-1
67093,-1
67094,-1
67095,-1
67096,-1
67097,-1
67098,-1
67099,-1
67100,-1
67101,-1
67102,-1
67103,-1
67104,-1
67105,-1
67106,-1
67107,-1
67108,-1
67109,-1
67110,-1
67111,-1
67112,-1
67113,-1
67114,-1
67115,-1
67116,-1
67117,-1
67118,-1
67119,-1
67120,-1
67121,-1
67122,-1
67123,-1
67124,-1
67125,-1
67126,3
67127,1
67128,-1
67129,-1
67130,-1
67131,-1
67132,-1
67133,-1
67134,-1
67135,-1
67136,-1
67137,-1
67138,-1
67139,-1
67140,-1
67141,-1
67142,-1
67143,-1
67144,-1
67145,-1
67146,-1
67147,-1
67148,-1
67149,-1
67150,-1
67151,-1
67152,-1
67153,-1
67154,-1
67155,-1
67156,-1
67157,-1
67158,-1
67159,-1
67160,-1
67161,-1
67162,-1
67163,-1
67164,-1
67165,-1
67166,-1
67167,-1
67168,-1
67169,-1
67170,2
67171,0
67172,-1
67173,-1
67174,-1
67175,-1
67176,-1
67177,-1
67178,-1
67179,-1
67180,-1
67181,-1
67182,-1
67183,-1
67184,-1
67185,-1
67186,-1
67187,-1
67188,-1
67189,-1
67190,-1
67191,-1
67192,-1
67193,-1
67194,3
67195,2
67196,-1
67197,-1
67198,2
67199,2
67200,-1
67201,-1
67202,-1
67203,-1
67204,-1
67205,-1
67206,-1
67207,-1
67208,-1
67209,-1
67210,3
67211,2
67212,2
67213,2
67214,-1
67215,-1
67216,-1
67217,-1
67218,-1
67219,-1
67220,-1
67221,-1
67222,1
67223,0
67224,-1
67225,-1
67226,-1
67227,-1
67228,-1
67229,-1
67230,-1
67231,-1
67232,-1
67233,-1
67234,-1
67235,-1
67236,-1
67237,-1
67238,-1
67239,-1
67240,-1
67241,-1
67242,-1
67243,-1
67244,-1
67245,-1
67246,-1
67247,-1
67248,-1
67249,-1
67250,-1
67251,-1
67252,-1
67253,-1
67254,2
67255,1
67256,-1
67257,-1
67258,-1
67259,-1
67260,-1
67261,-1
67262,-1
67263,-1
67264,-1
67265,-1
67266,2
67267,1
67268,-1
67269,-1
67270,-1
67271,-1
67272,-1
67273,-1
67274,1
67275,0
67276,-1
67277,-1
67278,-1
67279,-1
67280,-1
67281,-1
67282,-1
67283,-1
67284,-1
67285,-1
67286,-1
67287,-1
67288,-1
67289,-1
67290,-1
67291,-1
67292,-1
67293,-1
67294,-1
67295,-1
67296,3
67297,1
67298,-1
67299,-1
67300,-1
67301,-1
67302,-1
67303,-1
67304,-1
67305,-1
67306,-1
67307,-1
67308,-1
67309,-1
67310,-1
67311,-1
67312,-1
67313,-1
67314,3
67315,2
67316,-1
67317,-1
67318,-1
67319,-1
67320,-1
67321,-1
67322,-1
67323,-1
67324,-1
67325,-1
67326,-1
67327,-1
67328,-1
67329,-1
67330,-1
67331,-1
67332,-1
67333,-1
67334,-1
67335,-1
67336,-1
67337,-1
67338,-1
67339,-1
67340,-1
67341,-1
67342,-1
67343,-1
67344,-1
67345,-1
67346,-1
67347,-1
67348,-1
67349,-1
67350,3
67351,1
67352,-1
67353,-1
67354,-1
67355,-1
67356,-1
67357,-1
67358,-1
67359,-1
67360,2
67361,1
67362,-1
67363,-1
67364,-1
67365,-1
67366,-1
67367,-1
67368,1
67369,1
67370,-1
67371,-1
67372,-1
67373,-1
67374,-1
67375,-1
67376,-1
67377,-1
67378,1
67379,2
67380,-1
67381,-1
67382,1
67383,1
67384,-1
67385,-1
67386,2
67387,1
67388,-1
67389,-1
67390,-1
67391,-1
67392,2
67393,0
67394,-1
67395,-1
67396,-1
67397,-1
67398,-1
67399,-1
67400,-1
67401,-1
67402,-1
67403,-1
67404,3
67405,1
67406,1
67407,0
67408,3
67409,1
67410,-1
67411,-1
67412,1
67413,1
67414,-1
67415,-1
67416,1
67417,2
67418,-1
67419,-1
67420,3
67421,0
67422,-1
67423,-1
67424,-1
67425,-1
67426,-1
67427,-1
67428,-1
67429,-1
67430,-1
67431,-1
67432,-1
67433,-1
67434,-1
67435,-1
67436,-1
67437,-1
67438,-1
67439,-1
67440,-1
67441,-1
67442,-1
67443,-1
67444,-1
67445,-1
67446,-1
67447,-1
67448,-1
67449,-1
67450,-1
67451,-1
67452,1
67453,0
67454,-1
67455,-1
67456,-1
67457,-1
67458,-1
67459,-1
67460,-1
67461,-1
67462,-1
67463,-1
67464,-1
67465,-1
67466,-1
67467,-1
67468,-1
67469,-1
67470,-1
67471,-1
67472,1
67473,2
67474,-1
67475,-1
67476,-1
67477,-1
67478,2
67479,2
67480,-1
67481,-1
67482,-1
67483,-1
67484,-1
67485,-1
67486,-1
67487,-1
67488,-1
67489,-1
67490,-1
67491,-1
67492,-1
67493,-1
67494,-1
67495,-1
67496,-1
67497,-1
67498,-1
67499,-1
67500,2
67501,1
67502,-1
67503,-1
67504,-1
67505,-1
67506,1
67507,0
67508,-1
67509,-1
67510,-1
67511,-1
67512,-1
67513,-1
67514,-1
67515,-1
67516,-1
67517,-1
67518,-1
67519,-1
67520,-1
67521,-1
67522,1
67523,1
67524,-1
67525,-1
67526,-1
67527,-1
67528,-1
67529,-1
67530,-1
67531,-1
67532,-1
67533,-1
67534,-1
67535,-1
67536,-1
67537,-1
67538,-1
67539,-1
67540,-1
67541,-1
67542,-1
67543,-1
67544,-1
67545,-1
67546,-1
67547,-1
67548,-1
67549,-1
67550,-1
67551,-1
67552,-1
67553,-1
67554,-1
67555,-1
67556,3
67557,0
67558,-1
67559,-1
67560,-1
67561,-1
67562,-1
67563,-1
67564,-1
67565,-1
67566,-1
67567,-1
67568,-1
67569,-1
67570,-1
67571,-1
67572,-1
67573,-1
67574,-1
67575,-1
67576,-1
67577,-1
67578,-1
67579,-1
67580,-1
67581,-1
67582,2
67583,1
67584,-1
67585,-1
67586,-1
67587,-1
67588,-1
67589,-1
67590,-1
67591,-1
67592,-1
67593,-1
67594,-1
67595,-1
67596,-1
67597,-1
67598,-1
67599,-1
67600,1
67601,0
67602,1
67603,1
67604,-1
67605,-1
67606,-1
67607,-1
67608,-1
67609,-1
67610,1
67611,2
67612,1
67613,2
67614,1
67615,0
67616,-1
67617,-1
67618,-1
67619,-1
67620,1
67621,2
67622,-1
67623,-1
67624,-1
67625,-1
67626,2
67627,0
67628,-1
67629,-1
67630,-1
67631,-1
67632,-1
67633,-1
67634,-1
67635,-1
67636,-1
67637,-1
67638,-1
67639,-1
67640,-1
67641,-1
67642,2
67643,2
67644,-1
67645,-1
67646,-1
67647,-1
67648,-1
67649,-1
67650,-1
67651,-1
67652,-1
67653,-1
67654,-1
67655,-1
67656,-1
67657,-1
67658,-1
67659,-1
67660,-1
67661,-1
67662,-1
67663,-1
67664,-1
67665,-1
67666,1
67667,0
67668,-1
67669,-1
67670,-1
67671,-1
67672,2
67673,2
67674,-1
67675,-1
67676,-1
67677,-1
67678,2
67679,1
67680,-1
67681,-1
67682,-1
67683,-1
67684,-1
67685,-1
67686,-1
67687,-1
67688,3
67689,0
67690,-1
67691,-1
67692,-1
67693,-1
67694,-1
67695,-1
67696,-1
67697,-1
67698,-1
67699,-1
67700,-1
67701,-1
67702,3
67703,0
67704,-1
67705,-1
67706,2
67707,1
67708,-1
67709,-1
67710,2
67711,1
67712,-1
67713,-1
67714,3
67715,1
67716,3
67717,2
67718,-1
67719,-1
67720,-1
67721,-1
67722,-1
67723,-1
67724,-1
67725,-1
67726,-1
67727,-1
67728,-1
67729,-1
67730,2
67731,2
67732,-1
67733,-1
67734,-1
67735,-1
67736,1
67737,1
67738,-1
67739,-1
67740,-1
67741,-1
67742,-1
67743,-1
67744,-1
67745,-1
67746,-1
67747,-1
67748,-1
67749,-1
67750,3
67751,2
67752,-1
67753,-1
67754,-1
67755,-1
67756,-1
67757,-1
67758,-1
67759,-1
67760,2
67761,2
67762,2
67763,1
67764,-1
67765,-1
67766,-1
67767,-1
67768,-1
67769,-1
67770,3
67771,0
67772,-1
67773,-1
67774,-1
67775,-1
67776,-1
67777,-1
67778,-1
67779,-1
67780,1
67781,2
67782,-1
67783,-1
67784,-1
67785,-1
67786,-1
67787,-1
67788,-1
67789,-1
67790,3
67791,0
67792,-1
67793,-1
67794,-1
67795,-1
67796,-1
67797,-1
67798,-1
67799,-1
67800,-1
67801,-1
67802,-1
67803,-1
67804,2
67805,0
67806,-1
67807,-1
67808,-1
67809,-1
67810,-1
67811,-1
67812,-1
67813,-1
67814,-1
67815,-1
67816,-1
67817,-1
67818,-1
67819,-1
67820,-1
67821,-1
67822,-1
67823,-1
67824,-1
67825,-1
67826,-1
67827,-1
67828,-1
67829,-1
67830,-1
67831,-1
67832,2
67833,0
67834,-1
67835,-1
67836,3
67837,1
67838,-1
67839,-1
67840,2
67841,1
67842,-1
67843,-1
67844,3
67845,1
67846,-1
67847,-1
67848,-1
67849,-1
67850,-1
67851,-1
67852,-1
67853,-1
67854,1
67855,2
67856,-1
67857,-1
67858,-1
67859,-1
67860,-1
67861,-1
67862,-1
67863,-1
67864,-1
67865,-1
67866,-1
67867,-1
67868,-1
67869,-1
67870,-1
67871,-1
67872,-1
67873,-1
67874,-1
67875,-1
67876,-1
67877,-1
67878,-1
67879,-1
67880,-1
67881,-1
67882,2
67883,0
67884,-1
67885,-1
67886,-1
67887,-1
67888,-1
67889,-1
67890,3
67891,1
67892,-1
67893,-1
67894,-1
67895,-1
67896,2
67897,2
67898,-1
67899,-1
67900,-1
67901,-1
67902,-1
67903,-1
67904,-1
67905,-1
67906,3
67907,2
67908,3
67909,0
67910,-1
67911,-1
67912,-1
67913,-1
67914,-1
67915,-1
67916,-1
67917,-1
67918,-1
67919,-1
67920,-1
67921,-1
67922,-1
67923,-1
67924,-1
67925,-1
67926,-1
67927,-1
67928,-1
67929,-1
67930,-1
67931,-1
67932,-1
67933,-1
67934,-1
67935,-1
67936,-1
67937,-1
67938,-1
67939,-1
67940,1
67941,2
67942,-1
67943,-1
67944,-1
67945,-1
67946,-1
67947,-1
67948,-1
67949,-1
67950,-1
67951,-1
67952,3
67953,1
67954,-1
67955,-1
67956,-1
67957,-1
67958,-1
67959,-1
67960,-1
67961,-1
67962,-1
67963,-1
67964,-1
67965,-1
67966,-1
67967,-1
67968,-1
67969,-1
67970,3
67971,1
67972,1
67973,0
67974,-1
67975,-1
67976,-1
67977,-1
67978,-1
67979,-1
67980,-1
67981,-1
67982,-1
67983,-1
67984,-1
67985,-1
67986,-1
67987,-1
67988,-1
67989,-1
67990,-1
67991,-1
67992,-1
67993,-1
67994,-1
67995,-1
67996,-1
67997,-1
67998,-1
67999,-1
68000,3
68001,1
68002,2
68003,2
68004,-1
68005,-1
68006,-1
68007,-1
68008,-1
68009,-1
68010,-1
68011,-1
68012,-1
68013,-1
68014,-1
68015,-1
68016,-1
68017,-1
68018,-1
68019,-1
68020,-1
68021,-1
68022,2
68023,1
68024,-1
68025,-1
68026,-1
68027,-1
68028,2
68029,2
68030,2
68031,0
68032,-1
68033,-1
68034,-1
68035,-1
68036,-1
68037,-1
68038,-1
68039,-1
68040,-1
68041,-1
68042,-1
68043,-1
68044,-1
68045,-1
68046,-1
68047,-1
68048,-1
68049,-1
68050,-1
68051,-1
68052,-1
68053,-1
68054,-1
68055,-1
68056,-1
68057,-1
68058,-1
68059,-1
68060,-1
68061,-1
68062,-1
68063,-1
68064,-1
68065,-1
68066,-1
68067,-1
68068,-1
68069,-1
68070,-1
68071,-1
68072,-1
68073,-1
68074,-1
68075,-1
68076,-1
68077,-1
68078,1
68079,2
68080,1
68081,1
68082,-1
68083,-1
68084,-1
68085,-1
68086,-1
68087,-1
68088,-1
68089,-1
68090,-1
68091,-1
68092,1
68093,1
68094,3
68095,2
68096,-1
68097,-1
68098,-1
68099,-1
68100,1
68101,2
68102,-1
68103,-1
68104,-1
68105,-1
68106,-1
68107,-1
68108,-1
68109,-1
68110,-1
68111,-1
68112,-1
68113,-1
68114,-1
68115,-1
68116,-1
68117,-1
68118,2
68119,1
68120,-1
68121,-1
68122,-1
68123,-1
68124,-1
68125,-1
68126,-1
68127,-1
68128,3
68129,2
68130,-1
68131,-1
68132,-1
68133,-1
68134,-1
68135,-1
68136,-1
68137,-1
68138,2
68139,0
68140,-1
68141,-1
68142,-1
68143,-1
68144,-1
68145,-1
68146,-1
68147,-1
68148,-1
68149,-1
68150,-1
68151,-1
68152,-1
68153,-1
68154,-1
68155,-1
68156,-1
68157,-1
68158,-1
68159,-1
68160,-1
68161,-1
68162,-1
68163,-1
68164,-1
68165,-1
68166,-1
68167,-1
68168,-1
68169,-1
68170,-1
68171,-1
68172,-1
68173,-1
68174,-1
68175,-1
68176,-1
68177,-1
68178,-1
68179,-1
68180,-1
68181,-1
68182,-1
68183,-1
68184,-1
68185,-1
68186,-1
68187,-1
68188,2
68189,0
68190,-1
68191,-1
68192,-1
68193,-1
68194,-1
68195,-1
68196,-1
68197,-1
68198,-1
68199,-1
68200,-1
68201,-1
68202,-1
68203,-1
68204,-1
68205,-1
68206,-1
68207,-1
68208,-1
68209,-1
68210,-1
68211,-1
68212,-1
68213,-1
68214,-1
68215,-1
68216,-1
68217,-1
68218,-1
68219,-1
68220,-1
68221,-1
68222,-1
68223,-1
68224,-1
68225,-1
68226,-1
68227,-1
68228,-1
68229,-1
68230,-1
68231,-1
68232,-1
68233,-1
68234,-1
68235,-1
68236,-1
68237,-1
68238,-1
68239,-1
68240,2
68241,1
68242,-1
68243,-1
68244,-1
68245,-1
68246,-1
68247,-1
68248,-1
68249,-1
68250,-1
68251,-1
68252,-1
68253,-1
68254,-1
68255,-1
68256,-1
68257,-1
68258,-1
68259,-1
68260,-1
68261,-1
68262,-1
68263,-1
68264,-1
68265,-1
68266,-1
68267,-1
68268,-1
68269,-1
68270,-1
68271,-1
68272,-1
68273,-1
68274,-1
68275,-1
68276,-1
68277,-1
68278,-1
68279,-1
68280,-1
68281,-1
68282,-1
68283,-1
68284,-1
68285,-1
68286,3
68287,2
68288,-1
68289,-1
68290,3
68291,1
68292,3
68293,0
68294,3
68295,1
68296,1
68297,1
68298,2
68299,1
68300,-1
68301,-1
68302,1
68303,1
68304,-1
68305,-1
68306,-1
68307,-1
68308,-1
68309,-1
68310,-1
68311,-1
68312,-1
68313,-1
68314,-1
68315,-1
68316,-1
68317,-1
68318,-1
68319,-1
68320,-1
68321,-1
68322,-1
68323,-1
68324,-1
68325,-1
68326,-1
68327,-1
68328,-1
68329,-1
68330,-1
68331,-1
68332,-1
68333,-1
68334,-1
68335,-1
68336,-1
68337,-1
68338,3
68339,2
68340,-1
68341,-1
68342,-1
68343,-1
68344,2
68345,0
68346,-1
68347,-1
68348,2
68349,0
68350,-1
68351,-1
68352,-1
68353,-1
68354,-1
68355,-1
68356,-1
68357,-1
68358,3
68359,2
68360,-1
68361,-1
68362,-1
68363,-1
68364,1
68365,0
68366,-1
68367,-1
68368,-1
68369,-1
68370,2
68371,1
68372,-1
68373,-1
68374,1
68375,1
68376,-1
68377,-1
68378,-1
68379,-1
68380,-1
68381,-1
68382,-1
68383,-1
68384,-1
68385,-1
68386,1
68387,0
68388,-1
68389,-1
68390,-1
68391,-1
68392,-1
68393,-1
68394,2
68395,2
68396,-1
68397,-1
68398,-1
68399,-1
68400,-1
68401,-1
68402,3
68403,1
68404,-1
68405,-1
68406,-1
68407,-1
68408,-1
68409,-1
68410,-1
68411,-1
68412,3
68413,2
68414,1
68415,2
68416,-1
68417,-1
68418,-1
68419,-1
68420,-1
68421,-1
68422,3
68423,0
68424,-1
68425,-1
68426,-1
68427,-1
68428,-1
68429,-1
68430,-1
68431,-1
68432,2
68433,2
68434,-1
68435,-1
68436,-1
68437,-1
68438,-1
68439,-1
68440,-1
68441,-1
68442,-1
68443,-1
68444,-1
68445,-1
68446,-1
68447,-1
68448,-1
68449,-1
68450,-1
68451,-1
68452,-1
68453,-1
68454,-1
68455,-1
68456,1
68457,0
68458,-1
68459,-1
68460,2
68461,0
68462,-1
68463,-1
68464,-1
68465,-1
68466,3
68467,2
68468,-1
68469,-1
68470,3
68471,1
68472,1
68473,0
68474,2
68475,2
68476,-1
68477,-1
68478,2
68479,0
68480,-1
68481,-1
68482,-1
68483,-1
68484,-1
68485,-1
68486,-1
68487,-1
68488,-1
68489,-1
68490,-1
68491,-1
68492,-1
68493,-1
68494,-1
68495,-1
68496,-1
68497,-1
68498,-1
68499,-1
68500,-1
68501,-1
68502,-1
68503,-1
68504,-1
68505,-1
68506,-1
68507,-1
68508,2
68509,2
68510,-1
68511,-1
68512,-1
68513,-1
68514,-1
68515,-1
68516,-1
68517,-1
68518,-1
68519,-1
68520,-1
68521,-1
68522,-1
68523,-1
68524,-1
68525,-1
68526,-1
68527,-1
68528,-1
68529,-1
68530,1
68531,2
68532,-1
68533,-1
68534,3
68535,1
68536,-1
68537,-1
68538,-1
68539,-1
68540,3
68541,0
68542,-1
68543,-1
68544,-1
68545,-1
68546,-1
68547,-1
68548,-1
68549,-1
68550,-1
68551,-1
68552,-1
68553,-1
68554,-1
68555,-1
68556,1
68557,0
68558,-1
68559,-1
68560,-1
68561,-1
68562,-1
68563,-1
68564,-1
68565,-1
68566,-1
68567,-1
68568,-1
68569,-1
68570,2
68571,2
68572,-1
68573,-1
68574,-1
68575,-1
68576,-1
68577,-1
68578,-1
68579,-1
68580,1
68581,1
68582,-1
68583,-1
68584,-1
68585,-1
68586,-1
68587,-1
68588,-1
68589,-1
68590,-1
68591,-1
68592,-1
68593,-1
68594,-1
68595,-1
68596,-1
68597,-1
68598,-1
68599,-1
68600,-1
68601,-1
68602,-1
68603,-1
68604,-1
68605,-1
68606,-1
68607,-1
68608,-1
68609,-1
68610,3
68611,2
68612,-1
68613,-1
68614,-1
68615,-1
68616,-1
68617,-1
68618,-1
68619,-1
68620,3
68621,2
68622,2
68623,1
68624,-1
68625,-1
68626,-1
68627,-1
68628,1
68629,1
68630,-1
68631,-1
68632,-1
68633,-1
68634,-1
68635,-1
68636,2
68637,1
68638,-1
68639,-1
68640,-1
68641,-1
68642,-1
68643,-1
68644,-1
68645,-1
68646,-1
68647,-1
68648,-1
68649,-1
68650,-1
68651,-1
68652,-1
68653,-1
68654,-1
68655,-1
68656,-1
68657,-1
68658,-1
68659,-1
68660,-1
68661,-1
68662,-1
68663,-1
68664,-1
68665,-1
68666,-1
68667,-1
68668,-1
68669,-1
68670,-1
68671,-1
68672,-1
68673,-1
68674,-1
68675,-1
68676,-1
68677,-1
68678,-1
68679,-1
68680,3
68681,0
68682,-1
68683,-1
68684,-1
68685,-1
68686,-1
68687,-1
68688,3
68689,1
68690,-1
68691,-1
68692,-1
68693,-1
68694,2
68695,1
68696,-1
68697,-1
68698,-1
68699,-1
68700,-1
68701,-1
68702,-1
68703,-1
68704,-1
68705,-1
68706,-1
68707,-1
68708,-1
68709,-1
68710,-1
68711,-1
68712,-1
68713,-1
68714,-1
68715,-1
68716,-1
68717,-1
68718,1
68719,1
68720,1
68721,0
68722,-1
68723,-1
68724,-1
68725,-1
68726,1
68727,0
68728,-1
68729,-1
68730,-1
68731,-1
68732,-1
68733,-1
68734,-1
68735,-1
68736,-1
68737,-1
68738,-1
68739,-1
68740,1
68741,0
68742,-1
68743,-1
68744,-1
68745,-1
68746,2
68747,1
68748,-1
68749,-1
68750,2
68751,1
68752,-1
68753,-1
68754,-1
68755,-1
68756,-1
68757,-1
68758,-1
68759,-1
68760,1
68761,1
68762,-1
68763,-1
68764,-1
68765,-1
68766,-1
68767,-1
68768,-1
68769,-1
68770,-1
68771,-1
68772,2
68773,0
68774,-1
68775,-1
68776,-1
68777,-1
68778,-1
68779,-1
68780,-1
68781,-1
68782,-1
68783,-1
68784,-1
68785,-1
68786,-1
68787,-1
68788,-1
68789,-1
68790,-1
68791,-1
68792,-1
68793,-1
68794,3
68795,2
68796,-1
68797,-1
68798,2
68799,1
68800,-1
68801,-1
68802,-1
68803,-1
68804,-1
68805,-1
68806,-1
68807,-1
68808,-1
68809,-1
68810,-1
68811,-1
68812,-1
68813,-1
68814,3
68815,1
68816,-1
68817,-1
68818,-1
68819,-1
68820,2
68821,2
68822,-1
68823,-1
68824,-1
68825,-1
68826,-1
68827,-1
68828,-1
68829,-1
68830,3
68831,1
68832,-1
68833,-1
68834,-1
68835,-1
68836,-1
68837,-1
68838,-1
68839,-1
68840,-1
68841,-1
68842,-1
68843,-1
68844,-1
68845,-1
68846,-1
68847,-1
68848,-1
68849,-1
68850,-1
68851,-1
68852,-1
68853,-1
68854,-1
68855,-1
68856,-1
68857,-1
68858,-1
68859,-1
68860,-1
68861,-1
68862,-1
68863,-1
68864,-1
68865,-1
68866,-1
68867,-1
68868,-1
68869,-1
68870,-1
68871,-1
68872,-1
68873,-1
68874,-1
68875,-1
68876,-1
68877,-1
68878,-1
68879,-1
68880,-1
68881,-1
68882,-1
68883,-1
68884,-1
68885,-1
68886,-1
68887,-1
68888,-1
68889,-1
68890,-1
68891,-1
68892,-1
68893,-1
68894,-1
68895,-1
68896,3
68897,1
68898,-1
68899,-1
68900,2
68901,0
68902,-1
68903,-1
68904,-1
68905,-1
68906,2
68907,1
68908,-1
68909,-1
68910,1
68911,0
68912,-1
68913,-1
68914,-1
68915,-1
68916,-1
68917,-1
68918,-1
68919,-1
68920,-1
68921,-1
68922,-1
68923,-1
68924,-1
68925,-1
68926,-1
68927,-1
68928,-1
68929,-1
68930,3
68931,2
68932,-1
68933,-1
68934,-1
68935,-1
68936,-1
68937,-1
68938,-1
68939,-1
68940,-1
68941,-1
68942,3
68943,1
68944,-1
68945,-1
68946,-1
68947,-1
68948,-1
68949,-1
68950,-1
68951,-1
68952,-1
68953,-1
68954,-1
68955,-1
68956,-1
68957,-1
68958,-1
68959,-1
68960,-1
68961,-1
68962,-1
68963,-1
68964,-1
68965,-1
68966,-1
68967,-1
68968,-1
68969,-1
68970,-1
68971,-1
68972,-1
68973,-1
68974,-1
68975,-1
68976,-1
68977,-1
68978,-1
68979,-1
68980,-1
68981,-1
68982,-1
68983,-1
68984,-1
68985,-1
68986,-1
68987,-1
68988,-1
68989,-1
68990,-1
68991,-1
68992,-1
68993,-1
68994,-1
68995,-1
68996,-1
68997,-1
68998,-1
68999,-1
69000,2
69001,0
69002,-1
69003,-1
69004,2
69005,1
69006,-1
69007,-1
69008,-1
69009,-1
69010,-1
69011,-1
69012,-1
69013,-1
69014,-1
69015,-1
69016,-1
69017,-1
69018,-1
69019,-1
69020,-1
69021,-1
69022,-1
69023,-1
69024,-1
69025,-1
69026,-1
69027,-1
69028,-1
69029,-1
69030,-1
69031,-1
69032,-1
69033,-1
69034,-1
69035,-1
69036,2
69037,0
69038,1
69039,0
69040,-1
69041,-1
69042,-1
69043,-1
69044,-1
69045,-1
69046,2
69047,0
69048,-1
69049,-1
69050,-1
69051,-1
69052,-1
69053,-1
69054,-1
69055,-1
69056,-1
69057,-1
69058,-1
69059,-1
69060,-1
69061,-1
69062,-1
69063,-1
69064,2
69065,2
69066,-1
69067,-1
69068,-1
69069,-1
69070,-1
69071,-1
69072,-1
69073,-1
69074,-1
69075,-1
69076,3
69077,2
69078,-1
69079,-1
69080,3
69081,1
69082,-1
69083,-1
69084,-1
69085,-1
69086,-1
69087,-1
69088,-1
69089,-1
69090,-1
69091,-1
69092,-1
69093,-1
69094,-1
69095,-1
69096,-1
69097,-1
69098,-1
69099,-1
69100,-1
69101,-1
69102,-1
69103,-1
69104,-1
69105,-1
69106,-1
69107,-1
69108,-1
69109,-1
69110,-1
69111,-1
69112,-1
69113,-1
69114,-1
69115,-1
69116,-1
69117,-1
69118,-1
69119,-1
69120,-1
69121,-1
69122,-1
69123,-1
69124,-1
69125,-1
69126,-1
69127,-1
69128,-1
69129,-1
69130,-1
69131,-1
69132,-1
69133,-1
69134,-1
69135,-1
69136,-1
69137,-1
69138,-1
69139,-1
69140,-1
69141,-1
69142,-1
69143,-1
69144,3
69145,2
69146,-1
69147,-1
69148,-1
69149,-1
69150,-1
69151,-1
69152,-1
69153,-1
69154,-1
69155,-1
69156,-1
69157,-1
69158,-1
69159,-1
69160,3
69161,2
69162,-1
69163,-1
69164,-1
69165,-1
69166,-1
69167,-1
69168,1
69169,0
69170,1
69171,1
69172,-1
69173,-1
69174,-1
69175,-1
69176,-1
69177,-1
69178,-1
69179,-1
69180,3
69181,2
69182,-1
69183,-1
69184,2
69185,1
69186,-1
69187,-1
69188,3
69189,2
69190,-1
69191,-1
69192,-1
69193,-1
69194,1
69195,2
69196,-1
69197,-1
69198,1
69199,2
69200,-1
69201,-1
69202,-1
69203,-1
69204,-1
69205,-1
69206,-1
69207,-1
69208,1
69209,0
69210,-1
69211,-1
69212,-1
69213,-1
69214,2
69215,0
69216,-1
69217,-1
69218,-1
69219,-1
69220,-1
69221,-1
69222,-1
69223,-1
69224,3
69225,1
69226,-1
69227,-1
69228,3
69229,1
69230,-1
69231,-1
69232,-1
69233,-1
69234,-1
69235,-1
69236,-1
69237,-1
69238,-1
69239,-1
69240,-1
69241,-1
69242,-1
69243,-1
69244,-1
69245,-1
69246,-1
69247,-1
69248,-1
69249,-1
69250,-1
69251,-1
69252,-1
69253,-1
69254,-1
69255,-1
69256,-1
69257,-1
69258,-1
69259,-1
69260,-1
69261,-1
69262,2
69263,0
69264,-1
69265,-1
69266,-1
69267,-1
69268,-1
69269,-1
69270,-1
69271,-1
69272,-1
69273,-1
69274,-1
69275,-1
69276,-1
69277,-1
69278,-1
69279,-1
69280,-1
69281,-1
69282,-1
69283,-1
69284,-1
69285,-1
69286,-1
69287,-1
69288,-1
69289,-1
69290,-1
69291,-1
69292,-1
69293,-1
69294,-1
69295,-1
69296,-1
69297,-1
69298,2
69299,1
69300,-1
69301,-1
69302,-1
69303,-1
69304,-1
69305,-1
69306,-1
69307,-1
69308,1
69309,2
69310,-1
69311,-1
69312,1
69313,2
69314,-1
69315,-1
69316,-1
69317,-1
69318,3
69319,2
69320,-1
69321,-1
69322,1
69323,0
69324,2
69325,1
69326,-1
69327,-1
69328,-1
69329,-1
69330,-1
69331,-1
69332,-1
69333,-1
69334,-1
69335,-1
69336,-1
69337,-1
69338,-1
69339,-1
69340,-1
69341,-1
69342,-1
69343,-1
69344,-1
69345,-1
69346,-1
69347,-1
69348,-1
69349,-1
69350,-1
69351,-1
69352,-1
69353,-1
69354,-1
69355,-1
69356,-1
69357,-1
69358,-1
69359,-1
69360,3
69361,1
69362,-1
69363,-1
69364,-1
69365,-1
69366,-1
69367,-1
69368,-1
69369,-1
69370,-1
69371,-1
69372,-1
69373,-1
69374,-1
69375,-1
69376,-1
69377,-1
69378,-1
69379,-1
69380,-1
69381,-1
69382,-1
69383,-1
69384,-1
69385,-1
69386,-1
69387,-1
69388,-1
69389,-1
69390,-1
69391,-1
69392,2
69393,2
69394,1
69395,2
69396,2
69397,2
69398,-1
69399,-1
69400,-1
69401,-1
69402,-1
69403,-1
69404,-1
69405,-1
69406,-1
69407,-1
69408,-1
69409,-1
69410,-1
69411,-1
69412,2
69413,1
69414,-1
69415,-1
69416,-1
69417,-1
69418,-1
69419,-1
69420,-1
69421,-1
69422,-1
69423,-1
69424,-1
69425,-1
69426,-1
69427,-1
69428,-1
69429,-1
69430,-1
69431,-1
69432,-1
69433,-1
69434,-1
69435,-1
69436,3
69437,1
69438,-1
69439,-1
69440,-1
69441,-1
69442,-1
69443,-1
69444,-1
69445,-1
69446,-1
69447,-1
69448,-1
69449,-1
69450,-1
69451,-1
69452,3
69453,2
69454,-1
69455,-1
69456,-1
69457,-1
69458,-1
69459,-1
69460,-1
69461,-1
69462,-1
69463,-1
69464,-1
69465,-1
69466,3
69467,2
69468,-1
69469,-1
69470,3
69471,1
69472,1
69473,2
69474,-1
69475,-1
69476,-1
69477,-1
69478,2
69479,2
69480,-1
69481,-1
69482,-1
69483,-1
69484,2
69485,1
69486,-1
69487,-1
69488,-1
69489,-1
69490,-1
69491,-1
69492,-1
69493,-1
69494,-1
69495,-1
69496,-1
69497,-1
69498,-1
69499,-1
69500,-1
69501,-1
69502,-1
69503,-1
69504,1
69505,2
69506,-1
69507,-1
69508,-1
69509,-1
69510,-1
69511,-1
69512,-1
69513,-1
69514,-1
69515,-1
69516,-1
69517,-1
69518,-1
69519,-1
69520,-1
69521,-1
69522,-1
69523,-1
69524,-1
69525,-1
69526,1
69527,0
69528,-1
69529,-1
69530,-1
69531,-1
69532,-1
69533,-1
69534,-1
69535,-1
69536,-1
69537,-1
69538,-1
69539,-1
69540,-1
69541,-1
69542,1
69543,1
69544,-1
69545,-1
69546,2
69547,2
69548,-1
69549,-1
69550,-1
69551,-1
69552,-1
69553,-1
69554,-1
69555,-1
69556,-1
69557,-1
69558,1
69559,2
69560,-1
69561,-1
69562,-1
69563,-1
69564,-1
69565,-1
69566,-1
69567,-1
69568,-1
69569,-1
69570,2
69571,0
69572,-1
69573,-1
69574,-1
69575,-1
69576,-1
69577,-1
69578,-1
69579,-1
69580,-1
69581,-1
69582,-1
69583,-1
69584,1
69585,1
69586,-1
69587,-1
69588,-1
69589,-1
69590,-1
69591,-1
69592,-1
69593,-1
69594,2
69595,2
69596,-1
69597,-1
69598,-1
69599,-1
69600,-1
69601,-1
69602,-1
69603,-1
69604,-1
69605,-1
69606,-1
69607,-1
69608,-1
69609,-1
69610,-1
69611,-1
69612,-1
69613,-1
69614,-1
69615,-1
69616,-1
69617,-1
69618,-1
69619,-1
69620,-1
69621,-1
69622,-1
69623,-1
69624,-1
69625,-1
69626,3
69627,1
69628,-1
69629,-1
69630,-1
69631,-1
69632,-1
69633,-1
69634,-1
69635,-1
69636,-1
69637,-1
69638,-1
69639,-1
69640,1
69641,1
69642,3
69643,2
69644,2
69645,0
69646,-1
69647,-1
69648,-1
69649,-1
69650,-1
69651,-1
69652,-1
69653,-1
69654,-1
69655,-1
69656,3
69657,2
69658,-1
69659,-1
69660,-1
69661,-1
69662,-1
69663,-1
69664,-1
69665,-1
69666,-1
69667,-1
69668,-1
69669,-1
69670,-1
69671,-1
69672,-1
69673,-1
69674,-1
69675,-1
69676,-1
69677,-1
69678,-1
69679,-1
69680,-1
69681,-1
69682,-1
69683,-1
69684,2
69685,1
69686,-1
69687,-1
69688,-1
69689,-1
69690,-1
69691,-1
69692,-1
69693,-1
69694,-1
69695,-1
69696,-1
69697,-1
69698,-1
69699,-1
69700,-1
69701,-1
69702,-1
69703,-1
69704,-1
69705,-1
69706,-1
69707,-1
69708,-1
69709,-1
69710,-1
69711,-1
69712,3
69713,2
69714,3
69715,0
69716,-1
69717,-1
69718,-1
69719,-1
69720,1
69721,1
69722,-1
69723,-1
69724,-1
69725,-1
69726,-1
69727,-1
69728,-1
69729,-1
69730,-1
69731,-1
69732,-1
69733,-1
69734,-1
69735,-1
69736,-1
69737,-1
69738,-1
69739,-1
69740,-1
69741,-1
69742,-1
69743,-1
69744,-1
69745,-1
69746,-1
69747,-1
69748,-1
69749,-1
69750,-1
69751,-1
69752,-1
69753,-1
69754,-1
69755,-1
69756,3
69757,1
69758,-1
69759,-1
69760,-1
69761,-1
69762,-1
69763,-1
69764,-1
69765,-1
69766,-1
69767,-1
69768,3
69769,1
69770,-1
69771,-1
69772,-1
69773,-1
69774,-1
69775,-1
69776,-1
69777,-1
69778,-1
69779,-1
69780,1
69781,0
69782,-1
69783,-1
69784,-1
69785,-1
69786,-1
69787,-1
69788,3
69789,1
69790,-1
69791,-1
69792,-1
69793,-1
69794,-1
69795,-1
69796,-1
69797,-1
69798,1
69799,1
69800,-1
69801,-1
69802,-1
69803,-1
69804,3
69805,0
69806,-1
69807,-1
69808,-1
69809,-1
69810,-1
69811,-1
69812,-1
69813,-1
69814,-1
69815,-1
69816,-1
69817,-1
69818,-1
69819,-1
69820,1
69821,0
69822,-1
69823,-1
69824,-1
69825,-1
69826,-1
69827,-1
69828,-1
69829,-1
69830,-1
69831,-1
69832,-1
69833,-1
69834,-1
69835,-1
69836,-1
69837,-1
69838,-1
69839,-1
69840,3
69841,2
69842,2
69843,2
69844,-1
69845,-1
69846,-1
69847,-1
69848,-1
69849,-1
69850,-1
69851,-1
69852,-1
69853,-1
69854,-1
69855,-1
69856,-1
69857,-1
69858,-1
69859,-1
69860,-1
69861,-1
69862,2
69863,2
69864,1
69865,2
69866,-1
69867,-1
69868,-1
69869,-1
69870,-1
69871,-1
69872,-1
69873,-1
69874,-1
69875,-1
69876,-1
69877,-1
69878,-1
69879,-1
69880,1
69881,0
69882,3
69883,1
69884,3
69885,1
69886,-1
69887,-1
69888,1
69889,1
69890,-1
69891,-1
69892,-1
69893,-1
69894,1
69895,1
69896,-1
69897,-1
69898,1
69899,0
69900,-1
69901,-1
69902,-1
69903,-1
69904,-1
69905,-1
69906,-1
69907,-1
69908,-1
69909,-1
69910,-1
69911,-1
69912,3
69913,0
69914,-1
69915,-1
69916,-1
69917,-1
69918,-1
69919,-1
69920,-1
69921,-1
69922,-1
69923,-1
69924,-1
69925,-1
69926,-1
69927,-1
69928,-1
69929,-1
69930,-1
69931,-1
69932,-1
69933,-1
69934,-1
69935,-1
69936,2
69937,0
69938,-1
69939,-1
69940,-1
69941,-1
69942,2
69943,1
69944,-1
69945,-1
69946,-1
69947,-1
69948,2
69949,0
69950,-1
69951,-1
69952,-1
69953,-1
69954,-1
69955,-1
69956,-1
69957,-1
69958,-1
69959,-1
69960,-1
69961,-1
69962,-1
69963,-1
69964,3
69965,2
69966,-1
69967,-1
69968,-1
69969,-1
69970,-1
69971,-1
69972,-1
69973,-1
69974,-1
69975,-1
69976,-1
69977,-1
69978,3
69979,2
69980,-1
69981,-1
69982,2
69983,2
69984,-1
69985,-1
69986,-1
69987,-1
69988,-1
69989,-1
69990,-1
69991,-1
69992,-1
69993,-1
69994,-1
69995,-1
69996,-1
69997,-1
69998,-1
69999,-1
70000,-1
70001,-1
70002,-1
70003,-1
70004,-1
70005,-1
70006,-1
70007,-1
70008,-1
70009,-1
70010,-1
70011,-1
70012,-1
70013,-1
70014,-1
70015,-1
70016,1
70017,0
70018,-1
70019,-1
70020,-1
70021,-1
70022,3
70023,0
70024,1
70025,1
70026,-1
70027,-1
70028,-1
70029,-1
70030,-1
70031,-1
70032,2
70033,0
70034,-1
70035,-1
70036,-1
70037,-1
70038,-1
70039,-1
70040,-1
70041,-1
70042,-1
70043,-1
70044,-1
70045,-1
70046,-1
70047,-1
70048,-1
70049,-1
70050,-1
70051,-1
70052,1
70053,1
70054,-1
70055,-1
70056,-1
70057,-1
70058,1
70059,2
70060,-1
70061,-1
70062,-1
70063,-1
70064,-1
70065,-1
70066,2
70067,1
70068,3
70069,0
70070,3
70071,0
70072,-1
70073,-1
70074,-1
70075,-1
70076,-1
70077,-1
70078,-1
70079,-1
70080,-1
70081,-1
70082,-1
70083,-1
70084,-1
70085,-1
70086,-1
70087,-1
70088,-1
70089,-1
70090,-1
70091,-1
70092,-1
70093,-1
70094,-1
70095,-1
70096,-1
70097,-1
70098,-1
70099,-1
70100,-1
70101,-1
70102,3
70103,1
70104,-1
70105,-1
70106,-1
70107,-1
70108,-1
70109,-1
70110,1
70111,2
70112,2
70113,1
70114,-1
70115,-1
70116,1
70117,1
70118,-1
70119,-1
70120,-1
70121,-1
70122,-1
70123,-1
70124,-1
70125,-1
70126,-1
70127,-1
70128,-1
70129,-1
70130,-1
70131,-1
70132,-1
70133,-1
70134,2
70135,2
70136,1
70137,2
70138,-1
70139,-1
70140,2
70141,2
70142,-1
70143,-1
70144,-1
70145,-1
70146,-1
70147,-1
70148,-1
70149,-1
70150,-1
70151,-1
70152,-1
70153,-1
70154,-1
70155,-1
70156,-1
70157,-1
70158,-1
70159,-1
70160,-1
70161,-1
70162,-1
70163,-1
70164,-1
70165,-1
70166,-1
70167,-1
70168,-1
70169,-1
70170,-1
70171,-1
70172,-1
70173,-1
70174,-1
70175,-1
70176,1
70177,0
70178,2
70179,1
70180,-1
70181,-1
70182,-1
70183,-1
70184,-1
70185,-1
70186,2
70187,0
70188,-1
70189,-1
70190,-1
70191,-1
70192,1
70193,0
70194,3
70195,1
70196,-1
70197,-1
70198,1
70199,0
70200,-1
70201,-1
70202,-1
70203,-1
70204,1
70205,2
70206,-1
70207,-1
70208,-1
70209,-1
70210,-1
70211,-1
70212,-1
70213,-1
70214,-1
70215,-1
70216,-1
70217,-1
70218,-1
70219,-1
70220,-1
70221,-1
70222,-1
70223,-1
70224,2
70225,0
70226,-1
70227,-1
70228,-1
70229,-1
70230,-1
70231,-1
70232,-1
70233,-1
70234,-1
70235,-1
70236,-1
70237,-1
70238,-1
70239,-1
70240,-1
70241,-1
70242,-1
70243,-1
70244,-1
70245,-1
70246,-1
70247,-1
70248,-1
70249,-1
70250,-1
70251,-1
70252,-1
70253,-1
70254,-1
70255,-1
70256,-1
70257,-1
70258,-1
70259,-1
70260,-1
70261,-1
70262,-1
70263,-1
70264,-1
70265,-1
70266,1
70267,2
70268,-1
70269,-1
70270,-1
70271,-1
70272,-1
70273,-1
70274,-1
70275,-1
70276,-1
70277,-1
70278,1
70279,1
70280,-1
70281,-1
70282,-1
70283,-1
70284,2
70285,1
70286,-1
70287,-1
70288,-1
70289,-1
70290,-1
70291,-1
70292,-1
70293,-1
70294,3
70295,0
70296,-1
70297,-1
70298,-1
70299,-1
70300,2
70301,0
70302,-1
70303,-1
70304,-1
70305,-1
70306,-1
70307,-1
70308,-1
70309,-1
70310,-1
70311,-1
70312,-1
70313,-1
70314,-1
70315,-1
70316,-1
70317,-1
70318,2
70319,1
70320,-1
70321,-1
70322,-1
70323,-1
70324,2
70325,2
70326,-1
70327,-1
70328,3
70329,1
70330,-1
70331,-1
70332,-1
70333,-1
70334,-1
70335,-1
70336,1
70337,0
70338,-1
70339,-1
70340,3
70341,1
70342,-1
70343,-1
70344,-1
70345,-1
70346,3
70347,2
70348,-1
70349,-1
70350,-1
70351,-1
70352,-1
70353,-1
70354,1
70355,2
70356,-1
70357,-1
70358,-1
70359,-1
70360,-1
70361,-1
70362,2
70363,2
70364,-1
70365,-1
70366,-1
70367,-1
70368,-1
70369,-1
70370,-1
70371,-1
70372,-1
70373,-1
70374,-1
70375,-1
70376,-1
70377,-1
70378,-1
70379,-1
70380,-1
70381,-1
70382,-1
70383,-1
70384,2
70385,1
70386,-1
70387,-1
70388,-1
70389,-1
70390,2
70391,0
70392,-1
70393,-1
70394,-1
70395,-1
70396,3
70397,1
70398,-1
70399,-1
70400,-1
70401,-1
70402,-1
70403,-1
70404,-1
70405,-1
70406,-1
70407,-1
70408,-1
70409,-1
70410,2
70411,2
70412,-1
70413,-1
70414,-1
70415,-1
70416,-1
70417,-1
70418,-1
70419,-1
70420,2
70421,1
70422,-1
70423,-1
70424,-1
70425,-1
70426,-1
70427,-1
70428,-1
70429,-1
70430,2
70431,1
70432,-1
70433,-1
70434,-1
70435,-1
70436,-1
70437,-1
70438,-1
70439,-1
70440,-1
70441,-1
70442,-1
70443,-1
70444,-1
70445,-1
70446,-1
70447,-1
70448,-1
70449,-1
70450,-1
70451,-1
70452,-1
70453,-1
70454,3
70455,0
70456,-1
70457,-1
70458,-1
70459,-1
70460,-1
70461,-1
70462,-1
70463,-1
70464,-1
70465,-1
70466,-1
70467,-1
70468,-1
70469,-1
70470,-1
70471,-1
70472,-1
70473,-1
70474,-1
70475,-1
70476,-1
70477,-1
70478,-1
70479,-1
70480,-1
70481,-1
70482,-1
70483,-1
70484,-1
70485,-1
70486,-1
70487,-1
70488,-1
70489,-1
70490,-1
70491,-1
70492,-1
70493,-1
70494,-1
70495,-1
70496,-1
70497,-1
70498,-1
70499,-1
70500,-1
70501,-1
70502,-1
70503,-1
70504,-1
70505,-1
70506,-1
70507,-1
70508,-1
70509,-1
70510,-1
70511,-1
70512,-1
70513,-1
70514,-1
70515,-1
70516,-1
70517,-1
70518,-1
70519,-1
70520,2
70521,0
70522,-1
70523,-1
70524,1
70525,0
70526,1
70527,1
70528,-1
70529,-1
70530,-1
70531,-1
70532,-1
70533,-1
70534,-1
70535,-1
70536,1
70537,1
70538,-1
70539,-1
70540,-1
70541,-1
70542,2
70543,0
70544,-1
70545,-1
70546,1
70547,0
70548,-1
70549,-1
70550,-1
70551,-1
70552,-1
70553,-1
70554,-1
70555,-1
70556,-1
70557,-1
70558,3
70559,2
70560,-1
70561,-1
70562,-1
70563,-1
70564,-1
70565,-1
70566,3
70567,0
70568,-1
70569,-1
70570,-1
70571,-1
70572,-1
70573,-1
70574,-1
70575,-1
70576,-1
70577,-1
70578,-1
70579,-1
70580,-1
70581,-1
70582,2
70583,2
70584,-1
70585,-1
70586,-1
70587,-1
70588,-1
70589,-1
70590,-1
70591,-1
70592,-1
70593,-1
70594,-1
70595,-1
70596,1
70597,0
70598,-1
70599,-1
70600,-1
70601,-1
70602,-1
70603,-1
70604,-1
70605,-1
70606,2
70607,2
70608,-1
70609,-1
70610,-1
70611,-1
70612,-1
70613,-1
70614,-1
70615,-1
70616,-1
70617,-1
70618,-1
70619,-1
70620,2
70621,2
70622,-1
70623,-1
70624,-1
70625,-1
70626,3
70627,2
70628,-1
70629,-1
70630,-1
70631,-1
70632,-1
70633,-1
70634,-1
70635,-1
70636,-1
70637,-1
70638,-1
70639,-1
70640,-1
70641,-1
70642,-1
70643,-1
70644,-1
70645,-1
70646,-1
70647,-1
70648,-1
70649,-1
70650,-1
70651,-1
70652,-1
70653,-1
70654,-1
70655,-1
70656,-1
70657,-1
70658,-1
70659,-1
70660,-1
70661,-1
70662,-1
70663,-1
70664,-1
70665,-1
70666,-1
70667,-1
70668,-1
70669,-1
70670,-1
70671,-1
70672,-1
70673,-1
70674,-1
70675,-1
70676,-1
70677,-1
70678,-1
70679,-1
70680,-1
70681,-1
70682,-1
70683,-1
70684,-1
70685,-1
70686,-1
70687,-1
70688,-1
70689,-1
70690,-1
70691,-1
70692,-1
70693,-1
70694,-1
70695,-1
70696,-1
70697,-1
70698,-1
70699,-1
70700,2
70701,0
70702,1
70703,2
70704,-1
70705,-1
70706,-1
70707,-1
70708,-1
70709,-1
70710,-1
70711,-1
70712,1
70713,0
70714,-1
70715,-1
70716,-1
70717,-1
70718,3
70719,2
70720,-1
70721,-1
70722,3
70723,2
70724,3
70725,0
70726,-1
70727,-1
70728,-1
70729,-1
70730,3
70731,2
70732,1
70733,2
70734,-1
70735,-1
70736,-1
70737,-1
70738,3
70739,1
70740,-1
70741,-1
70742,-1
70743,-1
70744,-1
70745,-1
70746,-1
70747,-1
70748,-1
70749,-1
70750,-1
70751,-1
70752,-1
70753,-1
70754,-1
70755,-1
70756,-1
70757,-1
70758,-1
70759,-1
70760,-1
70761,-1
70762,-1
70763,-1
70764,2
70765,0
70766,-1
70767,-1
70768,-1
70769,-1
70770,2
70771,2
70772,-1
70773,-1
70774,-1
70775,-1
70776,-1
70777,-1
70778,-1
70779,-1
70780,-1
70781,-1
70782,-1
70783,-1
70784,-1
70785,-1
70786,-1
70787,-1
70788,-1
70789,-1
70790,-1
70791,-1
70792,-1
70793,-1
70794,-1
70795,-1
70796,1
70797,1
70798,-1
70799,-1
70800,-1
70801,-1
70802,-1
70803,-1
70804,-1
70805,-1
70806,-1
70807,-1
70808,-1
70809,-1
70810,-1
70811,-1
70812,3
70813,0
70814,-1
70815,-1
70816,-1
70817,-1
70818,1
70819,0
70820,-1
70821,-1
70822,3
70823,0
70824,1
70825,2
70826,-1
70827,-1
70828,-1
70829,-1
70830,-1
70831,-1
70832,-1
70833,-1
70834,-1
70835,-1
70836,3
70837,1
70838,-1
70839,-1
70840,-1
70841,-1
70842,-1
70843,-1
70844,-1
70845,-1
70846,-1
70847,-1
70848,-1
70849,-1
70850,-1
70851,-1
70852,-1
70853,-1
70854,-1
70855,-1
70856,-1
70857,-1
70858,-1
70859,-1
70860,-1
70861,-1
70862,-1
70863,-1
70864,-1
70865,-1
70866,-1
70867,-1
70868,-1
70869,-1
70870,3
70871,1
70872,-1
70873,-1
70874,-1
70875,-1
70876,-1
70877,-1
70878,-1
70879,-1
70880,-1
70881,-1
70882,-1
70883,-1
70884,-1
70885,-1
70886,-1
70887,-1
70888,-1
70889,-1
70890,-1
70891,-1
70892,-1
70893,-1
70894,-1
70895,-1
70896,-1
70897,-1
70898,-1
70899,-1
70900,-1
70901,-1
70902,-1
70903,-1
70904,-1
70905,-1
70906,-1
70907,-1
70908,-1
70909,-1
70910,-1
70911,-1
70912,-1
70913,-1
70914,-1
70915,-1
70916,-1
70917,-1
70918,-1
70919,-1
70920,-1
70921,-1
70922,2
70923,2
70924,2
70925,1
70926,-1
70927,-1
70928,1
70929,1
70930,-1
70931,-1
70932,-1
70933,-1
70934,-1
70935,-1
70936,-1
70937,-1
70938,-1
70939,-1
70940,-1
70941,-1
70942,-1
70943,-1
70944,3
70945,1
70946,1
70947,0
70948,-1
70949,-1
70950,-1
70951,-1
70952,-1
70953,-1
70954,1
70955,0
70956,1
70957,2
70958,-1
70959,-1
70960,3
70961,2
70962,-1
70963,-1
70964,-1
70965,-1
70966,2
70967,1
70968,-1
70969,-1
70970,-1
70971,-1
70972,-1
70973,-1
70974,-1
70975,-1
70976,-1
70977,-1
70978,-1
70979,-1
70980,-1
70981,-1
70982,-1
70983,-1
70984,-1
70985,-1
70986,-1
70987,-1
70988,3
70989,1
70990,-1
70991,-1
70992,-1
70993,-1
70994,3
70995,2
70996,-1
70997,-1
70998,-1
70999,-1
71000,-1
71001,-1
71002,-1
71003,-1
71004,-1
71005,-1
71006,1
71007,2
71008,-1
71009,-1
71010,-1
71011,-1
71012,1
71013,2
71014,2
71015,2
71016,1
71017,0
71018,3
71019,1
71020,-1
71021,-1
71022,-1
71023,-1
71024,-1
71025,-1
71026,-1
71027,-1
71028,-1
71029,-1
71030,3
71031,2
71032,-1
71033,-1
71034,-1
71035,-1
71036,2
71037,1
71038,-1
71039,-1
71040,-1
71041,-1
71042,-1
71043,-1
71044,-1
71045,-1
71046,-1
71047,-1
71048,-1
71049,-1
71050,-1
71051,-1
71052,3
71053,1
71054,-1
71055,-1
71056,2
71057,2
71058,-1
71059,-1
71060,-1
71061,-1
71062,-1
71063,-1
71064,-1
71065,-1
71066,-1
71067,-1
71068,3
71069,0
71070,-1
71071,-1
71072,-1
71073,-1
71074,-1
71075,-1
71076,-1
71077,-1
71078,-1
71079,-1
71080,-1
71081,-1
71082,-1
71083,-1
71084,2
71085,0
71086,-1
71087,-1
71088,-1
71089,-1
71090,-1
71091,-1
71092,-1
71093,-1
71094,1
71095,1
71096,-1
71097,-1
71098,-1
71099,-1
71100,-1
71101,-1
71102,-1
71103,-1
71104,-1
71105,-1
71106,-1
71107,-1
71108,-1
71109,-1
71110,-1
71111,-1
71112,-1
71113,-1
71114,-1
71115,-1
71116,-1
71117,-1
71118,-1
71119,-1
71120,-1
71121,-1
71122,2
71123,2
71124,1
71125,0
71126,1
71127,2
71128,-1
71129,-1
71130,-1
71131,-1
71132,-1
71133,-1
71134,-1
71135,-1
71136,-1
71137,-1
71138,-1
71139,-1
71140,-1
71141,-1
71142,1
71143,1
71144,-1
71145,-1
71146,-1
71147,-1
71148,-1
71149,-1
71150,-1
71151,-1
71152,2
71153,2
71154,-1
71155,-1
71156,-1
71157,-1
71158,-1
71159,-1
71160,-1
71161,-1
71162,3
71163,1
71164,2
71165,0
71166,-1
71167,-1
71168,-1
71169,-1
71170,2
71171,0
71172,-1
71173,-1
71174,-1
71175,-1
71176,-1
71177,-1
71178,-1
71179,-1
71180,-1
71181,-1
71182,-1
71183,-1
71184,-1
71185,-1
71186,-1
71187,-1
71188,2
71189,2
71190,-1
71191,-1
71192,-1
71193,-1
71194,-1
71195,-1
71196,-1
71197,-1
71198,2
71199,0
71200,-1
71201,-1
71202,-1
71203,-1
71204,2
71205,1
71206,-1
71207,-1
71208,-1
71209,-1
71210,-1
71211,-1
71212,-1
71213,-1
71214,-1
71215,-1
71216,-1
71217,-1
71218,-1
71219,-1
71220,-1
71221,-1
71222,3
71223,2
71224,2
71225,1
71226,-1
71227,-1
71228,-1
71229,-1
71230,2
71231,1
71232,-1
71233,-1
71234,-1
71235,-1
71236,-1
71237,-1
71238,-1
71239,-1
71240,-1
71241,-1
71242,-1
71243,-1
71244,2
71245,1
71246,3
71247,2
71248,-1
71249,-1
71250,-1
71251,-1
71252,3
71253,1
71254,-1
71255,-1
71256,3
71257,0
71258,-1
71259,-1
71260,-1
71261,-1
71262,-1
71263,-1
71264,-1
71265,-1
71266,1
71267,0
71268,-1
71269,-1
71270,-1
71271,-1
71272,2
71273,0
71274,-1
71275,-1
71276,1
71277,0
71278,-1
71279,-1
71280,1
71281,2
71282,-1
71283,-1
71284,-1
71285,-1
71286,-1
71287,-1
71288,-1
71289,-1
71290,-1
71291,-1
71292,-1
71293,-1
71294,-1
71295,-1
71296,-1
71297,-1
71298,-1
71299,-1
71300,-1
71301,-1
71302,-1
71303,-1
71304,3
71305,0
71306,-1
71307,-1
71308,-1
71309,-1
71310,-1
71311,-1
71312,1
71313,2
71314,-1
71315,-1
71316,-1
71317,-1
71318,-1
71319,-1
71320,-1
71321,-1
71322,-1
71323,-1
71324,3
71325,0
71326,-1
71327,-1
71328,-1
71329,-1
71330,-1
71331,-1
71332,3
71333,2
71334,-1
71335,-1
71336,-1
71337,-1
71338,-1
71339,-1
71340,-1
71341,-1
71342,3
71343,2
71344,-1
71345,-1
71346,-1
71347,-1
71348,-1
71349,-1
71350,-1
71351,-1
71352,-1
71353,-1
71354,-1
71355,-1
71356,-1
71357,-1
71358,-1
71359,-1
71360,-1
71361,-1
71362,-1
71363,-1
71364,-1
71365,-1
71366,-1
71367,-1
71368,-1
71369,-1
71370,-1
71371,-1
71372,-1
71373,-1
71374,-1
71375,-1
71376,-1
71377,-1
71378,-1
71379,-1
71380,2
71381,1
71382,-1
71383,-1
71384,-1
71385,-1
71386,-1
71387,-1
71388,-1
71389,-1
71390,1
71391,2
71392,-1
71393,-1
71394,3
71395,0
71396,-1
71397,-1
71398,-1
71399,-1
71400,-1
71401,-1
71402,-1
71403,-1
71404,-1
71405,-1
71406,1
71407,0
71408,-1
71409,-1
71410,2
71411,0
71412,1
71413,1
71414,-1
71415,-1
71416,1
71417,1
71418,-1
71419,-1
71420,-1
71421,-1
71422,-1
71423,-1
71424,2
71425,2
71426,-1
71427,-1
71428,-1
71429,-1
71430,-1
71431,-1
71432,-1
71433,-1
71434,-1
71435,-1
71436,2
71437,1
71438,-1
71439,-1
71440,-1
71441,-1
71442,-1
71443,-1
71444,-1
71445,-1
71446,1
71447,2
71448,-1
71449,-1
71450,-1
71451,-1
71452,-1
71453,-1
71454,-1
71455,-1
71456,-1
71457,-1
71458,-1
71459,-1
71460,-1
71461,-1
71462,-1
71463,-1
71464,1
71465,1
71466,-1
71467,-1
71468,-1
71469,-1
71470,-1
71471,-1
71472,-1
71473,-1
71474,-1
71475,-1
71476,-1
71477,-1
71478,-1
71479,-1
71480,2
71481,2
71482,-1
71483,-1
71484,-1
71485,-1
71486,-1
71487,-1
71488,-1
71489,-1
71490,2
71491,0
71492,-1
71493,-1
71494,-1
71495,-1
71496,-1
71497,-1
71498,-1
71499,-1
71500,-1
71501,-1
71502,-1
71503,-1
71504,-1
71505,-1
71506,-1
71507,-1
71508,-1
71509,-1
71510,-1
71511,-1
71512,-1
71513,-1
71514,2
71515,1
71516,-1
71517,-1
71518,1
71519,2
71520,-1
71521,-1
71522,-1
71523,-1
71524,-1
71525,-1
71526,3
71527,2
71528,-1
71529,-1
71530,-1
71531,-1
71532,-1
71533,-1
71534,-1
71535,-1
71536,-1
71537,-1
71538,-1
71539,-1
71540,-1
71541,-1
71542,-1
71543,-1
71544,-1
71545,-1
71546,-1
71547,-1
71548,1
71549,0
71550,-1
71551,-1
71552,-1
71553,-1
71554,-1
71555,-1
71556,2
71557,2
71558,1
71559,1
71560,-1
71561,-1
71562,-1
71563,-1
71564,-1
71565,-1
71566,-1
71567,-1
71568,-1
71569,-1
71570,-1
71571,-1
71572,3
71573,0
71574,-1
71575,-1
71576,-1
71577,-1
71578,-1
71579,-1
71580,2
71581,2
71582,-1
71583,-1
71584,-1
71585,-1
71586,-1
71587,-1
71588,-1
71589,-1
71590,1
71591,1
71592,-1
71593,-1
71594,-1
71595,-1
71596,-1
71597,-1
71598,-1
71599,-1
71600,-1
71601,-1
71602,3
71603,1
71604,-1
71605,-1
71606,-1
71607,-1
71608,-1
71609,-1
71610,-1
71611,-1
71612,-1
71613,-1
71614,-1
71615,-1
71616,-1
71617,-1
71618,-1
71619,-1
71620,2
71621,0
71622,-1
71623,-1
71624,-1
71625,-1
71626,-1
71627,-1
71628,-1
71629,-1
71630,-1
71631,-1
71632,-1
71633,-1
71634,-1
71635,-1
71636,-1
71637,-1
71638,-1
71639,-1
71640,3
71641,0
71642,3
71643,1
71644,-1
71645,-1
71646,-1
71647,-1
71648,-1
71649,-1
71650,-1
71651,-1
71652,-1
71653,-1
71654,-1
71655,-1
71656,-1
71657,-1
71658,-1
71659,-1
71660,-1
71661,-1
71662,-1
71663,-1
71664,-1
71665,-1
71666,-1
71667,-1
71668,-1
71669,-1
71670,-1
71671,-1
71672,-1
71673,-1
71674,-1
71675,-1
71676,-1
71677,-1
71678,-1
71679,-1
71680,-1
71681,-1
71682,-1
71683,-1
71684,-1
71685,-1
71686,2
71687,1
71688,-1
71689,-1
71690,-1
71691,-1
71692,3
71693,2
71694,-1
71695,-1
71696,-1
71697,-1
71698,-1
71699,-1
71700,-1
71701,-1
71702,1
71703,2
71704,-1
71705,-1
71706,-1
71707,-1
71708,-1
71709,-1
71710,-1
71711,-1
71712,-1
71713,-1
71714,-1
71715,-1
71716,2
71717,0
71718,-1
71719,-1
71720,-1
71721,-1
71722,-1
71723,-1
71724,1
71725,0
71726,-1
71727,-1
71728,-1
71729,-1
71730,3
71731,2
71732,-1
71733,-1
71734,3
71735,1
71736,1
71737,1
71738,1
71739,2
71740,-1
71741,-1
71742,2
71743,1
71744,3
71745,0
71746,-1
71747,-1
71748,-1
71749,-1
71750,1
71751,0
71752,-1
71753,-1
71754,3
71755,2
71756,-1
71757,-1
71758,-1
71759,-1
71760,-1
71761,-1
71762,3
71763,0
71764,2
71765,2
71766,-1
71767,-1
71768,-1
71769,-1
71770,2
71771,2
71772,-1
71773,-1
71774,1
71775,2
71776,-1
71777,-1
71778,-1
71779,-1
71780,-1
71781,-1
71782,-1
71783,-1
71784,-1
71785,-1
71786,-1
71787,-1
71788,-1
71789,-1
71790,2
71791,1
71792,-1
71793,-1
71794,-1
71795,-1
71796,-1
71797,-1
71798,2
71799,2
71800,-1
71801,-1
71802,2
71803,0
71804,-1
71805,-1
71806,-1
71807,-1
71808,-1
71809,-1
71810,-1
71811,-1
71812,-1
71813,-1
71814,-1
71815,-1
71816,-1
71817,-1
71818,-1
71819,-1
71820,-1
71821,-1
71822,-1
71823,-1
71824,-1
71825,-1
71826,-1
71827,-1
71828,2
71829,1
71830,-1
71831,-1
71832,-1
71833,-1
71834,-1
71835,-1
71836,-1
71837,-1
71838,3
71839,0
71840,-1
71841,-1
71842,-1
71843,-1
71844,-1
71845,-1
71846,-1
71847,-1
71848,3
71849,0
71850,-1
71851,-1
71852,-1
71853,-1
71854,-1
71855,-1
71856,-1
71857,-1
71858,-1
71859,-1
71860,-1
71861,-1
71862,-1
71863,-1
71864,-1
71865,-1
71866,-1
71867,-1
71868,-1
71869,-1
71870,1
71871,0
71872,2
71873,0
71874,-1
71875,-1
71876,-1
71877,-1
71878,-1
71879,-1
71880,-1
71881,-1
71882,-1
71883,-1
71884,-1
71885,-1
71886,-1
71887,-1
71888,-1
71889,-1
71890,-1
71891,-1
71892,3
71893,2
71894,-1
71895,-1
71896,-1
71897,-1
71898,-1
71899,-1
71900,-1
71901,-1
71902,-1
71903,-1
71904,-1
71905,-1
71906,-1
71907,-1
71908,-1
71909,-1
71910,-1
71911,-1
71912,-1
71913,-1
71914,3
71915,2
71916,-1
71917,-1
71918,-1
71919,-1
71920,3
71921,1
71922,-1
71923,-1
71924,-1
71925,-1
71926,-1
71927,-1
71928,3
71929,2
71930,-1
71931,-1
71932,-1
71933,-1
71934,-1
71935,-1
71936,-1
71937,-1
71938,-1
71939,-1
71940,-1
71941,-1
71942,-1
71943,-1
71944,-1
71945,-1
71946,-1
71947,-1
71948,-1
71949,-1
71950,-1
71951,-1
71952,-1
71953,-1
71954,-1
71955,-1
71956,-1
71957,-1
71958,-1
71959,-1
71960,-1
71961,-1
71962,-1
71963,-1
71964,-1
71965,-1
71966,2
71967,0
71968,-1
71969,-1
71970,-1
71971,-1
71972,3
71973,2
71974,3
71975,2
71976,2
71977,2
71978,1
71979,2
71980,-1
71981,-1
71982,-1
71983,-1
71984,-1
71985,-1
71986,-1
71987,-1
71988,-1
71989,-1
71990,-1
71991,-1
71992,1
71993,2
71994,-1
71995,-1
71996,-1
71997,-1
71998,-1
71999,-1
72000,1
72001,2
72002,-1
72003,-1
72004,-1
72005,-1
72006,-1
72007,-1
72008,-1
72009,-1
72010,1
72011,0
72012,-1
72013,-1
72014,-1
72015,-1
72016,-1
72017,-1
72018,-1
72019,-1
72020,-1
72021,-1
72022,-1
72023,-1
72024,-1
72025,-1
72026,-1
72027,-1
72028,-1
72029,-1
72030,-1
72031,-1
72032,-1
72033,-1
72034,-1
72035,-1
72036,-1
72037,-1
72038,-1
72039,-1
72040,-1
72041,-1
72042,-1
72043,-1
72044,-1
72045,-1
72046,-1
72047,-1
72048,-1
72049,-1
72050,-1
72051,-1
72052,-1
72053,-1
72054,1
72055,0
72056,-1
72057,-1
72058,-1
72059,-1
72060,-1
72061,-1
72062,1
72063,0
72064,-1
72065,-1
72066,-1
72067,-1
72068,-1
72069,-1
72070,-1
72071,-1
72072,-1
72073,-1
72074,2
72075,1
72076,-1
72077,-1
72078,-1
72079,-1
72080,3
72081,1
72082,-1
72083,-1
72084,-1
72085,-1
72086,-1
72087,-1
72088,-1
72089,-1
72090,-1
72091,-1
72092,-1
72093,-1
72094,-1
72095,-1
72096,-1
72097,-1
72098,-1
72099,-1
72100,-1
72101,-1
72102,-1
72103,-1
72104,-1
72105,-1
72106,-1
72107,-1
72108,-1
72109,-1
72110,-1
72111,-1
72112,-1
72113,-1
72114,-1
72115,-1
72116,-1
72117,-1
72118,-1
72119,-1
72120,-1
72121,-1
72122,-1
72123,-1
72124,-1
72125,-1
72126,-1
72127,-1
72128,-1
72129,-1
72130,-1
72131,-1
72132,-1
72133,-1
72134,-1
72135,-1
72136,-1
72137,-1
72138,-1
72139,-1
72140,-1
72141,-1
72142,-1
72143,-1
72144,-1
72145,-1
72146,-1
72147,-1
72148,2
72149,2
72150,-1
72151,-1
72152,2
72153,1
72154,1
72155,0
72156,2
72157,1
72158,-1
72159,-1
72160,-1
72161,-1
72162,-1
72163,-1
72164,-1
72165,-1
72166,-1
72167,-1
72168,-1
72169,-1
72170,-1
72171,-1
72172,-1
72173,-1
72174,-1
72175,-1
72176,-1
72177,-1
72178,-1
72179,-1
72180,-1
72181,-1
72182,-1
72183,-1
72184,-1
72185,-1
72186,-1
72187,-1
72188,-1
72189,-1
72190,2
72191,1
72192,-1
72193,-1
72194,-1
72195,-1
72196,-1
72197,-1
72198,-1
72199,-1
72200,-1
72201,-1
72202,-1
72203,-1
72204,-1
72205,-1
72206,1
72207,0
72208,-1
72209,-1
72210,-1
72211,-1
72212,-1
72213,-1
72214,-1
72215,-1
72216,-1
72217,-1
72218,-1
72219,-1
72220,-1
72221,-1
72222,-1
72223,-1
72224,-1
72225,-1
72226,-1
72227,-1
72228,-1
72229,-1
72230,-1
72231,-1
72232,-1
72233,-1
72234,-1
72235,-1
72236,-1
72237,-1
72238,-1
72239,-1
72240,-1
72241,-1
72242,-1
72243,-1
72244,-1
72245,-1
72246,-1
72247,-1
72248,3
72249,0
72250,1
72251,1
72252,-1
72253,-1
72254,-1
72255,-1
72256,-1
72257,-1
72258,-1
72259,-1
72260,-1
72261,-1
72262,-1
72263,-1
72264,-1
72265,-1
72266,-1
72267,-1
72268,-1
72269,-1
72270,-1
72271,-1
72272,-1
72273,-1
72274,1
72275,1
72276,1
72277,2
72278,-1
72279,-1
72280,-1
72281,-1
72282,-1
72283,-1
72284,-1
72285,-1
72286,-1
72287,-1
72288,1
72289,2
72290,-1
72291,-1
72292,-1
72293,-1
72294,-1
72295,-1
72296,-1
72297,-1
72298,-1
72299,-1
72300,3
72301,2
72302,2
72303,1
72304,1
72305,1
72306,2
72307,0
72308,3
72309,1
72310,-1
72311,-1
72312,-1
72313,-1
72314,-1
72315,-1
72316,-1
72317,-1
72318,1
72319,1
72320,1
72321,0
72322,-1
72323,-1
72324,-1
72325,-1
72326,-1
72327,-1
72328,1
72329,2
72330,3
72331,1
72332,-1
72333,-1
72334,2
72335,1
72336,2
72337,1
72338,-1
72339,-1
72340,-1
72341,-1
72342,-1
72343,-1
72344,-1
72345,-1
72346,-1
72347,-1
72348,-1
72349,-1
72350,-1
72351,-1
72352,-1
72353,-1
72354,-1
72355,-1
72356,-1
72357,-1
72358,-1
72359,-1
72360,-1
72361,-1
72362,-1
72363,-1
72364,-1
72365,-1
72366,-1
72367,-1
72368,3
72369,2
72370,-1
72371,-1
72372,-1
72373,-1
72374,-1
72375,-1
72376,-1
72377,-1
72378,3
72379,1
72380,-1
72381,-1
72382,-1
72383,-1
72384,-1
72385,-1
72386,-1
72387,-1
72388,-1
72389,-1
72390,-1
72391,-1
72392,-1
72393,-1
72394,-1
72395,-1
72396,-1
72397,-1
72398,-1
72399,-1
72400,-1
72401,-1
72402,-1
72403,-1
72404,-1
72405,-1
72406,-1
72407,-1
72408,-1
72409,-1
72410,-1
72411,-1
72412,-1
72413,-1
72414,1
72415,2
72416,-1
72417,-1
72418,1
72419,1
72420,-1
72421,-1
72422,1
72423,1
72424,-1
72425,-1
72426,-1
72427,-1
72428,-1
72429,-1
72430,-1
72431,-1
72432,-1
72433,-1
72434,-1
72435,-1
72436,-1
72437,-1
72438,-1
72439,-1
72440,-1
72441,-1
72442,-1
72443,-1
72444,-1
72445,-1
72446,-1
72447,-1
72448,-1
72449,-1
72450,-1
72451,-1
72452,-1
72453,-1
72454,-1
72455,-1
72456,2
72457,1
72458,-1
72459,-1
72460,-1
72461,-1
72462,-1
72463,-1
72464,3
72465,0
72466,-1
72467,-1
72468,-1
72469,-1
72470,-1
72471,-1
72472,-1
72473,-1
72474,1
72475,1
72476,3
72477,0
72478,-1
72479,-1
72480,2
72481,1
72482,-1
72483,-1
72484,-1
72485,-1
72486,3
72487,0
72488,-1
72489,-1
72490,-1
72491,-1
72492,2
72493,2
72494,-1
72495,-1
72496,-1
72497,-1
72498,-1
72499,-1
72500,3
72501,1
72502,-1
72503,-1
72504,-1
72505,-1
72506,-1
72507,-1
72508,-1
72509,-1
72510,-1
72511,-1
72512,-1
72513,-1
72514,1
72515,2
72516,-1
72517,-1
72518,-1
72519,-1
72520,-1
72521,-1
72522,-1
72523,-1
72524,-1
72525,-1
72526,2
72527,1
72528,-1
72529,-1
72530,-1
72531,-1
72532,3
72533,0
72534,-1
72535,-1
72536,-1
72537,-1
72538,-1
72539,-1
72540,-1
72541,-1
72542,-1
72543,-1
72544,-1
72545,-1
72546,2
72547,0
72548,-1
72549,-1
72550,-1
72551,-1
72552,1
72553,0
72554,-1
72555,-1
72556,-1
72557,-1
72558,-1
72559,-1
72560,-1
72561,-1
72562,-1
72563,-1
72564,3
72565,2
72566,-1
72567,-1
72568,-1
72569,-1
72570,-1
72571,-1
72572,-1
72573,-1
72574,-1
72575,-1
72576,-1
72577,-1
72578,-1
72579,-1
72580,-1
72581,-1
72582,-1
72583,-1
72584,-1
72585,-1
72586,-1
72587,-1
72588,-1
72589,-1
72590,-1
72591,-1
72592,3
72593,2
72594,1
72595,1
72596,2
72597,2
72598,-1
72599,-1
72600,-1
72601,-1
72602,-1
72603,-1
72604,-1
72605,-1
72606,-1
72607,-1
72608,-1
72609,-1
72610,-1
72611,-1
72612,-1
72613,-1
72614,-1
72615,-1
72616,-1
72617,-1
72618,-1
72619,-1
72620,-1
72621,-1
72622,-1
72623,-1
72624,-1
72625,-1
72626,-1
72627,-1
72628,-1
72629,-1
72630,-1
72631,-1
72632,-1
72633,-1
72634,3
72635,0
72636,-1
72637,-1
72638,-1
72639,-1
72640,-1
72641,-1
72642,3
72643,1
72644,-1
72645,-1
72646,-1
72647,-1
72648,-1
72649,-1
72650,3
72651,0
72652,-1
72653,-1
72654,-1
72655,-1
72656,-1
72657,-1
72658,-1
72659,-1
72660,-1
72661,-1
72662,-1
72663,-1
72664,-1
72665,-1
72666,-1
72667,-1
72668,2
72669,2
72670,-1
72671,-1
72672,-1
72673,-1
72674,-1
72675,-1
72676,-1
72677,-1
72678,-1
72679,-1
72680,-1
72681,-1
72682,-1
72683,-1
72684,-1
72685,-1
72686,2
72687,1
72688,-1
72689,-1
72690,-1
72691,-1
72692,-1
72693,-1
72694,-1
72695,-1
72696,-1
72697,-1
72698,-1
72699,-1
72700,-1
72701,-1
72702,-1
72703,-1
72704,-1
72705,-1
72706,1
72707,1
72708,-1
72709,-1
72710,-1
72711,-1
72712,1
72713,2
72714,-1
72715,-1
72716,2
72717,1
72718,-1
72719,-1
72720,3
72721,0
72722,2
72723,0
72724,-1
72725,-1
72726,-1
72727,-1
72728,1
72729,1
72730,-1
72731,-1
72732,-1
72733,-1
72734,-1
72735,-1
72736,-1
72737,-1
72738,-1
72739,-1
72740,-1
72741,-1
72742,-1
72743,-1
72744,-1
72745,-1
72746,1
72747,0
72748,-1
72749,-1
72750,-1
72751,-1
72752,2
72753,1
72754,-1
72755,-1
72756,2
72757,2
72758,-1
72759,-1
72760,-1
72761,-1
72762,-1
72763,-1
72764,-1
72765,-1
72766,3
72767,0
72768,2
72769,0
72770,-1
72771,-1
72772,-1
72773,-1
72774,-1
72775,-1
72776,-1
72777,-1
72778,-1
72779,-1
72780,-1
72781,-1
72782,-1
72783,-1
72784,-1
72785,-1
72786,2
72787,0
72788,-1
72789,-1
72790,-1
72791,-1
72792,1
72793,2
72794,-1
72795,-1
72796,-1
72797,-1
72798,2
72799,0
72800,-1
72801,-1
72802,3
72803,2
72804,-1
72805,-1
72806,-1
72807,-1
72808,-1
72809,-1
72810,-1
72811,-1
72812,-1
72813,-1
72814,-1
72815,-1
72816,-1
72817,-1
72818,-1
72819,-1
72820,1
72821,1
72822,-1
72823,-1
72824,3
72825,0
72826,-1
72827,-1
72828,-1
72829,-1
72830,-1
72831,-1
72832,-1
72833,-1
72834,-1
72835,-1
72836,-1
72837,-1
72838,-1
72839,-1
72840,3
72841,0
72842,-1
72843,-1
72844,-1
72845,-1
72846,-1
72847,-1
72848,-1
72849,-1
72850,-1
72851,-1
72852,-1
72853,-1
72854,-1
72855,-1
72856,-1
72857,-1
72858,-1
72859,-1
72860,-1
72861,-1
72862,-1
72863,-1
72864,-1
72865,-1
72866,-1
72867,-1
72868,-1
72869,-1
72870,2
72871,0
72872,-1
72873,-1
72874,-1
72875,-1
72876,-1
72877,-1
72878,-1
72879,-1
72880,-1
72881,-1
72882,-1
72883,-1
72884,1
72885,1
72886,-1
72887,-1
72888,3
72889,1
72890,1
72891,2
72892,3
72893,0
72894,-1
72895,-1
72896,-1
72897,-1
72898,-1
72899,-1
72900,-1
72901,-1
72902,-1
72903,-1
72904,-1
72905,-1
72906,1
72907,2
72908,-1
72909,-1
72910,-1
72911,-1
72912,-1
72913,-1
72914,2
72915,2
72916,-1
72917,-1
72918,2
72919,1
72920,-1
72921,-1
72922,-1
72923,-1
72924,-1
72925,-1
72926,2
72927,2
72928,-1
72929,-1
72930,3
72931,0
72932,-1
72933,-1
72934,-1
72935,-1
72936,-1
72937,-1
72938,-1
72939,-1
72940,-1
72941,-1
72942,-1
72943,-1
72944,-1
72945,-1
72946,-1
72947,-1
72948,-1
72949,-1
72950,-1
72951,-1
72952,2
72953,2
72954,-1
72955,-1
72956,-1
72957,-1
72958,1
72959,1
72960,2
72961,2
72962,-1
72963,-1
72964,-1
72965,-1
72966,-1
72967,-1
72968,-1
72969,-1
72970,-1
72971,-1
72972,-1
72973,-1
72974,-1
72975,-1
72976,-1
72977,-1
72978,-1
72979,-1
72980,-1
72981,-1
72982,-1
72983,-1
72984,3
72985,2
72986,-1
72987,-1
72988,-1
72989,-1
72990,-1
72991,-1
72992,-1
72993,-1
72994,-1
72995,-1
72996,-1
72997,-1
72998,3
72999,0
73000,-1
73001,-1
73002,-1
73003,-1
73004,-1
73005,-1
73006,-1
73007,-1
73008,2
73009,2
73010,-1
73011,-1
73012,-1
73013,-1
73014,-1
73015,-1
73016,-1
73017,-1
73018,-1
73019,-1
73020,-1
73021,-1
73022,-1
73023,-1
73024,-1
73025,-1
73026,1
73027,1
73028,-1
73029,-1
73030,2
73031,0
73032,-1
73033,-1
73034,-1
73035,-1
73036,-1
73037,-1
73038,-1
73039,-1
73040,-1
73041,-1
73042,-1
73043,-1
73044,-1
73045,-1
73046,-1
73047,-1
73048,1
73049,0
73050,3
73051,0
73052,-1
73053,-1
73054,-1
73055,-1
73056,-1
73057,-1
73058,-1
73059,-1
73060,1
73061,1
73062,-1
73063,-1
73064,-1
73065,-1
73066,-1
73067,-1
73068,-1
73069,-1
73070,-1
73071,-1
73072,-1
73073,-1
73074,1
73075,1
73076,-1
73077,-1
73078,2
73079,2
73080,-1
73081,-1
73082,-1
73083,-1
73084,3
73085,0
73086,2
73087,0
73088,-1
73089,-1
73090,-1
73091,-1
73092,-1
73093,-1
73094,-1
73095,-1
73096,-1
73097,-1
73098,-1
73099,-1
73100,-1
73101,-1
73102,-1
73103,-1
73104,-1
73105,-1
73106,-1
73107,-1
73108,1
73109,2
73110,-1
73111,-1
73112,-1
73113,-1
73114,-1
73115,-1
73116,3
73117,0
73118,-1
73119,-1
73120,-1
73121,-1
73122,-1
73123,-1
73124,-1
73125,-1
73126,3
73127,2
73128,-1
73129,-1
73130,-1
73131,-1
73132,3
73133,1
73134,-1
73135,-1
73136,-1
73137,-1
73138,-1
73139,-1
73140,-1
73141,-1
73142,-1
73143,-1
73144,-1
73145,-1
73146,-1
73147,-1
73148,3
73149,2
73150,-1
73151,-1
73152,-1
73153,-1
73154,-1
73155,-1
73156,-1
73157,-1
73158,3
73159,1
73160,-1
73161,-1
73162,1
73163,2
73164,-1
73165,-1
73166,1
73167,2
73168,-1
73169,-1
73170,1
73171,1
73172,-1
73173,-1
73174,1
73175,1
73176,-1
73177,-1
73178,-1
73179,-1
73180,-1
73181,-1
73182,2
73183,2
73184,-1
73185,-1
73186,2
73187,1
73188,-1
73189,-1
73190,3
73191,1
73192,-1
73193,-1
73194,-1
73195,-1
73196,-1
73197,-1
73198,-1
73199,-1
73200,-1
73201,-1
73202,1
73203,0
73204,3
73205,1
73206,-1
73207,-1
73208,-1
73209,-1
73210,-1
73211,-1
73212,-1
73213,-1
73214,-1
73215,-1
73216,-1
73217,-1
73218,-1
73219,-1
73220,-1
73221,-1
73222,-1
73223,-1
73224,-1
73225,-1
73226,-1
73227,-1
73228,2
73229,0
73230,-1
73231,-1
73232,-1
73233,-1
73234,-1
73235,-1
73236,-1
73237,-1
73238,1
73239,1
73240,-1
73241,-1
73242,-1
73243,-1
73244,3
73245,2
73246,-1
73247,-1
73248,-1
73249,-1
73250,-1
73251,-1
73252,-1
73253,-1
73254,2
73255,0
73256,-1
73257,-1
73258,-1
73259,-1
73260,-1
73261,-1
73262,2
73263,0
73264,-1
73265,-1
73266,-1
73267,-1
73268,-1
73269,-1
73270,-1
73271,-1
73272,-1
73273,-1
73274,-1
73275,-1
73276,-1
73277,-1
73278,-1
73279,-1
73280,-1
73281,-1
73282,-1
73283,-1
73284,-1
73285,-1
73286,-1
73287,-1
73288,2
73289,1
73290,-1
73291,-1
73292,2
73293,0
73294,-1
73295,-1
73296,-1
73297,-1
73298,-1
73299,-1
73300,1
73301,2
73302,-1
73303,-1
73304,-1
73305,-1
73306,3
73307,2
73308,-1
73309,-1
73310,-1
73311,-1
73312,-1
73313,-1
73314,1
73315,2
73316,-1
73317,-1
73318,-1
73319,-1
73320,2
73321,0
73322,2
73323,0
73324,2
73325,2
73326,-1
73327,-1
73328,-1
73329,-1
73330,-1
73331,-1
73332,-1
73333,-1
73334,2
73335,0
73336,3
73337,2
73338,-1
73339,-1
73340,-1
73341,-1
73342,-1
73343,-1
73344,-1
73345,-1
73346,-1
73347,-1
73348,-1
73349,-1
73350,-1
73351,-1
73352,-1
73353,-1
73354,-1
73355,-1
73356,-1
73357,-1
73358,-1
73359,-1
73360,-1
73361,-1
73362,-1
73363,-1
73364,-1
73365,-1
73366,-1
73367,-1
73368,-1
73369,-1
73370,-1
73371,-1
73372,-1
73373,-1
73374,-1
73375,-1
73376,3
73377,1
73378,-1
73379,-1
73380,-1
73381,-1
73382,-1
73383,-1
73384,-1
73385,-1
73386,-1
73387,-1
73388,-1
73389,-1
73390,-1
73391,-1
73392,-1
73393,-1
73394,-1
73395,-1
73396,2
73397,2
73398,-1
73399,-1
73400,3
73401,1
73402,-1
73403,-1
73404,1
73405,1
73406,-1
73407,-1
73408,3
73409,2
73410,-1
73411,-1
73412,-1
73413,-1
73414,-1
73415,-1
73416,-1
73417,-1
73418,-1
73419,-1
73420,-1
73421,-1
73422,3
73423,0
73424,-1
73425,-1
73426,3
73427,2
73428,-1
73429,-1
73430,-1
73431,-1
73432,-1
73433,-1
73434,-1
73435,-1
73436,-1
73437,-1
73438,-1
73439,-1
73440,-1
73441,-1
73442,3
73443,2
73444,-1
73445,-1
73446,-1
73447,-1
73448,-1
73449,-1
73450,-1
73451,-1
73452,-1
73453,-1
73454,2
73455,1
73456,-1
73457,-1
73458,3
73459,2
73460,-1
73461,-1
73462,-1
73463,-1
73464,-1
73465,-1
73466,-1
73467,-1
73468,-1
73469,-1
73470,-1
73471,-1
73472,-1
73473,-1
73474,-1
73475,-1
73476,-1
73477,-1
73478,-1
73479,-1
73480,3
73481,1
73482,-1
73483,-1
73484,-1
73485,-1
73486,-1
73487,-1
73488,-1
73489,-1
73490,-1
73491,-1
73492,-1
73493,-1
73494,-1
73495,-1
73496,-1
73497,-1
73498,-1
73499,-1
73500,-1
73501,-1
73502,-1
73503,-1
73504,-1
73505,-1
73506,-1
73507,-1
73508,-1
73509,-1
73510,-1
73511,-1
73512,-1
73513,-1
73514,2
73515,2
73516,-1
73517,-1
73518,2
73519,0
73520,-1
73521,-1
73522,-1
73523,-1
73524,-1
73525,-1
73526,-1
73527,-1
73528,-1
73529,-1
73530,-1
73531,-1
73532,2
73533,2
73534,-1
73535,-1
73536,-1
73537,-1
73538,-1
73539,-1
73540,-1
73541,-1
73542,-1
73543,-1
73544,-1
73545,-1
73546,2
73547,2
73548,-1
73549,-1
73550,-1
73551,-1
73552,-1
73553,-1
73554,-1
73555,-1
73556,-1
73557,-1
73558,3
73559,0
73560,-1
73561,-1
73562,-1
73563,-1
73564,-1
73565,-1
73566,-1
73567,-1
73568,2
73569,1
73570,-1
73571,-1
73572,-1
73573,-1
73574,3
73575,0
73576,-1
73577,-1
73578,-1
73579,-1
73580,-1
73581,-1
73582,-1
73583,-1
73584,3
73585,2
73586,3
73587,1
73588,-1
73589,-1
73590,-1
73591,-1
73592,-1
73593,-1
73594,-1
73595,-1
73596,-1
73597,-1
73598,-1
73599,-1
73600,-1
73601,-1
73602,-1
73603,-1
73604,-1
73605,-1
73606,-1
73607,-1
73608,3
73609,2
73610,-1
73611,-1
73612,-1
73613,-1
73614,-1
73615,-1
73616,2
73617,2
73618,2
73619,0
73620,-1
73621,-1
73622,-1
73623,-1
73624,-1
73625,-1
73626,-1
73627,-1
73628,3
73629,1
73630,3
73631,2
73632,-1
73633,-1
73634,-1
73635,-1
73636,-1
73637,-1
73638,1
73639,0
73640,-1
73641,-1
73642,-1
73643,-1
73644,2
73645,0
73646,-1
73647,-1
73648,-1
73649,-1
73650,-1
73651,-1
73652,-1
73653,-1
73654,-1
73655,-1
73656,-1
73657,-1
73658,-1
73659,-1
73660,-1
73661,-1
73662,-1
73663,-1
73664,3
73665,0
73666,-1
73667,-1
73668,-1
73669,-1
73670,-1
73671,-1
73672,-1
73673,-1
73674,-1
73675,-1
73676,-1
73677,-1
73678,-1
73679,-1
73680,-1
73681,-1
73682,-1
73683,-1
73684,-1
73685,-1
73686,-1
73687,-1
73688,-1
73689,-1
73690,-1
73691,-1
73692,-1
73693,-1
73694,-1
73695,-1
73696,-1
73697,-1
73698,-1
73699,-1
73700,-1
73701,-1
73702,1
73703,2
73704,-1
73705,-1
73706,-1
73707,-1
73708,3
73709,0
73710,-1
73711,-1
73712,-1
73713,-1
73714,-1
73715,-1
73716,-1
73717,-1
73718,-1
73719,-1
73720,-1
73721,-1
73722,-1
73723,-1
73724,-1
73725,-1
73726,-1
73727,-1
73728,-1
73729,-1
73730,-1
73731,-1
73732,-1
73733,-1
73734,-1
73735,-1
73736,-1
73737,-1
73738,-1
73739,-1
73740,3
73741,1
73742,-1
73743,-1
73744,-1
73745,-1
73746,-1
73747,-1
73748,-1
73749,-1
73750,-1
73751,-1
73752,-1
73753,-1
73754,-1
73755,-1
73756,-1
73757,-1
73758,-1
73759,-1
73760,-1
73761,-1
73762,-1
73763,-1
73764,3
73765,2
73766,-1
73767,-1
73768,-1
73769,-1
73770,-1
73771,-1
73772,1
73773,1
73774,-1
73775,-1
73776,1
73777,2
73778,-1
73779,-1
73780,-1
73781,-1
73782,1
73783,2
73784,-1
73785,-1
73786,-1
73787,-1
73788,-1
73789,-1
73790,-1
73791,-1
73792,-1
73793,-1
73794,-1
73795,-1
73796,3
73797,0
73798,-1
73799,-1
73800,2
73801,1
73802,-1
73803,-1
73804,1
73805,1
73806,-1
73807,-1
73808,-1
73809,-1
73810,-1
73811,-1
73812,-1
73813,-1
73814,-1
73815,-1
73816,-1
73817,-1
73818,-1
73819,-1
73820,-1
73821,-1
73822,-1
73823,-1
73824,-1
73825,-1
73826,1
73827,0
73828,-1
73829,-1
73830,-1
73831,-1
73832,-1
73833,-1
73834,-1
73835,-1
73836,1
73837,2
73838,-1
73839,-1
73840,3
73841,1
73842,-1
73843,-1
73844,-1
73845,-1
73846,-1
73847,-1
73848,2
73849,0
73850,-1
73851,-1
73852,1
73853,0
73854,-1
73855,-1
73856,-1
73857,-1
73858,-1
73859,-1
73860,-1
73861,-1
73862,-1
73863,-1
73864,2
73865,1
73866,-1
73867,-1
73868,-1
73869,-1
73870,-1
73871,-1
73872,-1
73873,-1
73874,-1
73875,-1
73876,3
73877,2
73878,-1
73879,-1
73880,-1
73881,-1
73882,-1
73883,-1
73884,3
73885,1
73886,-1
73887,-1
73888,2
73889,0
73890,-1
73891,-1
73892,-1
73893,-1
73894,-1
73895,-1
73896,3
73897,2
73898,-1
73899,-1
73900,-1
73901,-1
73902,-1
73903,-1
73904,-1
73905,-1
73906,-1
73907,-1
73908,-1
73909,-1
73910,-1
73911,-1
73912,-1
73913,-1
73914,-1
73915,-1
73916,-1
73917,-1
73918,-1
73919,-1
73920,2
73921,2
73922,3
73923,2
73924,-1
73925,-1
73926,-1
73927,-1
73928,3
73929,0
73930,-1
73931,-1
73932,3
73933,0
73934,1
73935,0
73936,-1
73937,-1
73938,-1
73939,-1
73940,-1
73941,-1
73942,2
73943,2
73944,3
73945,1
73946,-1
73947,-1
73948,-1
73949,-1
73950,-1
73951,-1
73952,-1
73953,-1
73954,-1
73955,-1
73956,-1
73957,-1
73958,-1
73959,-1
73960,3
73961,0
73962,3
73963,2
73964,-1
73965,-1
73966,-1
73967,-1
73968,-1
73969,-1
73970,-1
73971,-1
73972,1
73973,1
73974,-1
73975,-1
73976,-1
73977,-1
73978,-1
73979,-1
73980,-1
73981,-1
73982,-1
73983,-1
73984,-1
73985,-1
73986,-1
73987,-1
73988,-1
73989,-1
73990,2
73991,0
73992,-1
73993,-1
73994,-1
73995,-1
73996,-1
73997,-1
73998,-1
73999,-1
74000,-1
74001,-1
74002,-1
74003,-1
74004,-1
74005,-1
74006,-1
74007,-1
74008,-1
74009,-1
74010,-1
74011,-1
74012,-1
74013,-1
74014,-1
74015,-1
74016,-1
74017,-1
74018,-1
74019,-1
74020,-1
74021,-1
74022,3
74023,2
74024,-1
74025,-1
74026,-1
74027,-1
74028,-1
74029,-1
74030,-1
74031,-1
74032,-1
74033,-1
74034,-1
74035,-1
74036,-1
74037,-1
74038,-1
74039,-1
74040,-1
74041,-1
74042,-1
74043,-1
74044,-1
74045,-1
74046,-1
74047,-1
74048,3
74049,0
74050,-1
74051,-1
74052,-1
74053,-1
74054,-1
74055,-1
74056,-1
74057,-1
74058,-1
74059,-1
74060,-1
74061,-1
74062,-1
74063,-1
74064,-1
74065,-1
74066,-1
74067,-1
74068,-1
74069,-1
74070,-1
74071,-1
74072,-1
74073,-1
74074,-1
74075,-1
74076,-1
74077,-1
74078,-1
74079,-1
74080,-1
74081,-1
74082,-1
74083,-1
74084,3
74085,2
74086,-1
74087,-1
74088,-1
74089,-1
74090,-1
74091,-1
74092,-1
74093,-1
74094,-1
74095,-1
74096,-1
74097,-1
74098,-1
74099,-1
74100,-1
74101,-1
74102,-1
74103,-1
74104,-1
74105,-1
74106,-1
74107,-1
74108,-1
74109,-1
74110,-1
74111,-1
74112,-1
74113,-1
74114,-1
74115,-1
74116,-1
74117,-1
74118,-1
74119,-1
74120,3
74121,1
74122,-1
74123,-1
74124,-1
74125,-1
74126,-1
74127,-1
74128,-1
74129,-1
74130,-1
74131,-1
74132,-1
74133,-1
74134,-1
74135,-1
74136,-1
74137,-1
74138,-1
74139,-1
74140,-1
74141,-1
74142,-1
74143,-1
74144,2
74145,1
74146,2
74147,2
74148,-1
74149,-1
74150,-1
74151,-1
74152,-1
74153,-1
74154,-1
74155,-1
74156,-1
74157,-1
74158,-1
74159,-1
74160,-1
74161,-1
74162,-1
74163,-1
74164,-1
74165,-1
74166,1
74167,1
74168,3
74169,0
74170,-1
74171,-1
74172,-1
74173,-1
74174,-1
74175,-1
74176,-1
74177,-1
74178,-1
74179,-1
74180,-1
74181,-1
74182,-1
74183,-1
74184,-1
74185,-1
74186,-1
74187,-1
74188,-1
74189,-1
74190,-1
74191,-1
74192,-1
74193,-1
74194,-1
74195,-1
74196,-1
74197,-1
74198,-1
74199,-1
74200,-1
74201,-1
74202,-1
74203,-1
74204,-1
74205,-1
74206,2
74207,2
74208,-1
74209,-1
74210,-1
74211,-1
74212,-1
74213,-1
74214,-1
74215,-1
74216,1
74217,0
74218,-1
74219,-1
74220,-1
74221,-1
74222,-1
74223,-1
74224,3
74225,0
74226,-1
74227,-1
74228,-1
74229,-1
74230,-1
74231,-1
74232,-1
74233,-1
74234,1
74235,2
74236,-1
74237,-1
74238,-1
74239,-1
74240,-1
74241,-1
74242,-1
74243,-1
74244,-1
74245,-1
74246,-1
74247,-1
74248,-1
74249,-1
74250,-1
74251,-1
74252,3
74253,0
74254,-1
74255,-1
74256,-1
74257,-1
74258,2
74259,2
74260,-1
74261,-1
74262,-1
74263,-1
74264,-1
74265,-1
74266,-1
74267,-1
74268,1
74269,0
74270,-1
74271,-1
74272,-1
74273,-1
74274,-1
74275,-1
74276,-1
74277,-1
74278,-1
74279,-1
74280,-1
74281,-1
74282,-1
74283,-1
74284,-1
74285,-1
74286,-1
74287,-1
74288,-1
74289,-1
74290,-1
74291,-1
74292,-1
74293,-1
74294,3
74295,0
74296,1
74297,2
74298,1
74299,0
74300,-1
74301,-1
74302,3
74303,1
74304,-1
74305,-1
74306,-1
74307,-1
74308,-1
74309,-1
74310,-1
74311,-1
74312,2
74313,1
74314,-1
74315,-1
74316,-1
74317,-1
74318,-1
74319,-1
74320,-1
74321,-1
74322,3
74323,1
74324,-1
74325,-1
74326,-1
74327,-1
74328,-1
74329,-1
74330,-1
74331,-1
74332,1
74333,0
74334,2
74335,0
74336,-1
74337,-1
74338,-1
74339,-1
74340,-1
74341,-1
74342,-1
74343,-1
74344,3
74345,1
74346,-1
74347,-1
74348,2
74349,0
74350,-1
74351,-1
74352,-1
74353,-1
74354,-1
74355,-1
74356,-1
74357,-1
74358,-1
74359,-1
74360,-1
74361,-1
74362,-1
74363,-1
74364,-1
74365,-1
74366,-1
74367,-1
74368,-1
74369,-1
74370,-1
74371,-1
74372,-1
74373,-1
74374,3
74375,0
74376,2
74377,1
74378,-1
74379,-1
74380,-1
74381,-1
74382,-1
74383,-1
74384,-1
74385,-1
74386,-1
74387,-1
74388,-1
74389,-1
74390,-1
74391,-1
74392,-1
74393,-1
74394,-1
74395,-1
74396,-1
74397,-1
74398,-1
74399,-1
74400,-1
74401,-1
74402,-1
74403,-1
74404,1
74405,0
74406,-1
74407,-1
74408,2
74409,2
74410,-1
74411,-1
74412,-1
74413,-1
74414,-1
74415,-1
74416,-1
74417,-1
74418,-1
74419,-1
74420,-1
74421,-1
74422,-1
74423,-1
74424,-1
74425,-1
74426,-1
74427,-1
74428,-1
74429,-1
74430,-1
74431,-1
74432,-1
74433,-1
74434,3
74435,0
74436,-1
74437,-1
74438,-1
74439,-1
74440,-1
74441,-1
74442,-1
74443,-1
74444,-1
74445,-1
74446,3
74447,1
74448,-1
74449,-1
74450,-1
74451,-1
74452,-1
74453,-1
74454,-1
74455,-1
74456,-1
74457,-1
74458,-1
74459,-1
74460,-1
74461,-1
74462,-1
74463,-1
74464,3
74465,0
74466,-1
74467,-1
74468,-1
74469,-1
74470,-1
74471,-1
74472,-1
74473,-1
74474,-1
74475,-1
74476,-1
74477,-1
74478,-1
74479,-1
74480,-1
74481,-1
74482,-1
74483,-1
74484,-1
74485,-1
74486,-1
74487,-1
74488,-1
74489,-1
74490,-1
74491,-1
74492,-1
74493,-1
74494,2
74495,0
74496,-1
74497,-1
74498,-1
74499,-1
74500,-1
74501,-1
74502,-1
74503,-1
74504,-1
74505,-1
74506,-1
74507,-1
74508,-1
74509,-1
74510,-1
74511,-1
74512,-1
74513,-1
74514,1
74515,1
74516,-1
74517,-1
74518,-1
74519,-1
74520,-1
74521,-1
74522,-1
74523,-1
74524,-1
74525,-1
74526,-1
74527,-1
74528,-1
74529,-1
74530,-1
74531,-1
74532,-1
74533,-1
74534,-1
74535,-1
74536,-1
74537,-1
74538,-1
74539,-1
74540,-1
74541,-1
74542,-1
74543,-1
74544,-1
74545,-1
74546,-1
74547,-1
74548,2
74549,1
74550,-1
74551,-1
74552,-1
74553,-1
74554,-1
74555,-1
74556,-1
74557,-1
74558,-1
74559,-1
74560,-1
74561,-1
74562,-1
74563,-1
74564,-1
74565,-1
74566,-1
74567,-1
74568,-1
74569,-1
74570,-1
74571,-1
74572,-1
74573,-1
74574,-1
74575,-1
74576,-1
74577,-1
74578,-1
74579,-1
74580,-1
74581,-1
74582,1
74583,0
74584,-1
74585,-1
74586,-1
74587,-1
74588,-1
74589,-1
74590,-1
74591,-1
74592,-1
74593,-1
74594,-1
74595,-1
74596,1
74597,1
74598,-1
74599,-1
74600,-1
74601,-1
74602,-1
74603,-1
74604,-1
74605,-1
74606,2
74607,2
74608,-1
74609,-1
74610,1
74611,0
74612,-1
74613,-1
74614,-1
74615,-1
74616,3
74617,2
74618,-1
74619,-1
74620,-1
74621,-1
74622,-1
74623,-1
74624,-1
74625,-1
74626,-1
74627,-1
74628,-1
74629,-1
74630,-1
74631,-1
74632,3
74633,1
74634,-1
74635,-1
74636,-1
74637,-1
74638,-1
74639,-1
74640,-1
74641,-1
74642,-1
74643,-1
74644,-1
74645,-1
74646,-1
74647,-1
74648,-1
74649,-1
74650,-1
74651,-1
74652,-1
74653,-1
74654,-1
74655,-1
74656,-1
74657,-1
74658,-1
74659,-1
74660,-1
74661,-1
74662,-1
74663,-1
74664,-1
74665,-1
74666,-1
74667,-1
74668,-1
74669,-1
74670,-1
74671,-1
74672,-1
74673,-1
74674,-1
74675,-1
74676,-1
74677,-1
74678,-1
74679,-1
74680,3
74681,0
74682,-1
74683,-1
74684,-1
74685,-1
74686,-1
74687,-1
74688,-1
74689,-1
74690,2
74691,2
74692,-1
74693,-1
74694,-1
74695,-1
74696,-1
74697,-1
74698,-1
74699,-1
74700,-1
74701,-1
74702,-1
74703,-1
74704,-1
74705,-1
74706,2
74707,2
74708,-1
74709,-1
74710,-1
74711,-1
74712,-1
74713,-1
74714,-1
74715,-1
74716,-1
74717,-1
74718,-1
74719,-1
74720,-1
74721,-1
74722,-1
74723,-1
74724,-1
74725,-1
74726,-1
74727,-1
74728,-1
74729,-1
74730,-1
74731,-1
74732,-1
74733,-1
74734,-1
74735,-1
74736,-1
74737,-1
74738,-1
74739,-1
74740,-1
74741,-1
74742,-1
74743,-1
74744,-1
74745,-1
74746,-1
74747,-1
74748,3
74749,1
74750,-1
74751,-1
74752,-1
74753,-1
74754,-1
74755,-1
74756,-1
74757,-1
74758,-1
74759,-1
74760,-1
74761,-1
74762,3
74763,2
74764,-1
74765,-1
74766,-1
74767,-1
74768,-1
74769,-1
74770,-1
74771,-1
74772,1
74773,1
74774,-1
74775,-1
74776,-1
74777,-1
74778,-1
74779,-1
74780,1
74781,2
74782,-1
74783,-1
74784,-1
74785,-1
74786,-1
74787,-1
74788,-1
74789,-1
74790,-1
74791,-1
74792,-1
74793,-1
74794,-1
74795,-1
74796,-1
74797,-1
74798,-1
74799,-1
74800,1
74801,0
74802,-1
74803,-1
74804,-1
74805,-1
74806,-1
74807,-1
74808,-1
74809,-1
74810,-1
74811,-1
74812,-1
74813,-1
74814,-1
74815,-1
74816,-1
74817,-1
74818,-1
74819,-1
74820,1
74821,2
74822,1
74823,0
74824,-1
74825,-1
74826,-1
74827,-1
74828,-1
74829,-1
74830,-1
74831,-1
74832,-1
74833,-1
74834,-1
74835,-1
74836,-1
74837,-1
74838,-1
74839,-1
74840,-1
74841,-1
74842,-1
74843,-1
74844,-1
74845,-1
74846,-1
74847,-1
74848,-1
74849,-1
74850,-1
74851,-1
74852,-1
74853,-1
74854,-1
74855,-1
74856,-1
74857,-1
74858,-1
74859,-1
74860,-1
74861,-1
74862,-1
74863,-1
74864,-1
74865,-1
74866,-1
74867,-1
74868,-1
74869,-1
74870,-1
74871,-1
74872,-1
74873,-1
74874,-1
74875,-1
74876,-1
74877,-1
74878,-1
74879,-1
74880,1
74881,1
74882,-1
74883,-1
74884,-1
74885,-1
74886,-1
74887,-1
74888,-1
74889,-1
74890,-1
74891,-1
74892,-1
74893,-1
74894,-1
74895,-1
74896,2
74897,1
74898,-1
74899,-1
74900,-1
74901,-1
74902,-1
74903,-1
74904,-1
74905,-1
74906,-1
74907,-1
74908,2
74909,1
74910,3
74911,1
74912,-1
74913,-1
74914,-1
74915,-1
74916,-1
74917,-1
74918,-1
74919,-1
74920,-1
74921,-1
74922,-1
74923,-1
74924,-1
74925,-1
74926,-1
74927,-1
74928,1
74929,0
74930,3
74931,2
74932,-1
74933,-1
74934,-1
74935,-1
74936,-1
74937,-1
74938,1
74939,1
74940,-1
74941,-1
74942,-1
74943,-1
74944,3
74945,1
74946,1
74947,0
74948,-1
74949,-1
74950,-1
74951,-1
74952,-1
74953,-1
74954,-1
74955,-1
74956,-1
74957,-1
74958,1
74959,2
74960,-1
74961,-1
74962,-1
74963,-1
74964,-1
74965,-1
74966,-1
74967,-1
74968,-1
74969,-1
74970,1
74971,2
74972,-1
74973,-1
74974,1
74975,0
74976,-1
74977,-1
74978,-1
74979,-1
74980,-1
74981,-1
74982,2
74983,1
74984,-1
74985,-1
74986,-1
74987,-1
74988,1
74989,1
74990,-1
74991,-1
74992,-1
74993,-1
74994,-1
74995,-1
74996,-1
74997,-1
74998,-1
74999,-1
75000,3
75001,0
75002,-1
75003,-1
75004,3
75005,2
75006,-1
75007,-1
75008,-1
75009,-1
75010,3
75011,1
75012,-1
75013,-1
75014,-1
75015,-1
75016,3
75017,2
75018,-1
75019,-1
75020,-1
75021,-1
75022,-1
75023,-1
75024,-1
75025,-1
75026,-1
75027,-1
75028,2
75029,0
75030,-1
75031,-1
75032,-1
75033,-1
75034,-1
75035,-1
75036,-1
75037,-1
75038,-1
75039,-1
75040,-1
75041,-1
75042,-1
75043,-1
75044,-1
75045,-1
75046,-1
75047,-1
75048,2
75049,2
75050,-1
75051,-1
75052,2
75053,0
75054,-1
75055,-1
75056,-1
75057,-1
75058,-1
75059,-1
75060,-1
75061,-1
75062,-1
75063,-1
75064,-1
75065,-1
75066,-1
75067,-1
75068,-1
75069,-1
75070,-1
75071,-1
75072,-1
75073,-1
75074,-1
75075,-1
75076,-1
75077,-1
75078,-1
75079,-1
75080,-1
75081,-1
75082,-1
75083,-1
75084,1
75085,0
75086,-1
75087,-1
75088,-1
75089,-1
75090,-1
75091,-1
75092,1
75093,0
75094,-1
75095,-1
75096,-1
75097,-1
75098,-1
75099,-1
75100,1
75101,0
75102,-1
75103,-1
75104,-1
75105,-1
75106,-1
75107,-1
75108,-1
75109,-1
75110,-1
75111,-1
75112,-1
75113,-1
75114,-1
75115,-1
75116,2
75117,1
75118,-1
75119,-1
75120,-1
75121,-1
75122,-1
75123,-1
75124,-1
75125,-1
75126,3
75127,2
75128,3
75129,2
75130,-1
75131,-1
75132,-1
75133,-1
75134,2
75135,0
75136,-1
75137,-1
75138,-1
75139,-1
75140,-1
75141,-1
75142,-1
75143,-1
75144,-1
75145,-1
75146,-1
75147,-1
75148,-1
75149,-1
75150,-1
75151,-1
75152,-1
75153,-1
75154,-1
75155,-1
75156,-1
75157,-1
75158,-1
75159,-1
75160,-1
75161,-1
75162,-1
75163,-1
75164,-1
75165,-1
75166,-1
75167,-1
75168,-1
75169,-1
75170,-1
75171,-1
75172,1
75173,2
75174,-1
75175,-1
75176,-1
75177,-1
75178,-1
75179,-1
75180,-1
75181,-1
75182,-1
75183,-1
75184,-1
75185,-1
75186,-1
75187,-1
75188,-1
75189,-1
75190,-1
75191,-1
75192,-1
75193,-1
75194,-1
75195,-1
75196,3
75197,2
75198,-1
75199,-1
75200,-1
75201,-1
75202,-1
75203,-1
75204,-1
75205,-1
75206,-1
75207,-1
75208,-1
75209,-1
75210,-1
75211,-1
75212,-1
75213,-1
75214,1
75215,1
75216,-1
75217,-1
75218,-1
75219,-1
75220,-1
75221,-1
75222,-1
75223,-1
75224,-1
75225,-1
75226,2
75227,0
75228,1
75229,1
75230,-1
75231,-1
75232,-1
75233,-1
75234,-1
75235,-1
75236,1
75237,0
75238,-1
75239,-1
75240,-1
75241,-1
75242,2
75243,0
75244,1
75245,1
75246,-1
75247,-1
75248,2
75249,1
75250,-1
75251,-1
75252,-1
75253,-1
75254,1
75255,1
75256,-1
75257,-1
75258,-1
75259,-1
75260,-1
75261,-1
75262,-1
75263,-1
75264,-1
75265,-1
75266,-1
75267,-1
75268,3
75269,0
75270,-1
75271,-1
75272,-1
75273,-1
75274,-1
75275,-1
75276,-1
75277,-1
75278,-1
75279,-1
75280,-1
75281,-1
75282,-1
75283,-1
75284,-1
75285,-1
75286,-1
75287,-1
75288,1
75289,1
75290,-1
75291,-1
75292,2
75293,1
75294,-1
75295,-1
75296,-1
75297,-1
75298,-1
75299,-1
75300,-1
75301,-1
75302,-1
75303,-1
75304,2
75305,1
75306,-1
75307,-1
75308,-1
75309,-1
75310,-1
75311,-1
75312,-1
75313,-1
75314,3
75315,2
75316,3
75317,2
75318,-1
75319,-1
75320,-1
75321,-1
75322,-1
75323,-1
75324,2
75325,1
75326,-1
75327,-1
75328,-1
75329,-1
75330,-1
75331,-1
75332,-1
75333,-1
75334,-1
75335,-1
75336,-1
75337,-1
75338,-1
75339,-1
75340,-1
75341,-1
75342,-1
75343,-1
75344,-1
75345,-1
75346,-1
75347,-1
75348,2
75349,2
75350,-1
75351,-1
75352,-1
75353,-1
75354,-1
75355,-1
75356,2
75357,0
75358,-1
75359,-1
75360,-1
75361,-1
75362,-1
75363,-1
75364,-1
75365,-1
75366,-1
75367,-1
75368,3
75369,2
75370,-1
75371,-1
75372,-1
75373,-1
75374,-1
75375,-1
75376,-1
75377,-1
75378,-1
75379,-1
75380,-1
75381,-1
75382,-1
75383,-1
75384,1
75385,0
75386,-1
75387,-1
75388,1
75389,1
75390,-1
75391,-1
75392,-1
75393,-1
75394,-1
75395,-1
75396,-1
75397,-1
75398,-1
75399,-1
75400,-1
75401,-1
75402,-1
75403,-1
75404,-1
75405,-1
75406,1
75407,0
75408,-1
75409,-1
75410,-1
75411,-1
75412,-1
75413,-1
75414,-1
75415,-1
75416,-1
75417,-1
75418,-1
75419,-1
75420,-1
75421,-1
75422,-1
75423,-1
75424,-1
75425,-1
75426,-1
75427,-1
75428,-1
75429,-1
75430,-1
75431,-1
75432,-1
75433,-1
75434,-1
75435,-1
75436,-1
75437,-1
75438,-1
75439,-1
75440,-1
75441,-1
75442,-1
75443,-1
75444,2
75445,2
75446,-1
75447,-1
75448,-1
75449,-1
75450,-1
75451,-1
75452,-1
75453,-1
75454,-1
75455,-1
75456,-1
75457,-1
75458,-1
75459,-1
75460,2
75461,0
75462,-1
75463,-1
75464,-1
75465,-1
75466,2
75467,2
75468,-1
75469,-1
75470,-1
75471,-1
75472,-1
75473,-1
75474,-1
75475,-1
75476,-1
75477,-1
75478,-1
75479,-1
75480,-1
75481,-1
75482,-1
75483,-1
75484,-1
75485,-1
75486,-1
75487,-1
75488,-1
75489,-1
75490,-1
75491,-1
75492,-1
75493,-1
75494,-1
75495,-1
75496,-1
75497,-1
75498,-1
75499,-1
75500,-1
75501,-1
75502,-1
75503,-1
75504,3
75505,2
75506,-1
75507,-1
75508,-1
75509,-1
75510,-1
75511,-1
75512,-1
75513,-1
75514,-1
75515,-1
75516,-1
75517,-1
75518,-1
75519,-1
75520,-1
75521,-1
75522,-1
75523,-1
75524,-1
75525,-1
75526,-1
75527,-1
75528,-1
75529,-1
75530,3
75531,0
75532,-1
75533,-1
75534,-1
75535,-1
75536,-1
75537,-1
75538,-1
75539,-1
75540,-1
75541,-1
75542,2
75543,0
75544,-1
75545,-1
75546,-1
75547,-1
75548,-1
75549,-1
75550,-1
75551,-1
75552,-1
75553,-1
75554,1
75555,2
75556,3
75557,2
75558,-1
75559,-1
75560,1
75561,1
75562,-1
75563,-1
75564,-1
75565,-1
75566,-1
75567,-1
75568,-1
75569,-1
75570,-1
75571,-1
75572,2
75573,0
75574,3
75575,1
75576,3
75577,2
75578,2
75579,1
75580,-1
75581,-1
75582,-1
75583,-1
75584,-1
75585,-1
75586,-1
75587,-1
75588,3
75589,0
75590,-1
75591,-1
75592,-1
75593,-1
75594,-1
75595,-1
75596,-1
75597,-1
75598,-1
75599,-1
75600,1
75601,1
75602,-1
75603,-1
75604,-1
75605,-1
75606,-1
75607,-1
75608,-1
75609,-1
75610,-1
75611,-1
75612,-1
75613,-1
75614,-1
75615,-1
75616,-1
75617,-1
75618,-1
75619,-1
75620,-1
75621,-1
75622,-1
75623,-1
75624,-1
75625,-1
75626,-1
75627,-1
75628,-1
75629,-1
75630,1
75631,0
75632,-1
75633,-1
75634,-1
75635,-1
75636,-1
75637,-1
75638,2
75639,2
75640,-1
75641,-1
75642,-1
75643,-1
75644,-1
75645,-1
75646,-1
75647,-1
75648,-1
75649,-1
75650,-1
75651,-1
75652,2
75653,2
75654,-1
75655,-1
75656,-1
75657,-1
75658,-1
75659,-1
75660,-1
75661,-1
75662,-1
75663,-1
75664,-1
75665,-1
75666,3
75667,1
75668,3
75669,2
75670,-1
75671,-1
75672,-1
75673,-1
75674,-1
75675,-1
75676,-1
75677,-1
75678,-1
75679,-1
75680,-1
75681,-1
75682,-1
75683,-1
75684,3
75685,0
75686,-1
75687,-1
75688,-1
75689,-1
75690,1
75691,1
75692,-1
75693,-1
75694,-1
75695,-1
75696,1
75697,1
75698,-1
75699,-1
75700,-1
75701,-1
75702,1
75703,0
75704,3
75705,1
75706,-1
75707,-1
75708,-1
75709,-1
75710,-1
75711,-1
75712,1
75713,0
75714,-1
75715,-1
75716,-1
75717,-1
75718,3
75719,0
75720,-1
75721,-1
75722,-1
75723,-1
75724,2
75725,2
75726,-1
75727,-1
75728,-1
75729,-1
75730,-1
75731,-1
75732,-1
75733,-1
75734,1
75735,0
75736,-1
75737,-1
75738,-1
75739,-1
75740,2
75741,2
75742,-1
75743,-1
75744,2
75745,1
75746,-1
75747,-1
75748,-1
75749,-1
75750,-1
75751,-1
75752,-1
75753,-1
75754,-1
75755,-1
75756,-1
75757,-1
75758,3
75759,1
75760,-1
75761,-1
75762,-1
75763,-1
75764,-1
75765,-1
75766,2
75767,2
75768,-1
75769,-1
75770,-1
75771,-1
75772,-1
75773,-1
75774,-1
75775,-1
75776,-1
75777,-1
75778,2
75779,2
75780,-1
75781,-1
75782,3
75783,0
75784,-1
75785,-1
75786,-1
75787,-1
75788,-1
75789,-1
75790,-1
75791,-1
75792,-1
75793,-1
75794,2
75795,1
75796,-1
75797,-1
75798,-1
75799,-1
75800,-1
75801,-1
75802,-1
75803,-1
75804,-1
75805,-1
75806,-1
75807,-1
75808,-1
75809,-1
75810,-1
75811,-1
75812,-1
75813,-1
75814,-1
75815,-1
75816,-1
75817,-1
75818,-1
75819,-1
75820,-1
75821,-1
75822,1
75823,1
75824,-1
75825,-1
75826,-1
75827,-1
75828,3
75829,0
75830,-1
75831,-1
75832,-1
75833,-1
75834,-1
75835,-1
75836,3
75837,0
75838,-1
75839,-1
75840,-1
75841,-1
75842,-1
75843,-1
75844,1
75845,0
75846,-1
75847,-1
75848,-1
75849,-1
75850,-1
75851,-1
75852,-1
75853,-1
75854,-1
75855,-1
75856,1
75857,1
75858,-1
75859,-1
75860,-1
75861,-1
75862,-1
75863,-1
75864,-1
75865,-1
75866,-1
75867,-1
75868,3
75869,2
75870,-1
75871,-1
75872,2
75873,0
75874,-1
75875,-1
75876,-1
75877,-1
75878,-1
75879,-1
75880,-1
75881,-1
75882,-1
75883,-1
75884,-1
75885,-1
75886,-1
75887,-1
75888,-1
75889,-1
75890,-1
75891,-1
75892,-1
75893,-1
75894,-1
75895,-1
75896,-1
75897,-1
75898,-1
75899,-1
75900,-1
75901,-1
75902,-1
75903,-1
75904,-1
75905,-1
75906,-1
75907,-1
75908,-1
75909,-1
75910,-1
75911,-1
75912,-1
75913,-1
75914,-1
75915,-1
75916,-1
75917,-1
75918,-1
75919,-1
75920,-1
75921,-1
75922,-1
75923,-1
75924,1
75925,1
75926,-1
75927,-1
75928,2
75929,1
75930,3
75931,1
75932,-1
75933,-1
75934,-1
75935,-1
75936,-1
75937,-1
75938,1
75939,2
75940,-1
75941,-1
75942,-1
75943,-1
75944,-1
75945,-1
75946,-1
75947,-1
75948,-1
75949,-1
75950,3
75951,0
75952,-1
75953,-1
75954,-1
75955,-1
75956,-1
75957,-1
75958,-1
75959,-1
75960,-1
75961,-1
75962,-1
75963,-1
75964,-1
75965,-1
75966,-1
75967,-1
75968,-1
75969,-1
75970,-1
75971,-1
75972,3
75973,0
75974,-1
75975,-1
75976,-1
75977,-1
75978,-1
75979,-1
75980,-1
75981,-1
75982,-1
75983,-1
75984,-1
75985,-1
75986,-1
75987,-1
75988,-1
75989,-1
75990,-1
75991,-1
75992,-1
75993,-1
75994,-1
75995,-1
75996,-1
75997,-1
75998,-1
75999,-1
76000,-1
76001,-1
76002,-1
76003,-1
76004,-1
76005,-1
76006,-1
76007,-1
76008,-1
76009,-1
76010,-1
76011,-1
76012,-1
76013,-1
76014,1
76015,2
76016,-1
76017,-1
76018,-1
76019,-1
76020,-1
76021,-1
76022,-1
76023,-1
76024,1
76025,1
76026,-1
76027,-1
76028,-1
76029,-1
76030,1
76031,0
76032,-1
76033,-1
76034,-1
76035,-1
76036,2
76037,2
76038,-1
76039,-1
76040,-1
76041,-1
76042,-1
76043,-1
76044,-1
76045,-1
76046,-1
76047,-1
76048,-1
76049,-1
76050,-1
76051,-1
76052,-1
76053,-1
76054,-1
76055,-1
76056,-1
76057,-1
76058,-1
76059,-1
76060,-1
76061,-1
76062,-1
76063,-1
76064,-1
76065,-1
76066,-1
76067,-1
76068,-1
76069,-1
76070,-1
76071,-1
76072,-1
76073,-1
76074,-1
76075,-1
76076,-1
76077,-1
76078,-1
76079,-1
76080,-1
76081,-1
76082,-1
76083,-1
76084,-1
76085,-1
76086,-1
76087,-1
76088,-1
76089,-1
76090,-1
76091,-1
76092,-1
76093,-1
76094,-1
76095,-1
76096,-1
76097,-1
76098,-1
76099,-1
76100,-1
76101,-1
76102,-1
76103,-1
76104,-1
76105,-1
76106,-1
76107,-1
76108,-1
76109,-1
76110,-1
76111,-1
76112,-1
76113,-1
76114,-1
76115,-1
76116,-1
76117,-1
76118,-1
76119,-1
76120,-1
76121,-1
76122,-1
76123,-1
76124,2
76125,0
76126,-1
76127,-1
76128,-1
76129,-1
76130,-1
76131,-1
76132,-1
76133,-1
76134,-1
76135,-1
76136,-1
76137,-1
76138,-1
76139,-1
76140,1
76141,2
76142,-1
76143,-1
76144,-1
76145,-1
76146,-1
76147,-1
76148,-1
76149,-1
76150,-1
76151,-1
76152,-1
76153,-1
76154,-1
76155,-1
76156,2
76157,0
76158,3
76159,0
76160,2
76161,1
76162,1
76163,2
76164,-1
76165,-1
76166,-1
76167,-1
76168,2
76169,0
76170,-1
76171,-1
76172,-1
76173,-1
76174,-1
76175,-1
76176,-1
76177,-1
76178,3
76179,1
76180,1
76181,2
76182,-1
76183,-1
76184,-1
76185,-1
76186,-1
76187,-1
76188,2
76189,2
76190,1
76191,2
76192,-1
76193,-1
76194,-1
76195,-1
76196,-1
76197,-1
76198,3
76199,1
76200,-1
76201,-1
76202,-1
76203,-1
76204,-1
76205,-1
76206,2
76207,0
76208,-1
76209,-1
76210,-1
76211,-1
76212,-1
76213,-1
76214,2
76215,1
76216,-1
76217,-1
76218,-1
76219,-1
76220,-1
76221,-1
76222,-1
76223,-1
76224,-1
76225,-1
76226,-1
76227,-1
76228,-1
76229,-1
76230,-1
76231,-1
76232,-1
76233,-1
76234,3
76235,2
76236,-1
76237,-1
76238,-1
76239,-1
76240,3
76241,1
76242,-1
76243,-1
76244,-1
76245,-1
76246,-1
76247,-1
76248,-1
76249,-1
76250,2
76251,2
76252,-1
76253,-1
76254,-1
76255,-1
76256,2
76257,0
76258,-1
76259,-1
76260,-1
76261,-1
76262,-1
76263,-1
76264,-1
76265,-1
76266,-1
76267,-1
76268,-1
76269,-1
76270,-1
76271,-1
76272,-1
76273,-1
76274,-1
76275,-1
76276,-1
76277,-1
76278,-1
76279,-1
76280,-1
76281,-1
76282,1
76283,2
76284,2
76285,1
76286,-1
76287,-1
76288,-1
76289,-1
76290,1
76291,2
76292,1
76293,1
76294,-1
76295,-1
76296,2
76297,0
76298,1
76299,2
76300,-1
76301,-1
76302,-1
76303,-1
76304,-1
76305,-1
76306,-1
76307,-1
76308,-1
76309,-1
76310,-1
76311,-1
76312,-1
76313,-1
76314,-1
76315,-1
76316,-1
76317,-1
76318,3
76319,0
76320,-1
76321,-1
76322,-1
76323,-1
76324,-1
76325,-1
76326,2
76327,1
76328,-1
76329,-1
76330,-1
76331,-1
76332,-1
76333,-1
76334,-1
76335,-1
76336,3
76337,2
76338,-1
76339,-1
76340,-1
76341,-1
76342,-1
76343,-1
76344,1
76345,1
76346,-1
76347,-1
76348,-1
76349,-1
76350,2
76351,0
76352,-1
76353,-1
76354,-1
76355,-1
76356,-1
76357,-1
76358,2
76359,1
76360,-1
76361,-1
76362,-1
76363,-1
76364,-1
76365,-1
76366,-1
76367,-1
76368,-1
76369,-1
76370,-1
76371,-1
76372,-1
76373,-1
76374,-1
76375,-1
76376,-1
76377,-1
76378,-1
76379,-1
76380,-1
76381,-1
76382,-1
76383,-1
76384,-1
76385,-1
76386,3
76387,0
76388,3
76389,1
76390,-1
76391,-1
76392,-1
76393,-1
76394,-1
76395,-1
76396,-1
76397,-1
76398,-1
76399,-1
76400,-1
76401,-1
76402,-1
76403,-1
76404,3
76405,0
76406,-1
76407,-1
76408,-1
76409,-1
76410,-1
76411,-1
76412,-1
76413,-1
76414,-1
76415,-1
76416,-1
76417,-1
76418,-1
76419,-1
76420,-1
76421,-1
76422,-1
76423,-1
76424,-1
76425,-1
76426,-1
76427,-1
76428,-1
76429,-1
76430,-1
76431,-1
76432,-1
76433,-1
76434,-1
76435,-1
76436,-1
76437,-1
76438,-1
76439,-1
76440,-1
76441,-1
76442,3
76443,1
76444,-1
76445,-1
76446,-1
76447,-1
76448,-1
76449,-1
76450,-1
76451,-1
76452,1
76453,1
76454,-1
76455,-1
76456,-1
76457,-1
76458,1
76459,2
76460,-1
76461,-1
76462,-1
76463,-1
76464,-1
76465,-1
76466,-1
76467,-1
76468,-1
76469,-1
76470,-1
76471,-1
76472,-1
76473,-1
76474,-1
76475,-1
76476,-1
76477,-1
76478,-1
76479,-1
76480,-1
76481,-1
76482,-1
76483,-1
76484,-1
76485,-1
76486,-1
76487,-1
76488,-1
76489,-1
76490,-1
76491,-1
76492,-1
76493,-1
76494,-1
76495,-1
76496,-1
76497,-1
76498,-1
76499,-1
76500,-1
76501,-1
76502,-1
76503,-1
76504,-1
76505,-1
76506,-1
76507,-1
76508,-1
76509,-1
76510,2
76511,1
76512,-1
76513,-1
76514,-1
76515,-1
76516,2
76517,0
76518,1
76519,2
76520,-1
76521,-1
76522,-1
76523,-1
76524,-1
76525,-1
76526,-1
76527,-1
76528,-1
76529,-1
76530,-1
76531,-1
76532,-1
76533,-1
76534,-1
76535,-1
76536,-1
76537,-1
76538,1
76539,0
76540,-1
76541,-1
76542,-1
76543,-1
76544,-1
76545,-1
76546,-1
76547,-1
76548,2
76549,1
76550,-1
76551,-1
76552,-1
76553,-1
76554,-1
76555,-1
76556,-1
76557,-1
76558,-1
76559,-1
76560,-1
76561,-1
76562,-1
76563,-1
76564,-1
76565,-1
76566,1
76567,0
76568,-1
76569,-1
76570,-1
76571,-1
76572,-1
76573,-1
76574,2
76575,2
76576,-1
76577,-1
76578,-1
76579,-1
76580,-1
76581,-1
76582,-1
76583,-1
76584,-1
76585,-1
76586,-1
76587,-1
76588,-1
76589,-1
76590,2
76591,2
76592,3
76593,0
76594,3
76595,0
76596,1
76597,1
76598,-1
76599,-1
76600,1
76601,1
76602,-1
76603,-1
76604,-1
76605,-1
76606,-1
76607,-1
76608,-1
76609,-1
76610,-1
76611,-1
76612,-1
76613,-1
76614,-1
76615,-1
76616,3
76617,2
76618,-1
76619,-1
76620,1
76621,0
76622,-1
76623,-1
76624,-1
76625,-1
76626,-1
76627,-1
76628,-1
76629,-1
76630,-1
76631,-1
76632,-1
76633,-1
76634,-1
76635,-1
76636,-1
76637,-1
76638,-1
76639,-1
76640,-1
76641,-1
76642,-1
76643,-1
76644,-1
76645,-1
76646,3
76647,1
76648,1
76649,2
76650,1
76651,2
76652,-1
76653,-1
76654,-1
76655,-1
76656,-1
76657,-1
76658,-1
76659,-1
76660,-1
76661,-1
76662,-1
76663,-1
76664,-1
76665,-1
76666,-1
76667,-1
76668,2
76669,2
76670,-1
76671,-1
76672,-1
76673,-1
76674,3
76675,1
76676,-1
76677,-1
76678,-1
76679,-1
76680,-1
76681,-1
76682,-1
76683,-1
76684,-1
76685,-1
76686,3
76687,0
76688,1
76689,0
76690,-1
76691,-1
76692,-1
76693,-1
76694,-1
76695,-1
76696,-1
76697,-1
76698,-1
76699,-1
76700,-1
76701,-1
76702,1
76703,2
76704,-1
76705,-1
76706,3
76707,2
76708,-1
76709,-1
76710,-1
76711,-1
76712,-1
76713,-1
76714,-1
76715,-1
76716,-1
76717,-1
76718,-1
76719,-1
76720,-1
76721,-1
76722,-1
76723,-1
76724,-1
76725,-1
76726,-1
76727,-1
76728,-1
76729,-1
76730,-1
76731,-1
76732,-1
76733,-1
76734,-1
76735,-1
76736,2
76737,1
76738,-1
76739,-1
76740,-1
76741,-1
76742,2
76743,2
76744,-1
76745,-1
76746,-1
76747,-1
76748,-1
76749,-1
76750,-1
76751,-1
76752,-1
76753,-1
76754,1
76755,2
76756,-1
76757,-1
76758,-1
76759,-1
76760,2
76761,0
76762,2
76763,0
76764,2
76765,2
76766,-1
76767,-1
76768,-1
76769,-1
76770,-1
76771,-1
76772,-1
76773,-1
76774,-1
76775,-1
76776,-1
76777,-1
76778,-1
76779,-1
76780,-1
76781,-1
76782,-1
76783,-1
76784,-1
76785,-1
76786,-1
76787,-1
76788,-1
76789,-1
76790,-1
76791,-1
76792,3
76793,2
76794,-1
76795,-1
76796,-1
76797,-1
76798,1
76799,0
76800,-1
76801,-1
76802,-1
76803,-1
76804,-1
76805,-1
76806,1
76807,1
76808,-1
76809,-1
76810,-1
76811,-1
76812,-1
76813,-1
76814,-1
76815,-1
76816,-1
76817,-1
76818,-1
76819,-1
76820,-1
76821,-1
76822,-1
76823,-1
76824,1
76825,1
76826,-1
76827,-1
76828,-1
76829,-1
76830,-1
76831,-1
76832,-1
76833,-1
76834,-1
76835,-1
76836,-1
76837,-1
76838,-1
76839,-1
76840,-1
76841,-1
76842,-1
76843,-1
76844,-1
76845,-1
76846,-1
76847,-1
76848,-1
76849,-1
76850,-1
76851,-1
76852,-1
76853,-1
76854,2
76855,1
76856,-1
76857,-1
76858,-1
76859,-1
76860,-1
76861,-1
76862,-1
76863,-1
76864,-1
76865,-1
76866,-1
76867,-1
76868,-1
76869,-1
76870,-1
76871,-1
76872,-1
76873,-1
76874,2
76875,2
76876,-1
76877,-1
76878,-1
76879,-1
76880,-1
76881,-1
76882,-1
76883,-1
76884,-1
76885,-1
76886,-1
76887,-1
76888,-1
76889,-1
76890,-1
76891,-1
76892,3
76893,1
76894,-1
76895,-1
76896,-1
76897,-1
76898,-1
76899,-1
76900,-1
76901,-1
76902,-1
76903,-1
76904,-1
76905,-1
76906,-1
76907,-1
76908,-1
76909,-1
76910,-1
76911,-1
76912,-1
76913,-1
76914,-1
76915,-1
76916,-1
76917,-1
76918,-1
76919,-1
76920,-1
76921,-1
76922,-1
76923,-1
76924,-1
76925,-1
76926,-1
76927,-1
76928,-1
76929,-1
76930,-1
76931,-1
76932,-1
76933,-1
76934,2
76935,2
76936,-1
76937,-1
76938,-1
76939,-1
76940,-1
76941,-1
76942,-1
76943,-1
76944,-1
76945,-1
76946,-1
76947,-1
76948,1
76949,0
76950,-1
76951,-1
76952,-1
76953,-1
76954,-1
76955,-1
76956,-1
76957,-1
76958,-1
76959,-1
76960,3
76961,1
76962,-1
76963,-1
76964,-1
76965,-1
76966,-1
76967,-1
76968,2
76969,2
76970,3
76971,1
76972,-1
76973,-1
76974,2
76975,1
76976,-1
76977,-1
76978,-1
76979,-1
76980,-1
76981,-1
76982,3
76983,2
76984,-1
76985,-1
76986,-1
76987,-1
76988,-1
76989,-1
76990,-1
76991,-1
76992,-1
76993,-1
76994,-1
76995,-1
76996,-1
76997,-1
76998,-1
76999,-1
77000,-1
77001,-1
77002,-1
77003,-1
77004,-1
77005,-1
77006,-1
77007,-1
77008,-1
77009,-1
77010,-1
77011,-1
77012,-1
77013,-1
77014,3
77015,2
77016,-1
77017,-1
77018,-1
77019,-1
77020,-1
77021,-1
77022,-1
77023,-1
77024,-1
77025,-1
77026,-1
77027,-1
77028,-1
77029,-1
77030,3
77031,0
77032,-1
77033,-1
77034,-1
77035,-1
77036,-1
77037,-1
77038,-1
77039,-1
77040,-1
77041,-1
77042,-1
77043,-1
77044,3
77045,1
77046,-1
77047,-1
77048,-1
77049,-1
77050,-1
77051,-1
77052,-1
77053,-1
77054,-1
77055,-1
77056,-1
77057,-1
77058,-1
77059,-1
77060,-1
77061,-1
77062,-1
77063,-1
77064,-1
77065,-1
77066,-1
77067,-1
77068,-1
77069,-1
77070,-1
77071,-1
77072,-1
77073,-1
77074,-1
77075,-1
77076,-1
77077,-1
77078,-1
77079,-1
77080,-1
77081,-1
77082,-1
77083,-1
77084,-1
77085,-1
77086,-1
77087,-1
77088,-1
77089,-1
77090,-1
77091,-1
77092,-1
77093,-1
77094,-1
77095,-1
77096,-1
77097,-1
77098,-1
77099,-1
77100,-1
77101,-1
77102,-1
77103,-1
77104,-1
77105,-1
77106,-1
77107,-1
77108,-1
77109,-1
77110,-1
77111,-1
77112,-1
77113,-1
77114,-1
77115,-1
77116,-1
77117,-1
77118,-1
77119,-1
77120,-1
77121,-1
77122,-1
77123,-1
77124,-1
77125,-1
77126,-1
77127,-1
77128,-1
77129,-1
77130,-1
77131,-1
77132,-1
77133,-1
77134,-1
77135,-1
77136,-1
77137,-1
77138,-1
77139,-1
77140,-1
77141,-1
77142,-1
77143,-1
77144,2
77145,0
77146,-1
77147,-1
77148,-1
77149,-1
77150,-1
77151,-1
77152,-1
77153,-1
77154,-1
77155,-1
77156,-1
77157,-1
77158,-1
77159,-1
77160,-1
77161,-1
77162,-1
77163,-1
77164,-1
77165,-1
77166,-1
77167,-1
77168,-1
77169,-1
77170,2
77171,2
77172,-1
77173,-1
77174,2
77175,0
77176,-1
77177,-1
77178,-1
77179,-1
77180,-1
77181,-1
77182,-1
77183,-1
77184,-1
77185,-1
77186,3
77187,1
77188,-1
77189,-1
77190,-1
77191,-1
77192,-1
77193,-1
77194,-1
77195,-1
77196,-1
77197,-1
77198,-1
77199,-1
77200,-1
77201,-1
77202,-1
77203,-1
77204,-1
77205,-1
77206,-1
77207,-1
77208,-1
77209,-1
77210,-1
77211,-1
77212,-1
77213,-1
77214,-1
77215,-1
77216,-1
77217,-1
77218,-1
77219,-1
77220,-1
77221,-1
77222,-1
77223,-1
77224,-1
77225,-1
77226,-1
77227,-1
77228,-1
77229,-1
77230,-1
77231,-1
77232,-1
77233,-1
77234,-1
77235,-1
77236,-1
77237,-1
77238,-1
77239,-1
77240,-1
77241,-1
77242,-1
77243,-1
77244,-1
77245,-1
77246,-1
77247,-1
77248,-1
77249,-1
77250,1
77251,2
77252,-1
77253,-1
77254,-1
77255,-1
77256,-1
77257,-1
77258,-1
77259,-1
77260,-1
77261,-1
77262,-1
77263,-1
77264,-1
77265,-1
77266,-1
77267,-1
77268,-1
77269,-1
77270,-1
77271,-1
77272,-1
77273,-1
77274,2
77275,1
77276,-1
77277,-1
77278,-1
77279,-1
77280,2
77281,1
77282,-1
77283,-1
77284,-1
77285,-1
77286,-1
77287,-1
77288,1
77289,1
77290,-1
77291,-1
77292,-1
77293,-1
77294,-1
77295,-1
77296,-1
77297,-1
77298,1
77299,0
77300,-1
77301,-1
77302,3
77303,0
77304,-1
77305,-1
77306,3
77307,0
77308,-1
77309,-1
77310,-1
77311,-1
77312,-1
77313,-1
77314,2
77315,0
77316,-1
77317,-1
77318,-1
77319,-1
77320,-1
77321,-1
77322,-1
77323,-1
77324,-1
77325,-1
77326,-1
77327,-1
77328,-1
77329,-1
77330,-1
77331,-1
77332,-1
77333,-1
77334,-1
77335,-1
77336,-1
77337,-1
77338,-1
77339,-1
77340,3
77341,2
77342,-1
77343,-1
77344,-1
77345,-1
77346,-1
77347,-1
77348,-1
77349,-1
77350,-1
77351,-1
77352,-1
77353,-1
77354,-1
77355,-1
77356,2
77357,0
77358,-1
77359,-1
77360,-1
77361,-1
77362,-1
77363,-1
77364,-1
77365,-1
77366,-1
77367,-1
77368,-1
77369,-1
77370,-1
77371,-1
77372,-1
77373,-1
77374,-1
77375,-1
77376,-1
77377,-1
77378,-1
77379,-1
77380,-1
77381,-1
77382,-1
77383,-1
77384,-1
77385,-1
77386,-1
77387,-1
77388,-1
77389,-1
77390,1
77391,0
77392,-1
77393,-1
77394,-1
77395,-1
77396,-1
77397,-1
77398,1
77399,0
77400,-1
77401,-1
77402,-1
77403,-1
77404,2
77405,1
77406,-1
77407,-1
77408,-1
77409,-1
77410,-1
77411,-1
77412,1
77413,2
77414,1
77415,0
77416,-1
77417,-1
77418,-1
77419,-1
77420,-1
77421,-1
77422,-1
77423,-1
77424,-1
77425,-1
77426,-1
77427,-1
77428,3
77429,1
77430,-1
77431,-1
77432,-1
77433,-1
77434,-1
77435,-1
77436,-1
77437,-1
77438,-1
77439,-1
77440,3
77441,2
77442,-1
77443,-1
77444,-1
77445,-1
77446,-1
77447,-1
77448,-1
77449,-1
77450,3
77451,1
77452,-1
77453,-1
77454,-1
77455,-1
77456,-1
77457,-1
77458,-1
77459,-1
77460,-1
77461,-1
77462,-1
77463,-1
77464,-1
77465,-1
77466,-1
77467,-1
77468,-1
77469,-1
77470,-1
77471,-1
77472,1
77473,1
77474,-1
77475,-1
77476,-1
77477,-1
77478,3
77479,0
77480,-1
77481,-1
77482,-1
77483,-1
77484,-1
77485,-1
77486,-1
77487,-1
77488,-1
77489,-1
77490,2
77491,2
77492,-1
77493,-1
77494,-1
77495,-1
77496,-1
77497,-1
77498,-1
77499,-1
77500,-1
77501,-1
77502,-1
77503,-1
77504,1
77505,2
77506,-1
77507,-1
77508,2
77509,1
77510,-1
77511,-1
77512,-1
77513,-1
77514,2
77515,0
77516,-1
77517,-1
77518,-1
77519,-1
77520,-1
77521,-1
77522,-1
77523,-1
77524,-1
77525,-1
77526,-1
77527,-1
77528,-1
77529,-1
77530,2
77531,1
77532,-1
77533,-1
77534,-1
77535,-1
77536,-1
77537,-1
77538,-1
77539,-1
77540,3
77541,0
77542,-1
77543,-1
77544,-1
77545,-1
77546,-1
77547,-1
77548,-1
77549,-1
77550,-1
77551,-1
77552,-1
77553,-1
77554,-1
77555,-1
77556,-1
77557,-1
77558,2
77559,2
77560,-1
77561,-1
77562,-1
77563,-1
77564,-1
77565,-1
77566,3
77567,0
77568,-1
77569,-1
77570,-1
77571,-1
77572,-1
77573,-1
77574,-1
77575,-1
77576,-1
77577,-1
77578,-1
77579,-1
77580,-1
77581,-1
77582,-1
77583,-1
77584,-1
77585,-1
77586,-1
77587,-1
77588,-1
77589,-1
77590,-1
77591,-1
77592,1
77593,2
77594,-1
77595,-1
77596,-1
77597,-1
77598,-1
77599,-1
77600,-1
77601,-1
77602,-1
77603,-1
77604,2
77605,0
77606,-1
77607,-1
77608,-1
77609,-1
77610,-1
77611,-1
77612,3
77613,2
77614,-1
77615,-1
77616,-1
77617,-1
77618,-1
77619,-1
77620,2
77621,2
77622,-1
77623,-1
77624,-1
77625,-1
77626,-1
77627,-1
77628,-1
77629,-1
77630,1
77631,1
77632,1
77633,0
77634,-1
77635,-1
77636,-1
77637,-1
77638,-1
77639,-1
77640,-1
77641,-1
77642,-1
77643,-1
77644,-1
77645,-1
77646,2
77647,1
77648,-1
77649,-1
77650,-1
77651,-1
77652,-1
77653,-1
77654,-1
77655,-1
77656,-1
77657,-1
77658,-1
77659,-1
77660,-1
77661,-1
77662,-1
77663,-1
77664,-1
77665,-1
77666,-1
77667,-1
77668,3
77669,0
77670,-1
77671,-1
77672,-1
77673,-1
77674,1
77675,1
77676,3
77677,1
77678,-1
77679,-1
77680,-1
77681,-1
77682,-1
77683,-1
77684,-1
77685,-1
77686,-1
77687,-1
77688,-1
77689,-1
77690,-1
77691,-1
77692,-1
77693,-1
77694,-1
77695,-1
77696,-1
77697,-1
77698,-1
77699,-1
77700,-1
77701,-1
77702,-1
77703,-1
77704,-1
77705,-1
77706,-1
77707,-1
77708,-1
77709,-1
77710,-1
77711,-1
77712,-1
77713,-1
77714,-1
77715,-1
77716,-1
77717,-1
77718,-1
77719,-1
77720,-1
77721,-1
77722,2
77723,0
77724,-1
77725,-1
77726,-1
77727,-1
77728,-1
77729,-1
77730,3
77731,1
77732,-1
77733,-1
77734,-1
77735,-1
77736,-1
77737,-1
77738,-1
77739,-1
77740,-1
77741,-1
77742,-1
77743,-1
77744,-1
77745,-1
77746,-1
77747,-1
77748,-1
77749,-1
77750,3
77751,1
77752,-1
77753,-1
77754,-1
77755,-1
77756,-1
77757,-1
77758,-1
77759,-1
77760,-1
77761,-1
77762,-1
77763,-1
77764,-1
77765,-1
77766,-1
77767,-1
77768,-1
77769,-1
77770,-1
77771,-1
77772,-1
77773,-1
77774,-1
77775,-1
77776,-1
77777,-1
77778,-1
77779,-1
77780,-1
77781,-1
77782,-1
77783,-1
77784,-1
77785,-1
77786,-1
77787,-1
77788,-1
77789,-1
77790,-1
77791,-1
77792,-1
77793,-1
77794,-1
77795,-1
77796,-1
77797,-1
77798,-1
77799,-1
77800,-1
77801,-1
77802,-1
77803,-1
77804,1
77805,0
77806,1
77807,1
77808,1
77809,0
77810,1
77811,1
77812,-1
77813,-1
77814,-1
77815,-1
77816,-1
77817,-1
77818,-1
77819,-1
77820,-1
77821,-1
77822,-1
77823,-1
77824,-1
77825,-1
77826,-1
77827,-1
77828,-1
77829,-1
77830,-1
77831,-1
77832,-1
77833,-1
77834,-1
77835,-1
77836,-1
77837,-1
77838,-1
77839,-1
77840,-1
77841,-1
77842,-1
77843,-1
77844,1
77845,1
77846,-1
77847,-1
77848,-1
77849,-1
77850,-1
77851,-1
77852,-1
77853,-1
77854,-1
77855,-1
77856,3
77857,1
77858,-1
77859,-1
77860,-1
77861,-1
77862,-1
77863,-1
77864,-1
77865,-1
77866,2
77867,0
77868,-1
77869,-1
77870,-1
77871,-1
77872,-1
77873,-1
77874,-1
77875,-1
77876,-1
77877,-1
77878,-1
77879,-1
77880,-1
77881,-1
77882,1
77883,1
77884,3
77885,2
77886,-1
77887,-1
77888,-1
77889,-1
77890,-1
77891,-1
77892,-1
77893,-1
77894,-1
77895,-1
77896,-1
77897,-1
77898,-1
77899,-1
77900,3
77901,0
77902,2
77903,1
77904,2
77905,2
77906,-1
77907,-1
77908,-1
77909,-1
77910,-1
77911,-1
77912,2
77913,2
77914,-1
77915,-1
77916,-1
77917,-1
77918,-1
77919,-1
77920,-1
77921,-1
77922,2
77923,2
77924,2
77925,1
77926,-1
77927,-1
77928,3
77929,1
77930,-1
77931,-1
77932,-1
77933,-1
77934,2
77935,0
77936,-1
77937,-1
77938,-1
77939,-1
77940,-1
77941,-1
77942,-1
77943,-1
77944,-1
77945,-1
77946,3
77947,0
77948,-1
77949,-1
77950,-1
77951,-1
77952,-1
77953,-1
77954,-1
77955,-1
77956,-1
77957,-1
77958,-1
77959,-1
77960,-1
77961,-1
77962,-1
77963,-1
77964,-1
77965,-1
77966,-1
77967,-1
77968,-1
77969,-1
77970,-1
77971,-1
77972,-1
77973,-1
77974,1
77975,2
77976,2
77977,2
77978,-1
77979,-1
77980,-1
77981,-1
77982,-1
77983,-1
77984,-1
77985,-1
77986,-1
77987,-1
77988,-1
77989,-1
77990,-1
77991,-1
77992,-1
77993,-1
77994,-1
77995,-1
77996,-1
77997,-1
77998,-1
77999,-1
78000,-1
78001,-1
78002,-1
78003,-1
78004,-1
78005,-1
78006,-1
78007,-1
78008,-1
78009,-1
78010,-1
78011,-1
78012,-1
78013,-1
78014,-1
78015,-1
78016,-1
78017,-1
78018,-1
78019,-1
78020,-1
78021,-1
78022,-1
78023,-1
78024,-1
78025,-1
78026,-1
78027,-1
78028,-1
78029,-1
78030,-1
78031,-1
78032,-1
78033,-1
78034,-1
78035,-1
78036,-1
78037,-1
78038,-1
78039,-1
78040,2
78041,0
78042,-1
78043,-1
78044,-1
78045,-1
78046,2
78047,1
78048,-1
78049,-1
78050,-1
78051,-1
78052,-1
78053,-1
78054,-1
78055,-1
78056,2
78057,2
78058,-1
78059,-1
78060,-1
78061,-1
78062,-1
78063,-1
78064,-1
78065,-1
78066,-1
78067,-1
78068,-1
78069,-1
78070,-1
78071,-1
78072,-1
78073,-1
78074,-1
78075,-1
78076,-1
78077,-1
78078,-1
78079,-1
78080,-1
78081,-1
78082,-1
78083,-1
78084,-1
78085,-1
78086,-1
78087,-1
78088,2
78089,1
78090,-1
78091,-1
78092,-1
78093,-1
78094,-1
78095,-1
78096,-1
78097,-1
78098,-1
78099,-1
78100,-1
78101,-1
78102,1
78103,2
78104,-1
78105,-1
78106,-1
78107,-1
78108,-1
78109,-1
78110,-1
78111,-1
78112,-1
78113,-1
78114,-1
78115,-1
78116,-1
78117,-1
78118,-1
78119,-1
78120,-1
78121,-1
78122,3
78123,2
78124,-1
78125,-1
78126,-1
78127,-1
78128,1
78129,0
78130,-1
78131,-1
78132,-1
78133,-1
78134,-1
78135,-1
78136,-1
78137,-1
78138,-1
78139,-1
78140,-1
78141,-1
78142,-1
78143,-1
78144,1
78145,0
78146,-1
78147,-1
78148,-1
78149,-1
78150,-1
78151,-1
78152,-1
78153,-1
78154,-1
78155,-1
78156,3
78157,2
78158,-1
78159,-1
78160,-1
78161,-1
78162,-1
78163,-1
78164,-1
78165,-1
78166,-1
78167,-1
78168,-1
78169,-1
78170,-1
78171,-1
78172,1
78173,0
78174,-1
78175,-1
78176,-1
78177,-1
78178,-1
78179,-1
78180,-1
78181,-1
78182,-1
78183,-1
78184,-1
78185,-1
78186,-1
78187,-1
78188,1
78189,2
78190,-1
78191,-1
78192,-1
78193,-1
78194,1
78195,1
78196,1
78197,1
78198,-1
78199,-1
78200,1
78201,1
78202,-1
78203,-1
78204,-1
78205,-1
78206,1
78207,1
78208,-1
78209,-1
78210,-1
78211,-1
78212,-1
78213,-1
78214,-1
78215,-1
78216,-1
78217,-1
78218,-1
78219,-1
78220,3
78221,1
78222,2
78223,0
78224,-1
78225,-1
78226,1
78227,1
78228,-1
78229,-1
78230,-1
78231,-1
78232,-1
78233,-1
78234,2
78235,2
78236,-1
78237,-1
78238,-1
78239,-1
78240,-1
78241,-1
78242,3
78243,0
78244,2
78245,2
78246,-1
78247,-1
78248,-1
78249,-1
78250,-1
78251,-1
78252,-1
78253,-1
78254,-1
78255,-1
78256,1
78257,1
78258,1
78259,2
78260,1
78261,2
78262,-1
78263,-1
78264,-1
78265,-1
78266,-1
78267,-1
78268,-1
78269,-1
78270,-1
78271,-1
78272,1
78273,2
78274,-1
78275,-1
78276,-1
78277,-1
78278,3
78279,2
78280,-1
78281,-1
78282,3
78283,1
78284,-1
78285,-1
78286,-1
78287,-1
78288,-1
78289,-1
78290,-1
78291,-1
78292,-1
78293,-1
78294,-1
78295,-1
78296,-1
78297,-1
78298,-1
78299,-1
78300,-1
78301,-1
78302,-1
78303,-1
78304,-1
78305,-1
78306,-1
78307,-1
78308,-1
78309,-1
78310,1
78311,1
78312,-1
78313,-1
78314,-1
78315,-1
78316,-1
78317,-1
78318,-1
78319,-1
78320,2
78321,0
78322,-1
78323,-1
78324,-1
78325,-1
78326,-1
78327,-1
78328,-1
78329,-1
78330,-1
78331,-1
78332,-1
78333,-1
78334,-1
78335,-1
78336,-1
78337,-1
78338,3
78339,2
78340,-1
78341,-1
78342,-1
78343,-1
78344,-1
78345,-1
78346,2
78347,1
78348,2
78349,0
78350,-1
78351,-1
78352,1
78353,2
78354,2
78355,0
78356,-1
78357,-1
78358,2
78359,2
78360,1
78361,0
78362,-1
78363,-1
78364,1
78365,0
78366,-1
78367,-1
78368,3
78369,1
78370,-1
78371,-1
78372,-1
78373,-1
78374,-1
78375,-1
78376,1
78377,2
78378,-1
78379,-1
78380,-1
78381,-1
78382,2
78383,1
78384,-1
78385,-1
78386,-1
78387,-1
78388,-1
78389,-1
78390,-1
78391,-1
78392,-1
78393,-1
78394,-1
78395,-1
78396,2
78397,1
78398,-1
78399,-1
78400,-1
78401,-1
78402,-1
78403,-1
78404,-1
78405,-1
78406,-1
78407,-1
78408,-1
78409,-1
78410,-1
78411,-1
78412,-1
78413,-1
78414,2
78415,0
78416,-1
78417,-1
78418,-1
78419,-1
78420,-1
78421,-1
78422,-1
78423,-1
78424,-1
78425,-1
78426,-1
78427,-1
78428,-1
78429,-1
78430,-1
78431,-1
78432,-1
78433,-1
78434,-1
78435,-1
78436,3
78437,0
78438,3
78439,1
78440,-1
78441,-1
78442,-1
78443,-1
78444,3
78445,1
78446,-1
78447,-1
78448,-1
78449,-1
78450,-1
78451,-1
78452,1
78453,2
78454,-1
78455,-1
78456,-1
78457,-1
78458,-1
78459,-1
78460,3
78461,2
78462,-1
78463,-1
78464,-1
78465,-1
78466,-1
78467,-1
78468,-1
78469,-1
78470,2
78471,0
78472,-1
78473,-1
78474,-1
78475,-1
78476,2
78477,0
78478,-1
78479,-1
78480,-1
78481,-1
78482,-1
78483,-1
78484,2
78485,1
78486,-1
78487,-1
78488,-1
78489,-1
78490,-1
78491,-1
78492,3
78493,1
78494,-1
78495,-1
78496,-1
78497,-1
78498,2
78499,0
78500,-1
78501,-1
78502,-1
78503,-1
78504,-1
78505,-1
78506,1
78507,2
78508,-1
78509,-1
78510,-1
78511,-1
78512,-1
78513,-1
78514,-1
78515,-1
78516,-1
78517,-1
78518,-1
78519,-1
78520,-1
78521,-1
78522,-1
78523,-1
78524,-1
78525,-1
78526,2
78527,1
78528,-1
78529,-1
78530,-1
78531,-1
78532,-1
78533,-1
78534,-1
78535,-1
78536,-1
78537,-1
78538,-1
78539,-1
78540,-1
78541,-1
78542,1
78543,2
78544,-1
78545,-1
78546,-1
78547,-1
78548,-1
78549,-1
78550,-1
78551,-1
78552,-1
78553,-1
78554,-1
78555,-1
78556,3
78557,0
78558,2
78559,1
78560,3
78561,0
78562,-1
78563,-1
78564,-1
78565,-1
78566,-1
78567,-1
78568,-1
78569,-1
78570,-1
78571,-1
78572,-1
78573,-1
78574,-1
78575,-1
78576,-1
78577,-1
78578,-1
78579,-1
78580,-1
78581,-1
78582,-1
78583,-1
78584,-1
78585,-1
78586,-1
78587,-1
78588,2
78589,1
78590,-1
78591,-1
78592,3
78593,0
78594,-1
78595,-1
78596,-1
78597,-1
78598,1
78599,1
78600,-1
78601,-1
78602,-1
78603,-1
78604,2
78605,0
78606,3
78607,1
78608,1
78609,1
78610,-1
78611,-1
78612,3
78613,0
78614,3
78615,1
78616,-1
78617,-1
78618,-1
78619,-1
78620,3
78621,0
78622,-1
78623,-1
78624,1
78625,1
78626,2
78627,2
78628,-1
78629,-1
78630,-1
78631,-1
78632,-1
78633,-1
78634,-1
78635,-1
78636,1
78637,0
78638,-1
78639,-1
78640,1
78641,0
78642,-1
78643,-1
78644,-1
78645,-1
78646,-1
78647,-1
78648,3
78649,0
78650,-1
78651,-1
78652,-1
78653,-1
78654,-1
78655,-1
78656,-1
78657,-1
78658,-1
78659,-1
78660,2
78661,0
78662,-1
78663,-1
78664,-1
78665,-1
78666,-1
78667,-1
78668,1
78669,0
78670,-1
78671,-1
78672,-1
78673,-1
78674,-1
78675,-1
78676,2
78677,2
78678,-1
78679,-1
78680,2
78681,1
78682,1
78683,2
78684,-1
78685,-1
78686,-1
78687,-1
78688,-1
78689,-1
78690,-1
78691,-1
78692,-1
78693,-1
78694,-1
78695,-1
78696,2
78697,0
78698,-1
78699,-1
78700,-1
78701,-1
78702,3
78703,1
78704,-1
78705,-1
78706,1
78707,0
78708,-1
78709,-1
78710,-1
78711,-1
78712,-1
78713,-1
78714,3
78715,0
78716,2
78717,1
78718,-1
78719,-1
78720,-1
78721,-1
78722,-1
78723,-1
78724,2
78725,0
78726,-1
78727,-1
78728,2
78729,1
78730,-1
78731,-1
78732,-1
78733,-1
78734,-1
78735,-1
78736,-1
78737,-1
78738,-1
78739,-1
78740,-1
78741,-1
78742,-1
78743,-1
78744,-1
78745,-1
78746,-1
78747,-1
78748,-1
78749,-1
78750,-1
78751,-1
78752,-1
78753,-1
78754,-1
78755,-1
78756,-1
78757,-1
78758,-1
78759,-1
78760,-1
78761,-1
78762,-1
78763,-1
78764,-1
78765,-1
78766,-1
78767,-1
78768,-1
78769,-1
78770,3
78771,2
78772,-1
78773,-1
78774,-1
78775,-1
78776,-1
78777,-1
78778,-1
78779,-1
78780,-1
78781,-1
78782,-1
78783,-1
78784,1
78785,2
78786,-1
78787,-1
78788,-1
78789,-1
78790,-1
78791,-1
78792,3
78793,0
78794,-1
78795,-1
78796,-1
78797,-1
78798,3
78799,0
78800,-1
78801,-1
78802,-1
78803,-1
78804,1
78805,1
78806,-1
78807,-1
78808,3
78809,0
78810,-1
78811,-1
78812,-1
78813,-1
78814,-1
78815,-1
78816,-1
78817,-1
78818,-1
78819,-1
78820,-1
78821,-1
78822,-1
78823,-1
78824,-1
78825,-1
78826,-1
78827,-1
78828,-1
78829,-1
78830,-1
78831,-1
78832,3
78833,2
78834,-1
78835,-1
78836,-1
78837,-1
78838,-1
78839,-1
78840,2
78841,2
78842,3
78843,1
78844,-1
78845,-1
78846,-1
78847,-1
78848,-1
78849,-1
78850,-1
78851,-1
78852,-1
78853,-1
78854,1
78855,2
78856,-1
78857,-1
78858,-1
78859,-1
78860,-1
78861,-1
78862,-1
78863,-1
78864,-1
78865,-1
78866,-1
78867,-1
78868,-1
78869,-1
78870,-1
78871,-1
78872,-1
78873,-1
78874,-1
78875,-1
78876,-1
78877,-1
78878,-1
78879,-1
78880,-1
78881,-1
78882,-1
78883,-1
78884,-1
78885,-1
78886,-1
78887,-1
78888,-1
78889,-1
78890,-1
78891,-1
78892,-1
78893,-1
78894,-1
78895,-1
78896,-1
78897,-1
78898,-1
78899,-1
78900,2
78901,2
78902,-1
78903,-1
78904,1
78905,0
78906,-1
78907,-1
78908,3
78909,0
78910,-1
78911,-1
78912,-1
78913,-1
78914,1
78915,0
78916,-1
78917,-1
78918,-1
78919,-1
78920,-1
78921,-1
78922,-1
78923,-1
78924,-1
78925,-1
78926,-1
78927,-1
78928,-1
78929,-1
78930,3
78931,0
78932,-1
78933,-1
78934,2
78935,1
78936,1
78937,0
78938,-1
78939,-1
78940,-1
78941,-1
78942,-1
78943,-1
78944,-1
78945,-1
78946,-1
78947,-1
78948,-1
78949,-1
78950,-1
78951,-1
78952,-1
78953,-1
78954,-1
78955,-1
78956,-1
78957,-1
78958,2
78959,1
78960,-1
78961,-1
78962,-1
78963,-1
78964,-1
78965,-1
78966,-1
78967,-1
78968,-1
78969,-1
78970,-1
78971,-1
78972,-1
78973,-1
78974,1
78975,0
78976,-1
78977,-1
78978,-1
78979,-1
78980,-1
78981,-1
78982,-1
78983,-1
78984,-1
78985,-1
78986,-1
78987,-1
78988,1
78989,2
78990,1
78991,1
78992,3
78993,0
78994,-1
78995,-1
78996,-1
78997,-1
78998,1
78999,1
79000,3
79001,0
79002,-1
79003,-1
79004,-1
79005,-1
79006,-1
79007,-1
79008,-1
79009,-1
79010,-1
79011,-1
79012,-1
79013,-1
79014,-1
79015,-1
79016,-1
79017,-1
79018,-1
79019,-1
79020,-1
79021,-1
79022,-1
79023,-1
79024,-1
79025,-1
79026,-1
79027,-1
79028,-1
79029,-1
79030,-1
79031,-1
79032,-1
79033,-1
79034,-1
79035,-1
79036,-1
79037,-1
79038,-1
79039,-1
79040,2
79041,1
79042,-1
79043,-1
79044,-1
79045,-1
79046,-1
79047,-1
79048,-1
79049,-1
79050,1
79051,2
79052,-1
79053,-1
79054,-1
79055,-1
79056,2
79057,2
79058,-1
79059,-1
79060,-1
79061,-1
79062,-1
79063,-1
79064,-1
79065,-1
79066,-1
79067,-1
79068,3
79069,2
79070,-1
79071,-1
79072,-1
79073,-1
79074,-1
79075,-1
79076,-1
79077,-1
79078,-1
79079,-1
79080,-1
79081,-1
79082,1
79083,1
79084,-1
79085,-1
79086,-1
79087,-1
79088,-1
79089,-1
79090,2
79091,1
79092,-1
79093,-1
79094,-1
79095,-1
79096,-1
79097,-1
79098,-1
79099,-1
79100,-1
79101,-1
79102,-1
79103,-1
79104,-1
79105,-1
79106,-1
79107,-1
79108,-1
79109,-1
79110,-1
79111,-1
79112,-1
79113,-1
79114,-1
79115,-1
79116,-1
79117,-1
79118,-1
79119,-1
79120,-1
79121,-1
79122,1
79123,0
79124,-1
79125,-1
79126,-1
79127,-1
79128,-1
79129,-1
79130,2
79131,2
79132,-1
79133,-1
79134,2
79135,1
79136,-1
79137,-1
79138,-1
79139,-1
79140,-1
79141,-1
79142,3
79143,0
79144,-1
79145,-1
79146,-1
79147,-1
79148,-1
79149,-1
79150,-1
79151,-1
79152,-1
79153,-1
79154,-1
79155,-1
79156,2
79157,0
79158,-1
79159,-1
79160,-1
79161,-1
79162,-1
79163,-1
79164,-1
79165,-1
79166,-1
79167,-1
79168,2
79169,1
79170,2
79171,0
79172,-1
79173,-1
79174,-1
79175,-1
79176,-1
79177,-1
79178,-1
79179,-1
79180,1
79181,0
79182,-1
79183,-1
79184,-1
79185,-1
79186,-1
79187,-1
79188,-1
79189,-1
79190,-1
79191,-1
79192,2
79193,2
79194,-1
79195,-1
79196,-1
79197,-1
79198,-1
79199,-1
79200,2
79201,0
79202,-1
79203,-1
79204,-1
79205,-1
79206,-1
79207,-1
79208,-1
79209,-1
79210,-1
79211,-1
79212,-1
79213,-1
79214,1
79215,0
79216,1
79217,1
79218,-1
79219,-1
79220,-1
79221,-1
79222,-1
79223,-1
79224,-1
79225,-1
79226,3
79227,0
79228,3
79229,2
79230,-1
79231,-1
79232,-1
79233,-1
79234,-1
79235,-1
79236,1
79237,1
79238,3
79239,2
79240,-1
79241,-1
79242,-1
79243,-1
79244,-1
79245,-1
79246,-1
79247,-1
79248,-1
79249,-1
79250,-1
79251,-1
79252,-1
79253,-1
79254,1
79255,0
79256,-1
79257,-1
79258,2
79259,1
79260,-1
79261,-1
79262,-1
79263,-1
79264,-1
79265,-1
79266,-1
79267,-1
79268,-1
79269,-1
79270,2
79271,0
79272,-1
79273,-1
79274,-1
79275,-1
79276,-1
79277,-1
79278,2
79279,1
79280,3
79281,2
79282,-1
79283,-1
79284,-1
79285,-1
79286,-1
79287,-1
79288,-1
79289,-1
79290,2
79291,0
79292,-1
79293,-1
79294,-1
79295,-1
79296,-1
79297,-1
79298,-1
79299,-1
79300,-1
79301,-1
79302,3
79303,2
79304,2
79305,0
79306,-1
79307,-1
79308,3
79309,0
79310,-1
79311,-1
79312,-1
79313,-1
79314,3
79315,2
79316,-1
79317,-1
79318,-1
79319,-1
79320,-1
79321,-1
79322,-1
79323,-1
79324,-1
79325,-1
79326,-1
79327,-1
79328,-1
79329,-1
79330,-1
79331,-1
79332,-1
79333,-1
79334,1
79335,2
79336,-1
79337,-1
79338,-1
79339,-1
79340,-1
79341,-1
79342,-1
79343,-1
79344,-1
79345,-1
79346,-1
79347,-1
79348,-1
79349,-1
79350,-1
79351,-1
79352,-1
79353,-1
79354,-1
79355,-1
79356,3
79357,2
79358,-1
79359,-1
79360,-1
79361,-1
79362,-1
79363,-1
79364,-1
79365,-1
79366,2
79367,2
79368,-1
79369,-1
79370,-1
79371,-1
79372,3
79373,2
79374,-1
79375,-1
79376,-1
79377,-1
79378,1
79379,2
79380,-1
79381,-1
79382,-1
79383,-1
79384,-1
79385,-1
79386,-1
79387,-1
79388,-1
79389,-1
79390,-1
79391,-1
79392,-1
79393,-1
79394,-1
79395,-1
79396,2
79397,1
79398,-1
79399,-1
79400,-1
79401,-1
79402,-1
79403,-1
79404,-1
79405,-1
79406,-1
79407,-1
79408,1
79409,2
79410,-1
79411,-1
79412,-1
79413,-1
79414,-1
79415,-1
79416,-1
79417,-1
79418,-1
79419,-1
79420,-1
79421,-1
79422,-1
79423,-1
79424,-1
79425,-1
79426,3
79427,0
79428,-1
79429,-1
79430,-1
79431,-1
79432,1
79433,0
79434,2
79435,1
79436,-1
79437,-1
79438,-1
79439,-1
79440,-1
79441,-1
79442,-1
79443,-1
79444,-1
79445,-1
79446,-1
79447,-1
79448,-1
79449,-1
79450,-1
79451,-1
79452,-1
79453,-1
79454,2
79455,1
79456,-1
79457,-1
79458,2
79459,2
79460,2
79461,0
79462,-1
79463,-1
79464,-1
79465,-1
79466,3
79467,2
79468,2
79469,0
79470,-1
79471,-1
79472,-1
79473,-1
79474,-1
79475,-1
79476,-1
79477,-1
79478,-1
79479,-1
79480,-1
79481,-1
79482,-1
79483,-1
79484,-1
79485,-1
79486,1
79487,1
79488,-1
79489,-1
79490,-1
79491,-1
79492,-1
79493,-1
79494,3
79495,1
79496,3
79497,1
79498,-1
79499,-1
79500,-1
79501,-1
79502,-1
79503,-1
79504,-1
79505,-1
79506,3
79507,1
79508,1
79509,2
79510,-1
79511,-1
79512,-1
79513,-1
79514,-1
79515,-1
79516,-1
79517,-1
79518,-1
79519,-1
79520,-1
79521,-1
79522,-1
79523,-1
79524,2
79525,0
79526,-1
79527,-1
79528,-1
79529,-1
79530,-1
79531,-1
79532,2
79533,0
79534,-1
79535,-1
79536,1
79537,0
79538,-1
79539,-1
79540,-1
79541,-1
79542,3
79543,2
79544,-1
79545,-1
79546,-1
79547,-1
79548,-1
79549,-1
79550,-1
79551,-1
79552,-1
79553,-1
79554,-1
79555,-1
79556,-1
79557,-1
79558,3
79559,2
79560,-1
79561,-1
79562,-1
79563,-1
79564,-1
79565,-1
79566,1
79567,2
79568,-1
79569,-1
79570,-1
79571,-1
79572,3
79573,0
79574,-1
79575,-1
79576,-1
79577,-1
79578,-1
79579,-1
79580,-1
79581,-1
79582,-1
79583,-1
79584,-1
79585,-1
79586,-1
79587,-1
79588,-1
79589,-1
79590,2
79591,0
79592,-1
79593,-1
79594,-1
79595,-1
79596,-1
79597,-1
79598,2
79599,1
79600,-1
79601,-1
79602,-1
79603,-1
79604,-1
79605,-1
79606,-1
79607,-1
79608,-1
79609,-1
79610,-1
79611,-1
79612,-1
79613,-1
79614,-1
79615,-1
79616,-1
79617,-1
79618,-1
79619,-1
79620,-1
79621,-1
79622,-1
79623,-1
79624,-1
79625,-1
79626,1
79627,1
79628,-1
79629,-1
79630,-1
79631,-1
79632,-1
79633,-1
79634,-1
79635,-1
79636,-1
79637,-1
79638,-1
79639,-1
79640,-1
79641,-1
79642,-1
79643,-1
79644,1
79645,0
79646,-1
79647,-1
79648,-1
79649,-1
79650,-1
79651,-1
79652,-1
79653,-1
79654,1
79655,0
79656,-1
79657,-1
79658,-1
79659,-1
79660,-1
79661,-1
79662,2
79663,0
79664,3
79665,1
79666,-1
79667,-1
79668,-1
79669,-1
79670,-1
79671,-1
79672,1
79673,1
79674,-1
79675,-1
79676,-1
79677,-1
79678,-1
79679,-1
79680,-1
79681,-1
79682,-1
79683,-1
79684,1
79685,0
79686,-1
79687,-1
79688,-1
79689,-1
79690,-1
79691,-1
79692,-1
79693,-1
79694,1
79695,1
79696,2
79697,0
79698,1
79699,0
79700,-1
79701,-1
79702,-1
79703,-1
79704,-1
79705,-1
79706,-1
79707,-1
79708,1
79709,1
79710,-1
79711,-1
79712,-1
79713,-1
79714,3
79715,1
79716,1
79717,1
79718,3
79719,1
79720,-1
79721,-1
79722,-1
79723,-1
79724,-1
79725,-1
79726,-1
79727,-1
79728,-1
79729,-1
79730,-1
79731,-1
79732,2
79733,0
79734,-1
79735,-1
79736,-1
79737,-1
79738,-1
79739,-1
79740,-1
79741,-1
79742,3
79743,1
79744,-1
79745,-1
79746,-1
79747,-1
79748,-1
79749,-1
79750,-1
79751,-1
79752,2
79753,2
79754,-1
79755,-1
79756,-1
79757,-1
79758,-1
79759,-1
79760,-1
79761,-1
79762,-1
79763,-1
79764,3
79765,1
79766,-1
79767,-1
79768,3
79769,1
79770,-1
79771,-1
79772,-1
79773,-1
79774,-1
79775,-1
79776,-1
79777,-1
79778,-1
79779,-1
79780,-1
79781,-1
79782,-1
79783,-1
79784,-1
79785,-1
79786,-1
79787,-1
79788,-1
79789,-1
79790,-1
79791,-1
79792,-1
79793,-1
79794,-1
79795,-1
79796,-1
79797,-1
79798,-1
79799,-1
79800,-1
79801,-1
79802,3
79803,1
79804,-1
79805,-1
79806,-1
79807,-1
79808,-1
79809,-1
79810,-1
79811,-1
79812,-1
79813,-1
79814,-1
79815,-1
79816,-1
79817,-1
79818,-1
79819,-1
79820,-1
79821,-1
79822,-1
79823,-1
79824,1
79825,1
79826,-1
79827,-1
79828,-1
79829,-1
79830,-1
79831,-1
79832,-1
79833,-1
79834,-1
79835,-1
79836,-1
79837,-1
79838,-1
79839,-1
79840,-1
79841,-1
79842,-1
79843,-1
79844,-1
79845,-1
79846,1
79847,0
79848,-1
79849,-1
79850,-1
79851,-1
79852,-1
79853,-1
79854,-1
79855,-1
79856,-1
79857,-1
79858,-1
79859,-1
79860,-1
79861,-1
79862,-1
79863,-1
79864,3
79865,0
79866,-1
79867,-1
79868,-1
79869,-1
79870,-1
79871,-1
79872,-1
79873,-1
79874,-1
79875,-1
79876,-1
79877,-1
79878,2
79879,1
79880,-1
79881,-1
79882,-1
79883,-1
79884,-1
79885,-1
79886,-1
79887,-1
79888,3
79889,2
79890,1
79891,0
79892,-1
79893,-1
79894,-1
79895,-1
79896,-1
79897,-1
79898,-1
79899,-1
79900,-1
79901,-1
79902,-1
79903,-1
79904,-1
79905,-1
79906,-1
79907,-1
79908,1
79909,1
79910,-1
79911,-1
79912,-1
79913,-1
79914,2
79915,0
79916,-1
79917,-1
79918,-1
79919,-1
79920,-1
79921,-1
79922,-1
79923,-1
79924,2
79925,0
79926,1
79927,0
79928,-1
79929,-1
79930,-1
79931,-1
79932,-1
79933,-1
79934,-1
79935,-1
79936,-1
79937,-1
79938,-1
79939,-1
79940,-1
79941,-1
79942,-1
79943,-1
79944,-1
79945,-1
79946,-1
79947,-1
79948,-1
79949,-1
79950,-1
79951,-1
79952,2
79953,2
79954,-1
79955,-1
79956,-1
79957,-1
79958,-1
79959,-1
79960,-1
79961,-1
79962,-1
79963,-1
79964,-1
79965,-1
79966,2
79967,0
79968,-1
79969,-1
79970,3
79971,0
79972,-1
79973,-1
79974,-1
79975,-1
79976,-1
79977,-1
79978,-1
79979,-1
79980,-1
79981,-1
79982,-1
79983,-1
79984,1
79985,1
79986,3
79987,0
79988,-1
79989,-1
79990,-1
79991,-1
79992,2
79993,0
79994,-1
79995,-1
79996,-1
79997,-1
79998,-1
79999,-1
80000,-1
80001,-1
80002,-1
80003,-1
80004,-1
80005,-1
80006,2
80007,1
80008,-1
80009,-1
80010,-1
80011,-1
80012,-1
80013,-1
80014,-1
80015,-1
80016,-1
80017,-1
80018,-1
80019,-1
80020,-1
80021,-1
80022,-1
80023,-1
80024,1
80025,0
80026,-1
80027,-1
80028,-1
80029,-1
80030,-1
80031,-1
80032,-1
80033,-1
80034,-1
80035,-1
80036,2
80037,0
80038,3
80039,0
80040,-1
80041,-1
80042,-1
80043,-1
80044,-1
80045,-1
80046,-1
80047,-1
80048,-1
80049,-1
80050,-1
80051,-1
80052,-1
80053,-1
80054,-1
80055,-1
80056,-1
80057,-1
80058,-1
80059,-1
80060,-1
80061,-1
80062,-1
80063,-1
80064,-1
80065,-1
80066,1
80067,1
80068,-1
80069,-1
80070,-1
80071,-1
80072,2
80073,2
80074,-1
80075,-1
80076,-1
80077,-1
80078,-1
80079,-1
80080,1
80081,0
80082,-1
80083,-1
80084,-1
80085,-1
80086,-1
80087,-1
80088,-1
80089,-1
80090,3
80091,2
80092,-1
80093,-1
80094,1
80095,0
80096,-1
80097,-1
80098,-1
80099,-1
80100,-1
80101,-1
80102,1
80103,1
80104,-1
80105,-1
80106,-1
80107,-1
80108,-1
80109,-1
80110,-1
80111,-1
80112,-1
80113,-1
80114,-1
80115,-1
80116,-1
80117,-1
80118,-1
80119,-1
80120,-1
80121,-1
80122,-1
80123,-1
80124,-1
80125,-1
80126,-1
80127,-1
80128,-1
80129,-1
80130,-1
80131,-1
80132,1
80133,2
80134,-1
80135,-1
80136,-1
80137,-1
80138,-1
80139,-1
80140,1
80141,0
80142,-1
80143,-1
80144,1
80145,2
80146,3
80147,1
80148,1
80149,1
80150,-1
80151,-1
80152,1
80153,0
80154,-1
80155,-1
80156,-1
80157,-1
80158,-1
80159,-1
80160,-1
80161,-1
80162,-1
80163,-1
80164,-1
80165,-1
80166,-1
80167,-1
80168,-1
80169,-1
80170,-1
80171,-1
80172,-1
80173,-1
80174,-1
80175,-1
80176,-1
80177,-1
80178,-1
80179,-1
80180,-1
80181,-1
80182,1
80183,1
80184,-1
80185,-1
80186,-1
80187,-1
80188,2
80189,2
80190,-1
80191,-1
80192,-1
80193,-1
80194,-1
80195,-1
80196,-1
80197,-1
80198,-1
80199,-1
80200,-1
80201,-1
80202,-1
80203,-1
80204,-1
80205,-1
80206,-1
80207,-1
80208,-1
80209,-1
80210,1
80211,0
80212,-1
80213,-1
80214,2
80215,0
80216,-1
80217,-1
80218,-1
80219,-1
80220,1
80221,1
80222,3
80223,2
80224,2
80225,0
80226,3
80227,2
80228,3
80229,2
80230,-1
80231,-1
80232,-1
80233,-1
80234,-1
80235,-1
80236,-1
80237,-1
80238,-1
80239,-1
80240,-1
80241,-1
80242,-1
80243,-1
80244,-1
80245,-1
80246,-1
80247,-1
80248,2
80249,1
80250,-1
80251,-1
80252,-1
80253,-1
80254,-1
80255,-1
80256,-1
80257,-1
80258,-1
80259,-1
80260,-1
80261,-1
80262,-1
80263,-1
80264,2
80265,2
80266,-1
80267,-1
80268,-1
80269,-1
80270,-1
80271,-1
80272,2
80273,1
80274,-1
80275,-1
80276,-1
80277,-1
80278,1
80279,0
80280,1
80281,2
80282,-1
80283,-1
80284,-1
80285,-1
80286,1
80287,2
80288,2
80289,0
80290,-1
80291,-1
80292,-1
80293,-1
80294,-1
80295,-1
80296,-1
80297,-1
80298,-1
80299,-1
80300,-1
80301,-1
80302,-1
80303,-1
80304,-1
80305,-1
80306,-1
80307,-1
80308,-1
80309,-1
80310,-1
80311,-1
80312,-1
80313,-1
80314,-1
80315,-1
80316,2
80317,2
80318,2
80319,0
80320,-1
80321,-1
80322,3
80323,2
80324,-1
80325,-1
80326,-1
80327,-1
80328,-1
80329,-1
80330,1
80331,1
80332,-1
80333,-1
80334,-1
80335,-1
80336,-1
80337,-1
80338,-1
80339,-1
80340,2
80341,0
80342,-1
80343,-1
80344,-1
80345,-1
80346,-1
80347,-1
80348,3
80349,2
80350,-1
80351,-1
80352,-1
80353,-1
80354,1
80355,1
80356,-1
80357,-1
80358,-1
80359,-1
80360,-1
80361,-1
80362,-1
80363,-1
80364,-1
80365,-1
80366,-1
80367,-1
80368,1
80369,2
80370,1
80371,1
80372,1
80373,1
80374,-1
80375,-1
80376,-1
80377,-1
80378,1
80379,1
80380,-1
80381,-1
80382,2
80383,0
80384,-1
80385,-1
80386,-1
80387,-1
80388,-1
80389,-1
80390,2
80391,2
80392,1
80393,2
80394,2
80395,2
80396,-1
80397,-1
80398,-1
80399,-1
80400,-1
80401,-1
80402,-1
80403,-1
80404,-1
80405,-1
80406,-1
80407,-1
80408,-1
80409,-1
80410,-1
80411,-1
80412,-1
80413,-1
80414,-1
80415,-1
80416,1
80417,1
80418,1
80419,2
80420,3
80421,1
80422,-1
80423,-1
80424,-1
80425,-1
80426,-1
80427,-1
80428,-1
80429,-1
80430,-1
80431,-1
80432,-1
80433,-1
80434,-1
80435,-1
80436,-1
80437,-1
80438,-1
80439,-1
80440,-1
80441,-1
80442,-1
80443,-1
80444,-1
80445,-1
80446,2
80447,2
80448,-1
80449,-1
80450,-1
80451,-1
80452,-1
80453,-1
80454,-1
80455,-1
80456,-1
80457,-1
80458,3
80459,2
80460,-1
80461,-1
80462,-1
80463,-1
80464,-1
80465,-1
80466,-1
80467,-1
80468,-1
80469,-1
80470,-1
80471,-1
80472,-1
80473,-1
80474,-1
80475,-1
80476,-1
80477,-1
80478,-1
80479,-1
80480,1
80481,0
80482,-1
80483,-1
80484,-1
80485,-1
80486,1
80487,1
80488,-1
80489,-1
80490,-1
80491,-1
80492,-1
80493,-1
80494,-1
80495,-1
80496,1
80497,1
80498,1
80499,0
80500,-1
80501,-1
80502,2
80503,1
80504,-1
80505,-1
80506,2
80507,2
80508,2
80509,1
80510,-1
80511,-1
80512,-1
80513,-1
80514,2
80515,2
80516,1
80517,1
80518,-1
80519,-1
80520,-1
80521,-1
80522,1
80523,1
80524,-1
80525,-1
80526,-1
80527,-1
80528,-1
80529,-1
80530,3
80531,1
80532,-1
80533,-1
80534,-1
80535,-1
80536,-1
80537,-1
80538,-1
80539,-1
80540,-1
80541,-1
80542,-1
80543,-1
80544,-1
80545,-1
80546,-1
80547,-1
80548,-1
80549,-1
80550,-1
80551,-1
80552,2
80553,2
80554,-1
80555,-1
80556,-1
80557,-1
80558,-1
80559,-1
80560,-1
80561,-1
80562,-1
80563,-1
80564,-1
80565,-1
80566,-1
80567,-1
80568,2
80569,0
80570,-1
80571,-1
80572,-1
80573,-1
80574,2
80575,1
80576,2
80577,0
80578,-1
80579,-1
80580,2
80581,1
80582,-1
80583,-1
80584,-1
80585,-1
80586,1
80587,2
80588,-1
80589,-1
80590,-1
80591,-1
80592,-1
80593,-1
80594,-1
80595,-1
80596,-1
80597,-1
80598,-1
80599,-1
80600,-1
80601,-1
80602,-1
80603,-1
80604,-1
80605,-1
80606,-1
80607,-1
80608,-1
80609,-1
80610,-1
80611,-1
80612,-1
80613,-1
80614,-1
80615,-1
80616,-1
80617,-1
80618,-1
80619,-1
80620,-1
80621,-1
80622,-1
80623,-1
80624,-1
80625,-1
80626,-1
80627,-1
80628,-1
80629,-1
80630,2
80631,2
80632,-1
80633,-1
80634,-1
80635,-1
80636,1
80637,1
80638,-1
80639,-1
80640,-1
80641,-1
80642,2
80643,2
80644,-1
80645,-1
80646,-1
80647,-1
80648,-1
80649,-1
80650,-1
80651,-1
80652,-1
80653,-1
80654,1
80655,1
80656,-1
80657,-1
80658,-1
80659,-1
80660,1
80661,1
80662,-1
80663,-1
80664,-1
80665,-1
80666,3
80667,2
80668,1
80669,0
80670,-1
80671,-1
80672,-1
80673,-1
80674,-1
80675,-1
80676,1
80677,2
80678,-1
80679,-1
80680,-1
80681,-1
80682,2
80683,0
80684,-1
80685,-1
80686,3
80687,1
80688,-1
80689,-1
80690,-1
80691,-1
80692,-1
80693,-1
80694,-1
80695,-1
80696,2
80697,2
80698,-1
80699,-1
80700,3
80701,2
80702,2
80703,1
80704,-1
80705,-1
80706,-1
80707,-1
80708,-1
80709,-1
80710,-1
80711,-1
80712,-1
80713,-1
80714,-1
80715,-1
80716,-1
80717,-1
80718,2
80719,0
80720,-1
80721,-1
80722,-1
80723,-1
80724,-1
80725,-1
80726,-1
80727,-1
80728,-1
80729,-1
80730,-1
80731,-1
80732,-1
80733,-1
80734,-1
80735,-1
80736,-1
80737,-1
80738,-1
80739,-1
80740,-1
80741,-1
80742,-1
80743,-1
80744,2
80745,2
80746,-1
80747,-1
80748,-1
80749,-1
80750,-1
80751,-1
80752,-1
80753,-1
80754,-1
80755,-1
80756,1
80757,0
80758,-1
80759,-1
80760,-1
80761,-1
80762,-1
80763,-1
80764,3
80765,0
80766,1
80767,0
80768,-1
80769,-1
80770,1
80771,0
80772,2
80773,2
80774,-1
80775,-1
80776,-1
80777,-1
80778,-1
80779,-1
80780,-1
80781,-1
80782,-1
80783,-1
80784,-1
80785,-1
80786,-1
80787,-1
80788,3
80789,2
80790,-1
80791,-1
80792,-1
80793,-1
80794,-1
80795,-1
80796,-1
80797,-1
80798,-1
80799,-1
80800,-1
80801,-1
80802,-1
80803,-1
80804,2
80805,1
80806,-1
80807,-1
80808,-1
80809,-1
80810,-1
80811,-1
80812,-1
80813,-1
80814,1
80815,2
80816,-1
80817,-1
80818,-1
80819,-1
80820,-1
80821,-1
80822,-1
80823,-1
80824,-1
80825,-1
80826,-1
80827,-1
80828,-1
80829,-1
80830,2
80831,0
80832,-1
80833,-1
80834,-1
80835,-1
80836,-1
80837,-1
80838,-1
80839,-1
80840,-1
80841,-1
80842,-1
80843,-1
80844,3
80845,1
80846,-1
80847,-1
80848,1
80849,0
80850,-1
80851,-1
80852,-1
80853,-1
80854,-1
80855,-1
80856,2
80857,1
80858,-1
80859,-1
80860,1
80861,0
80862,-1
80863,-1
80864,-1
80865,-1
80866,-1
80867,-1
80868,-1
80869,-1
80870,-1
80871,-1
80872,-1
80873,-1
80874,3
80875,0
80876,3
80877,0
80878,-1
80879,-1
80880,-1
80881,-1
80882,2
80883,0
80884,2
80885,1
80886,-1
80887,-1
80888,-1
80889,-1
80890,-1
80891,-1
80892,-1
80893,-1
80894,-1
80895,-1
80896,1
80897,0
80898,3
80899,1
80900,-1
80901,-1
80902,-1
80903,-1
80904,-1
80905,-1
80906,-1
80907,-1
80908,1
80909,1
80910,1
80911,1
80912,-1
80913,-1
80914,1
80915,2
80916,-1
80917,-1
80918,-1
80919,-1
80920,-1
80921,-1
80922,-1
80923,-1
80924,3
80925,2
80926,-1
80927,-1
80928,-1
80929,-1
80930,-1
80931,-1
80932,1
80933,1
80934,-1
80935,-1
80936,-1
80937,-1
80938,2
80939,2
80940,-1
80941,-1
80942,-1
80943,-1
80944,-1
80945,-1
80946,-1
80947,-1
80948,-1
80949,-1
80950,-1
80951,-1
80952,3
80953,0
80954,-1
80955,-1
80956,-1
80957,-1
80958,-1
80959,-1
80960,-1
80961,-1
80962,-1
80963,-1
80964,-1
80965,-1
80966,2
80967,1
80968,3
80969,0
80970,1
80971,2
80972,-1
80973,-1
80974,-1
80975,-1
80976,1
80977,0
80978,-1
80979,-1
80980,-1
80981,-1
80982,-1
80983,-1
80984,-1
80985,-1
80986,-1
80987,-1
80988,-1
80989,-1
80990,2
80991,1
80992,-1
80993,-1
80994,1
80995,1
80996,-1
80997,-1
80998,-1
80999,-1
81000,-1
81001,-1
81002,3
81003,1
81004,2
81005,0
81006,-1
81007,-1
81008,-1
81009,-1
81010,-1
81011,-1
81012,2
81013,2
81014,-1
81015,-1
81016,-1
81017,-1
81018,-1
81019,-1
81020,3
81021,0
81022,-1
81023,-1
81024,-1
81025,-1
81026,-1
81027,-1
81028,3
81029,2
81030,-1
81031,-1
81032,-1
81033,-1
81034,-1
81035,-1
81036,-1
81037,-1
81038,-1
81039,-1
81040,-1
81041,-1
81042,-1
81043,-1
81044,3
81045,0
81046,-1
81047,-1
81048,-1
81049,-1
81050,1
81051,0
81052,-1
81053,-1
81054,-1
81055,-1
81056,3
81057,2
81058,-1
81059,-1
81060,2
81061,0
81062,3
81063,0
81064,-1
81065,-1
81066,1
81067,1
81068,-1
81069,-1
81070,1
81071,2
81072,-1
81073,-1
81074,-1
81075,-1
81076,-1
81077,-1
81078,2
81079,0
81080,-1
81081,-1
81082,-1
81083,-1
81084,-1
81085,-1
81086,-1
81087,-1
81088,-1
81089,-1
81090,3
81091,1
81092,-1
81093,-1
81094,-1
81095,-1
81096,-1
81097,-1
81098,-1
81099,-1
81100,-1
81101,-1
81102,-1
81103,-1
81104,-1
81105,-1
81106,-1
81107,-1
81108,2
81109,0
81110,-1
81111,-1
81112,-1
81113,-1
81114,3
81115,1
81116,-1
81117,-1
81118,2
81119,1
81120,-1
81121,-1
81122,-1
81123,-1
81124,-1
81125,-1
81126,-1
81127,-1
81128,3
81129,1
81130,3
81131,2
81132,-1
81133,-1
81134,-1
81135,-1
81136,2
81137,2
81138,-1
81139,-1
81140,-1
81141,-1
81142,-1
81143,-1
81144,-1
81145,-1
81146,-1
81147,-1
81148,2
81149,0
81150,1
81151,2
81152,-1
81153,-1
81154,-1
81155,-1
81156,-1
81157,-1
81158,-1
81159,-1
81160,-1
81161,-1
81162,-1
81163,-1
81164,-1
81165,-1
81166,-1
81167,-1
81168,-1
81169,-1
81170,-1
81171,-1
81172,-1
81173,-1
81174,-1
81175,-1
81176,1
81177,2
81178,1
81179,1
81180,-1
81181,-1
81182,-1
81183,-1
81184,-1
81185,-1
81186,-1
81187,-1
81188,3
81189,2
81190,-1
81191,-1
81192,-1
81193,-1
81194,-1
81195,-1
81196,-1
81197,-1
81198,-1
81199,-1
81200,1
81201,2
81202,2
81203,2
81204,-1
81205,-1
81206,-1
81207,-1
81208,-1
81209,-1
81210,-1
81211,-1
81212,-1
81213,-1
81214,-1
81215,-1
81216,-1
81217,-1
81218,-1
81219,-1
81220,-1
81221,-1
81222,-1
81223,-1
81224,-1
81225,-1
81226,-1
81227,-1
81228,-1
81229,-1
81230,-1
81231,-1
81232,-1
81233,-1
81234,3
81235,1
81236,-1
81237,-1
81238,-1
81239,-1
81240,-1
81241,-1
81242,-1
81243,-1
81244,-1
81245,-1
81246,-1
81247,-1
81248,-1
81249,-1
81250,1
81251,0
81252,-1
81253,-1
81254,2
81255,2
81256,-1
81257,-1
81258,-1
81259,-1
81260,2
81261,1
81262,-1
81263,-1
81264,-1
81265,-1
81266,-1
81267,-1
81268,-1
81269,-1
81270,-1
81271,-1
81272,-1
81273,-1
81274,-1
81275,-1
81276,1
81277,0
81278,3
81279,0
81280,-1
81281,-1
81282,-1
81283,-1
81284,1
81285,0
81286,3
81287,1
81288,1
81289,1
81290,1
81291,0
81292,-1
81293,-1
81294,-1
81295,-1
81296,-1
81297,-1
81298,-1
81299,-1
81300,-1
81301,-1
81302,-1
81303,-1
81304,3
81305,1
81306,-1
81307,-1
81308,-1
81309,-1
81310,-1
81311,-1
81312,3
81313,2
81314,-1
81315,-1
81316,-1
81317,-1
81318,-1
81319,-1
81320,2
81321,2
81322,-1
81323,-1
81324,-1
81325,-1
81326,-1
81327,-1
81328,-1
81329,-1
81330,-1
81331,-1
81332,-1
81333,-1
81334,-1
81335,-1
81336,-1
81337,-1
81338,-1
81339,-1
81340,-1
81341,-1
81342,3
81343,2
81344,-1
81345,-1
81346,2
81347,2
81348,-1
81349,-1
81350,1
81351,2
81352,-1
81353,-1
81354,1
81355,1
81356,1
81357,2
81358,-1
81359,-1
81360,-1
81361,-1
81362,-1
81363,-1
81364,-1
81365,-1
81366,-1
81367,-1
81368,1
81369,0
81370,-1
81371,-1
81372,-1
81373,-1
81374,-1
81375,-1
81376,-1
81377,-1
81378,-1
81379,-1
81380,-1
81381,-1
81382,-1
81383,-1
81384,-1
81385,-1
81386,3
81387,0
81388,-1
81389,-1
81390,-1
81391,-1
81392,-1
81393,-1
81394,3
81395,0
81396,-1
81397,-1
81398,-1
81399,-1
81400,-1
81401,-1
81402,-1
81403,-1
81404,-1
81405,-1
81406,-1
81407,-1
81408,-1
81409,-1
81410,-1
81411,-1
81412,-1
81413,-1
81414,-1
81415,-1
81416,-1
81417,-1
81418,-1
81419,-1
81420,-1
81421,-1
81422,-1
81423,-1
81424,-1
81425,-1
81426,-1
81427,-1
81428,-1
81429,-1
81430,-1
81431,-1
81432,3
81433,0
81434,-1
81435,-1
81436,-1
81437,-1
81438,3
81439,2
81440,-1
81441,-1
81442,-1
81443,-1
81444,-1
81445,-1
81446,-1
81447,-1
81448,3
81449,2
81450,-1
81451,-1
81452,2
81453,1
81454,2
81455,0
81456,-1
81457,-1
81458,-1
81459,-1
81460,-1
81461,-1
81462,-1
81463,-1
81464,1
81465,1
81466,-1
81467,-1
81468,-1
81469,-1
81470,-1
81471,-1
81472,-1
81473,-1
81474,-1
81475,-1
81476,1
81477,0
81478,-1
81479,-1
81480,-1
81481,-1
81482,-1
81483,-1
81484,2
81485,1
81486,-1
81487,-1
81488,-1
81489,-1
81490,-1
81491,-1
81492,2
81493,0
81494,-1
81495,-1
81496,-1
81497,-1
81498,-1
81499,-1
81500,-1
81501,-1
81502,-1
81503,-1
81504,-1
81505,-1
81506,3
81507,1
81508,-1
81509,-1
81510,3
81511,0
81512,-1
81513,-1
81514,-1
81515,-1
81516,2
81517,2
81518,2
81519,1
81520,-1
81521,-1
81522,-1
81523,-1
81524,-1
81525,-1
81526,1
81527,0
81528,-1
81529,-1
81530,2
81531,0
81532,-1
81533,-1
81534,-1
81535,-1
81536,-1
81537,-1
81538,2
81539,1
81540,-1
81541,-1
81542,-1
81543,-1
81544,-1
81545,-1
81546,-1
81547,-1
81548,-1
81549,-1
81550,-1
81551,-1
81552,3
81553,1
81554,-1
81555,-1
81556,1
81557,2
81558,2
81559,0
81560,-1
81561,-1
81562,-1
81563,-1
81564,-1
81565,-1
81566,1
81567,2
81568,-1
81569,-1
81570,1
81571,1
81572,-1
81573,-1
81574,-1
81575,-1
81576,2
81577,2
81578,1
81579,1
81580,-1
81581,-1
81582,-1
81583,-1
81584,-1
81585,-1
81586,-1
81587,-1
81588,-1
81589,-1
81590,-1
81591,-1
81592,1
81593,1
81594,1
81595,0
81596,-1
81597,-1
81598,-1
81599,-1
81600,-1
81601,-1
81602,2
81603,0
81604,-1
81605,-1
81606,-1
81607,-1
81608,3
81609,1
81610,-1
81611,-1
81612,-1
81613,-1
81614,-1
81615,-1
81616,-1
81617,-1
81618,-1
81619,-1
81620,-1
81621,-1
81622,-1
81623,-1
81624,-1
81625,-1
81626,-1
81627,-1
81628,1
81629,0
81630,1
81631,0
81632,-1
81633,-1
81634,-1
81635,-1
81636,-1
81637,-1
81638,-1
81639,-1
81640,-1
81641,-1
81642,2
81643,2
81644,-1
81645,-1
81646,-1
81647,-1
81648,1
81649,0
81650,-1
81651,-1
81652,-1
81653,-1
81654,-1
81655,-1
81656,-1
81657,-1
81658,-1
81659,-1
81660,-1
81661,-1
81662,-1
81663,-1
81664,-1
81665,-1
81666,-1
81667,-1
81668,-1
81669,-1
81670,2
81671,2
81672,1
81673,0
81674,-1
81675,-1
81676,-1
81677,-1
81678,-1
81679,-1
81680,-1
81681,-1
81682,-1
81683,-1
81684,-1
81685,-1
81686,-1
81687,-1
81688,2
81689,2
81690,-1
81691,-1
81692,-1
81693,-1
81694,-1
81695,-1
81696,3
81697,0
81698,-1
81699,-1
81700,-1
81701,-1
81702,-1
81703,-1
81704,-1
81705,-1
81706,-1
81707,-1
81708,-1
81709,-1
81710,-1
81711,-1
81712,-1
81713,-1
81714,-1
81715,-1
81716,1
81717,0
81718,1
81719,2
81720,-1
81721,-1
81722,-1
81723,-1
81724,-1
81725,-1
81726,-1
81727,-1
81728,-1
81729,-1
81730,-1
81731,-1
81732,-1
81733,-1
81734,-1
81735,-1
81736,-1
81737,-1
81738,-1
81739,-1
81740,-1
81741,-1
81742,-1
81743,-1
81744,-1
81745,-1
81746,-1
81747,-1
81748,-1
81749,-1
81750,-1
81751,-1
81752,-1
81753,-1
81754,-1
81755,-1
81756,1
81757,0
81758,-1
81759,-1
81760,-1
81761,-1
81762,2
81763,0
81764,-1
81765,-1
81766,-1
81767,-1
81768,-1
81769,-1
81770,-1
81771,-1
81772,1
81773,0
81774,-1
81775,-1
81776,-1
81777,-1
81778,2
81779,1
81780,-1
81781,-1
81782,-1
81783,-1
81784,-1
81785,-1
81786,3
81787,0
81788,-1
81789,-1
81790,2
81791,0
81792,-1
81793,-1
81794,2
81795,1
81796,-1
81797,-1
81798,-1
81799,-1
81800,-1
81801,-1
81802,2
81803,0
81804,-1
81805,-1
81806,-1
81807,-1
81808,-1
81809,-1
81810,1
81811,0
81812,-1
81813,-1
81814,1
81815,2
81816,1
81817,2
81818,-1
81819,-1
81820,-1
81821,-1
81822,-1
81823,-1
81824,1
81825,0
81826,-1
81827,-1
81828,-1
81829,-1
81830,-1
81831,-1
81832,1
81833,1
81834,-1
81835,-1
81836,-1
81837,-1
81838,-1
81839,-1
81840,-1
81841,-1
81842,3
81843,2
81844,2
81845,0
81846,-1
81847,-1
81848,-1
81849,-1
81850,-1
81851,-1
81852,-1
81853,-1
81854,-1
81855,-1
81856,-1
81857,-1
81858,2
81859,0
81860,-1
81861,-1
81862,-1
81863,-1
81864,-1
81865,-1
81866,-1
81867,-1
81868,2
81869,2
81870,3
81871,2
81872,-1
81873,-1
81874,-1
81875,-1
81876,-1
81877,-1
81878,3
81879,0
81880,1
81881,1
81882,-1
81883,-1
81884,-1
81885,-1
81886,-1
81887,-1
81888,1
81889,0
81890,-1
81891,-1
81892,-1
81893,-1
81894,-1
81895,-1
81896,-1
81897,-1
81898,-1
81899,-1
81900,-1
81901,-1
81902,-1
81903,-1
81904,-1
81905,-1
81906,-1
81907,-1
81908,3
81909,0
81910,-1
81911,-1
81912,3
81913,1
81914,3
81915,1
81916,2
81917,1
81918,-1
81919,-1
81920,-1
81921,-1
81922,1
81923,1
81924,-1
81925,-1
81926,-1
81927,-1
81928,3
81929,2
81930,-1
81931,-1
81932,3
81933,0
81934,1
81935,0
81936,-1
81937,-1
81938,-1
81939,-1
81940,-1
81941,-1
81942,-1
81943,-1
81944,-1
81945,-1
81946,-1
81947,-1
81948,-1
81949,-1
81950,-1
81951,-1
81952,-1
81953,-1
81954,-1
81955,-1
81956,-1
81957,-1
81958,-1
81959,-1
81960,-1
81961,-1
81962,-1
81963,-1
81964,-1
81965,-1
81966,-1
81967,-1
81968,-1
81969,-1
81970,-1
81971,-1
81972,-1
81973,-1
81974,-1
81975,-1
81976,-1
81977,-1
81978,3
81979,1
81980,-1
81981,-1
81982,-1
81983,-1
81984,-1
81985,-1
81986,-1
81987,-1
81988,-1
81989,-1
81990,-1
81991,-1
81992,1
81993,2
81994,-1
81995,-1
81996,-1
81997,-1
81998,3
81999,1
82000,-1
82001,-1
82002,1
82003,0
82004,-1
82005,-1
82006,-1
82007,-1
82008,-1
82009,-1
82010,-1
82011,-1
82012,-1
82013,-1
82014,1
82015,0
82016,-1
82017,-1
82018,-1
82019,-1
82020,-1
82021,-1
82022,-1
82023,-1
82024,2
82025,2
82026,-1
82027,-1
82028,-1
82029,-1
82030,-1
82031,-1
82032,-1
82033,-1
82034,-1
82035,-1
82036,1
82037,1
82038,-1
82039,-1
82040,-1
82041,-1
82042,-1
82043,-1
82044,2
82045,2
82046,-1
82047,-1
82048,-1
82049,-1
82050,-1
82051,-1
82052,2
82053,2
82054,3
82055,0
82056,-1
82057,-1
82058,2
82059,0
82060,-1
82061,-1
82062,-1
82063,-1
82064,-1
82065,-1
82066,-1
82067,-1
82068,-1
82069,-1
82070,-1
82071,-1
82072,-1
82073,-1
82074,-1
82075,-1
82076,-1
82077,-1
82078,-1
82079,-1
82080,-1
82081,-1
82082,-1
82083,-1
82084,-1
82085,-1
82086,-1
82087,-1
82088,-1
82089,-1
82090,-1
82091,-1
82092,-1
82093,-1
82094,-1
82095,-1
82096,-1
82097,-1
82098,-1
82099,-1
82100,-1
82101,-1
82102,-1
82103,-1
82104,-1
82105,-1
82106,-1
82107,-1
82108,-1
82109,-1
82110,-1
82111,-1
82112,-1
82113,-1
82114,1
82115,0
82116,-1
82117,-1
82118,-1
82119,-1
82120,1
82121,2
82122,1
82123,0
82124,2
82125,0
82126,-1
82127,-1
82128,-1
82129,-1
82130,-1
82131,-1
82132,-1
82133,-1
82134,-1
82135,-1
82136,-1
82137,-1
82138,-1
82139,-1
82140,1
82141,0
82142,-1
82143,-1
82144,-1
82145,-1
82146,-1
82147,-1
82148,2
82149,1
82150,-1
82151,-1
82152,-1
82153,-1
82154,2
82155,2
82156,-1
82157,-1
82158,3
82159,0
82160,3
82161,1
82162,-1
82163,-1
82164,-1
82165,-1
82166,-1
82167,-1
82168,-1
82169,-1
82170,-1
82171,-1
82172,-1
82173,-1
82174,-1
82175,-1
82176,-1
82177,-1
82178,-1
82179,-1
82180,-1
82181,-1
82182,-1
82183,-1
82184,-1
82185,-1
82186,-1
82187,-1
82188,-1
82189,-1
82190,-1
82191,-1
82192,-1
82193,-1
82194,1
82195,2
82196,-1
82197,-1
82198,-1
82199,-1
82200,-1
82201,-1
82202,-1
82203,-1
82204,-1
82205,-1
82206,-1
82207,-1
82208,-1
82209,-1
82210,-1
82211,-1
82212,1
82213,0
82214,1
82215,0
82216,-1
82217,-1
82218,-1
82219,-1
82220,1
82221,0
82222,-1
82223,-1
82224,-1
82225,-1
82226,2
82227,1
82228,-1
82229,-1
82230,-1
82231,-1
82232,-1
82233,-1
82234,-1
82235,-1
82236,-1
82237,-1
82238,-1
82239,-1
82240,-1
82241,-1
82242,-1
82243,-1
82244,-1
82245,-1
82246,3
82247,1
82248,1
82249,0
82250,-1
82251,-1
82252,-1
82253,-1
82254,-1
82255,-1
82256,2
82257,0
82258,1
82259,0
82260,2
82261,2
82262,3
82263,0
82264,3
82265,0
82266,-1
82267,-1
82268,-1
82269,-1
82270,-1
82271,-1
82272,-1
82273,-1
82274,3
82275,2
82276,-1
82277,-1
82278,-1
82279,-1
82280,-1
82281,-1
82282,2
82283,1
82284,-1
82285,-1
82286,2
82287,2
82288,-1
82289,-1
82290,-1
82291,-1
82292,-1
82293,-1
82294,-1
82295,-1
82296,2
82297,1
82298,-1
82299,-1
82300,3
82301,2
82302,2
82303,2
82304,1
82305,0
82306,2
82307,1
82308,-1
82309,-1
82310,-1
82311,-1
82312,1
82313,0
82314,3
82315,1
82316,-1
82317,-1
82318,2
82319,1
82320,1
82321,2
82322,-1
82323,-1
82324,-1
82325,-1
82326,-1
82327,-1
82328,-1
82329,-1
82330,3
82331,0
82332,-1
82333,-1
82334,-1
82335,-1
82336,-1
82337,-1
82338,-1
82339,-1
82340,3
82341,1
82342,1
82343,1
82344,2
82345,1
82346,1
82347,2
82348,-1
82349,-1
82350,1
82351,0
82352,3
82353,0
82354,-1
82355,-1
82356,-1
82357,-1
82358,-1
82359,-1
82360,3
82361,1
82362,1
82363,1
82364,-1
82365,-1
82366,2
82367,0
82368,-1
82369,-1
82370,3
82371,0
82372,1
82373,1
82374,-1
82375,-1
82376,-1
82377,-1
82378,-1
82379,-1
82380,1
82381,2
82382,-1
82383,-1
82384,-1
82385,-1
82386,1
82387,0
82388,-1
82389,-1
82390,1
82391,1
82392,2
82393,2
82394,-1
82395,-1
82396,-1
82397,-1
82398,2
82399,1
82400,-1
82401,-1
82402,2
82403,0
82404,-1
82405,-1
82406,-1
82407,-1
82408,-1
82409,-1
82410,3
82411,1
82412,-1
82413,-1
82414,1
82415,2
82416,-1
82417,-1
82418,-1
82419,-1
82420,-1
82421,-1
82422,-1
82423,-1
82424,1
82425,0
82426,-1
82427,-1
82428,-1
82429,-1
82430,2
82431,1
82432,-1
82433,-1
82434,-1
82435,-1
82436,-1
82437,-1
82438,-1
82439,-1
82440,-1
82441,-1
82442,-1
82443,-1
82444,-1
82445,-1
82446,-1
82447,-1
82448,-1
82449,-1
82450,-1
82451,-1
82452,-1
82453,-1
82454,3
82455,2
82456,1
82457,0
82458,-1
82459,-1
82460,-1
82461,-1
82462,-1
82463,-1
82464,-1
82465,-1
82466,-1
82467,-1
82468,1
82469,1
82470,-1
82471,-1
82472,-1
82473,-1
82474,-1
82475,-1
82476,1
82477,1
82478,-1
82479,-1
82480,2
82481,1
82482,-1
82483,-1
82484,3
82485,1
82486,3
82487,1
82488,3
82489,2
82490,3
82491,1
82492,-1
82493,-1
82494,1
82495,0
82496,-1
82497,-1
82498,1
82499,1
82500,-1
82501,-1
82502,-1
82503,-1
82504,1
82505,2
82506,-1
82507,-1
82508,1
82509,2
82510,1
82511,2
82512,2
82513,0
82514,-1
82515,-1
82516,3
82517,2
82518,2
82519,0
82520,2
82521,1
82522,-1
82523,-1
82524,-1
82525,-1
82526,-1
82527,-1
82528,-1
82529,-1
82530,-1
82531,-1
82532,-1
82533,-1
82534,-1
82535,-1
82536,1
82537,0
82538,-1
82539,-1
82540,3
82541,1
82542,2
82543,2
82544,1
82545,0
82546,-1
82547,-1
82548,-1
82549,-1
82550,-1
82551,-1
82552,-1
82553,-1
82554,1
82555,0
82556,-1
82557,-1
82558,-1
82559,-1
82560,2
82561,0
82562,-1
82563,-1
82564,-1
82565,-1
82566,-1
82567,-1
82568,2
82569,0
82570,-1
82571,-1
82572,-1
82573,-1
82574,1
82575,1
82576,1
82577,0
82578,3
82579,1
82580,-1
82581,-1
82582,-1
82583,-1
82584,-1
82585,-1
82586,-1
82587,-1
82588,3
82589,1
82590,-1
82591,-1
82592,3
82593,0
82594,1
82595,2
82596,-1
82597,-1
82598,-1
82599,-1
82600,-1
82601,-1
82602,2
82603,0
82604,-1
82605,-1
82606,-1
82607,-1
82608,2
82609,2
82610,-1
82611,-1
82612,-1
82613,-1
82614,-1
82615,-1
82616,-1
82617,-1
82618,-1
82619,-1
82620,-1
82621,-1
82622,-1
82623,-1
82624,1
82625,0
82626,1
82627,0
82628,-1
82629,-1
82630,-1
82631,-1
82632,-1
82633,-1
82634,-1
82635,-1
82636,2
82637,1
82638,3
82639,1
82640,-1
82641,-1
82642,-1
82643,-1
82644,-1
82645,-1
82646,-1
82647,-1
82648,-1
82649,-1
82650,-1
82651,-1
82652,-1
82653,-1
82654,-1
82655,-1
82656,-1
82657,-1
82658,-1
82659,-1
82660,1
82661,2
82662,-1
82663,-1
82664,-1
82665,-1
82666,-1
82667,-1
82668,-1
82669,-1
82670,-1
82671,-1
82672,1
82673,1
82674,2
82675,2
82676,-1
82677,-1
82678,-1
82679,-1
82680,-1
82681,-1
82682,1
82683,1
82684,-1
82685,-1
82686,-1
82687,-1
82688,3
82689,1
82690,-1
82691,-1
82692,-1
82693,-1
82694,-1
82695,-1
82696,-1
82697,-1
82698,-1
82699,-1
82700,-1
82701,-1
82702,1
82703,1
82704,-1
82705,-1
82706,-1
82707,-1
82708,2
82709,0
82710,2
82711,1
82712,-1
82713,-1
82714,1
82715,0
82716,-1
82717,-1
82718,1
82719,0
82720,2
82721,1
82722,-1
82723,-1
82724,-1
82725,-1
82726,-1
82727,-1
82728,1
82729,1
82730,3
82731,0
82732,3
82733,2
82734,-1
82735,-1
82736,2
82737,1
82738,-1
82739,-1
82740,-1
82741,-1
82742,2
82743,1
82744,1
82745,0
82746,-1
82747,-1
82748,1
82749,1
82750,-1
82751,-1
82752,-1
82753,-1
82754,2
82755,2
82756,1
82757,0
82758,-1
82759,-1
82760,-1
82761,-1
82762,-1
82763,-1
82764,1
82765,0
82766,-1
82767,-1
82768,-1
82769,-1
82770,-1
82771,-1
82772,-1
82773,-1
82774,-1
82775,-1
82776,-1
82777,-1
82778,-1
82779,-1
82780,-1
82781,-1
82782,-1
82783,-1
82784,-1
82785,-1
82786,2
82787,1
82788,-1
82789,-1
82790,2
82791,1
82792,-1
82793,-1
82794,-1
82795,-1
82796,-1
82797,-1
82798,-1
82799,-1
82800,-1
82801,-1
82802,1
82803,0
82804,1
82805,0
82806,-1
82807,-1
82808,-1
82809,-1
82810,-1
82811,-1
82812,-1
82813,-1
82814,-1
82815,-1
82816,-1
82817,-1
82818,-1
82819,-1
82820,-1
82821,-1
82822,-1
82823,-1
82824,-1
82825,-1
82826,-1
82827,-1
82828,2
82829,1
82830,1
82831,2
82832,-1
82833,-1
82834,-1
82835,-1
82836,-1
82837,-1
82838,-1
82839,-1
82840,1
82841,2
82842,-1
82843,-1
82844,-1
82845,-1
82846,2
82847,2
82848,3
82849,2
82850,-1
82851,-1
82852,3
82853,2
82854,2
82855,1
82856,2
82857,0
82858,-1
82859,-1
82860,-1
82861,-1
82862,-1
82863,-1
82864,-1
82865,-1
82866,-1
82867,-1
82868,-1
82869,-1
82870,1
82871,0
82872,-1
82873,-1
82874,-1
82875,-1
82876,-1
82877,-1
82878,2
82879,1
82880,-1
82881,-1
82882,3
82883,1
82884,1
82885,1
82886,2
82887,2
82888,-1
82889,-1
82890,2
82891,0
82892,-1
82893,-1
82894,1
82895,0
82896,3
82897,2
82898,-1
82899,-1
82900,-1
82901,-1
82902,-1
82903,-1
82904,-1
82905,-1
82906,-1
82907,-1
82908,-1
82909,-1
82910,3
82911,2
82912,-1
82913,-1
82914,-1
82915,-1
82916,-1
82917,-1
82918,-1
82919,-1
82920,-1
82921,-1
82922,-1
82923,-1
82924,-1
82925,-1
82926,-1
82927,-1
82928,2
82929,0
82930,2
82931,0
82932,3
82933,2
82934,-1
82935,-1
82936,-1
82937,-1
82938,-1
82939,-1
82940,-1
82941,-1
82942,-1
82943,-1
82944,2
82945,2
82946,-1
82947,-1
82948,-1
82949,-1
82950,3
82951,2
82952,-1
82953,-1
82954,-1
82955,-1
82956,-1
82957,-1
82958,-1
82959,-1
82960,-1
82961,-1
82962,-1
82963,-1
82964,-1
82965,-1
82966,-1
82967,-1
82968,-1
82969,-1
82970,-1
82971,-1
82972,-1
82973,-1
82974,-1
82975,-1
82976,-1
82977,-1
82978,-1
82979,-1
82980,-1
82981,-1
82982,1
82983,2
82984,-1
82985,-1
82986,-1
82987,-1
82988,-1
82989,-1
82990,-1
82991,-1
82992,-1
82993,-1
82994,1
82995,1
82996,-1
82997,-1
82998,-1
82999,-1
83000,-1
83001,-1
83002,-1
83003,-1
83004,-1
83005,-1
83006,-1
83007,-1
83008,-1
83009,-1
83010,2
83011,0
83012,-1
83013,-1
83014,-1
83015,-1
83016,3
83017,0
83018,3
83019,1
83020,-1
83021,-1
83022,-1
83023,-1
83024,-1
83025,-1
83026,3
83027,0
83028,-1
83029,-1
83030,-1
83031,-1
83032,-1
83033,-1
83034,-1
83035,-1
83036,1
83037,1
83038,2
83039,1
83040,-1
83041,-1
83042,-1
83043,-1
83044,-1
83045,-1
83046,-1
83047,-1
83048,-1
83049,-1
83050,-1
83051,-1
83052,2
83053,2
83054,-1
83055,-1
83056,-1
83057,-1
83058,1
83059,1
83060,-1
83061,-1
83062,3
83063,1
83064,-1
83065,-1
83066,-1
83067,-1
83068,-1
83069,-1
83070,-1
83071,-1
83072,1
83073,0
83074,2
83075,1
83076,2
83077,2
83078,-1
83079,-1
83080,-1
83081,-1
83082,-1
83083,-1
83084,-1
83085,-1
83086,-1
83087,-1
83088,-1
83089,-1
83090,-1
83091,-1
83092,-1
83093,-1
83094,-1
83095,-1
83096,-1
83097,-1
83098,-1
83099,-1
83100,-1
83101,-1
83102,-1
83103,-1
83104,1
83105,1
83106,-1
83107,-1
83108,3
83109,1
83110,-1
83111,-1
83112,-1
83113,-1
83114,1
83115,1
83116,-1
83117,-1
83118,-1
83119,-1
83120,2
83121,1
83122,-1
83123,-1
83124,-1
83125,-1
83126,-1
83127,-1
83128,-1
83129,-1
83130,-1
83131,-1
83132,-1
83133,-1
83134,-1
83135,-1
83136,-1
83137,-1
83138,-1
83139,-1
83140,-1
83141,-1
83142,-1
83143,-1
83144,3
83145,0
83146,-1
83147,-1
83148,-1
83149,-1
83150,-1
83151,-1
83152,-1
83153,-1
83154,3
83155,2
83156,1
83157,2
83158,-1
83159,-1
83160,3
83161,2
83162,-1
83163,-1
83164,-1
83165,-1
83166,-1
83167,-1
83168,-1
83169,-1
83170,-1
83171,-1
83172,-1
83173,-1
83174,-1
83175,-1
83176,2
83177,1
83178,-1
83179,-1
83180,-1
83181,-1
83182,-1
83183,-1
83184,-1
83185,-1
83186,-1
83187,-1
83188,-1
83189,-1
83190,-1
83191,-1
83192,-1
83193,-1
83194,-1
83195,-1
83196,-1
83197,-1
83198,2
83199,2
83200,2
83201,1
83202,-1
83203,-1
83204,-1
83205,-1
83206,3
83207,0
83208,-1
83209,-1
83210,2
83211,2
83212,-1
83213,-1
83214,-1
83215,-1
83216,2
83217,0
83218,3
83219,1
83220,-1
83221,-1
83222,-1
83223,-1
83224,2
83225,2
83226,1
83227,2
83228,-1
83229,-1
83230,2
83231,1
83232,-1
83233,-1
83234,-1
83235,-1
83236,-1
83237,-1
83238,2
83239,0
83240,-1
83241,-1
83242,2
83243,1
83244,3
83245,0
83246,-1
83247,-1
83248,1
83249,0
83250,-1
83251,-1
83252,2
83253,2
83254,-1
83255,-1
83256,-1
83257,-1
83258,-1
83259,-1
83260,-1
83261,-1
83262,-1
83263,-1
83264,3
83265,2
83266,-1
83267,-1
83268,-1
83269,-1
83270,-1
83271,-1
83272,-1
83273,-1
83274,-1
83275,-1
83276,-1
83277,-1
83278,-1
83279,-1
83280,-1
83281,-1
83282,1
83283,1
83284,-1
83285,-1
83286,-1
83287,-1
83288,-1
83289,-1
83290,1
83291,0
83292,-1
83293,-1
83294,-1
83295,-1
83296,-1
83297,-1
83298,3
83299,2
83300,-1
83301,-1
83302,-1
83303,-1
83304,-1
83305,-1
83306,-1
83307,-1
83308,-1
83309,-1
83310,2
83311,0
83312,-1
83313,-1
83314,-1
83315,-1
83316,3
83317,0
83318,-1
83319,-1
83320,-1
83321,-1
83322,-1
83323,-1
83324,-1
83325,-1
83326,-1
83327,-1
83328,-1
83329,-1
83330,-1
83331,-1
83332,-1
83333,-1
83334,-1
83335,-1
83336,-1
83337,-1
83338,-1
83339,-1
83340,-1
83341,-1
83342,3
83343,1
83344,-1
83345,-1
83346,-1
83347,-1
83348,-1
83349,-1
83350,-1
83351,-1
83352,-1
83353,-1
83354,-1
83355,-1
83356,-1
83357,-1
83358,1
83359,0
83360,-1
83361,-1
83362,-1
83363,-1
83364,-1
83365,-1
83366,-1
83367,-1
83368,-1
83369,-1
83370,-1
83371,-1
83372,-1
83373,-1
83374,-1
83375,-1
83376,1
83377,1
83378,-1
83379,-1
83380,2
83381,0
83382,3
83383,2
83384,-1
83385,-1
83386,-1
83387,-1
83388,-1
83389,-1
83390,1
83391,0
83392,-1
83393,-1
83394,-1
83395,-1
83396,-1
83397,-1
83398,-1
83399,-1
83400,2
83401,0
83402,-1
83403,-1
83404,-1
83405,-1
83406,-1
83407,-1
83408,-1
83409,-1
83410,-1
83411,-1
83412,-1
83413,-1
83414,-1
83415,-1
83416,-1
83417,-1
83418,-1
83419,-1
83420,-1
83421,-1
83422,-1
83423,-1
83424,-1
83425,-1
83426,-1
83427,-1
83428,-1
83429,-1
83430,2
83431,2
83432,1
83433,0
83434,-1
83435,-1
83436,-1
83437,-1
83438,-1
83439,-1
83440,3
83441,2
83442,-1
83443,-1
83444,-1
83445,-1
83446,3
83447,1
83448,-1
83449,-1
83450,-1
83451,-1
83452,3
83453,0
83454,-1
83455,-1
83456,-1
83457,-1
83458,2
83459,0
83460,-1
83461,-1
83462,-1
83463,-1
83464,-1
83465,-1
83466,-1
83467,-1
83468,-1
83469,-1
83470,-1
83471,-1
83472,-1
83473,-1
83474,-1
83475,-1
83476,-1
83477,-1
83478,-1
83479,-1
83480,-1
83481,-1
83482,-1
83483,-1
83484,2
83485,2
83486,-1
83487,-1
83488,-1
83489,-1
83490,-1
83491,-1
83492,-1
83493,-1
83494,-1
83495,-1
83496,-1
83497,-1
83498,-1
83499,-1
83500,-1
83501,-1
83502,-1
83503,-1
83504,2
83505,1
83506,-1
83507,-1
83508,-1
83509,-1
83510,-1
83511,-1
83512,-1
83513,-1
83514,-1
83515,-1
83516,-1
83517,-1
83518,-1
83519,-1
83520,-1
83521,-1
83522,-1
83523,-1
83524,1
83525,0
83526,-1
83527,-1
83528,-1
83529,-1
83530,-1
83531,-1
83532,-1
83533,-1
83534,-1
83535,-1
83536,-1
83537,-1
83538,-1
83539,-1
83540,-1
83541,-1
83542,2
83543,0
83544,-1
83545,-1
83546,-1
83547,-1
83548,-1
83549,-1
83550,1
83551,1
83552,-1
83553,-1
83554,-1
83555,-1
83556,-1
83557,-1
83558,-1
83559,-1
83560,-1
83561,-1
83562,-1
83563,-1
83564,-1
83565,-1
83566,-1
83567,-1
83568,-1
83569,-1
83570,-1
83571,-1
83572,-1
83573,-1
83574,-1
83575,-1
83576,1
83577,2
83578,-1
83579,-1
83580,3
83581,2
83582,-1
83583,-1
83584,-1
83585,-1
83586,-1
83587,-1
83588,-1
83589,-1
83590,-1
83591,-1
83592,-1
83593,-1
83594,-1
83595,-1
83596,-1
83597,-1
83598,3
83599,1
83600,-1
83601,-1
83602,-1
83603,-1
83604,-1
83605,-1
83606,-1
83607,-1
83608,2
83609,0
83610,-1
83611,-1
83612,-1
83613,-1
83614,-1
83615,-1
83616,3
83617,1
83618,-1
83619,-1
83620,3
83621,2
83622,-1
83623,-1
83624,-1
83625,-1
83626,-1
83627,-1
83628,-1
83629,-1
83630,1
83631,0
83632,-1
83633,-1
83634,-1
83635,-1
83636,-1
83637,-1
83638,-1
83639,-1
83640,-1
83641,-1
83642,-1
83643,-1
83644,3
83645,1
83646,-1
83647,-1
83648,-1
83649,-1
83650,-1
83651,-1
83652,-1
83653,-1
83654,2
83655,2
83656,-1
83657,-1
83658,2
83659,0
83660,-1
83661,-1
83662,-1
83663,-1
83664,-1
83665,-1
83666,-1
83667,-1
83668,3
83669,1
83670,-1
83671,-1
83672,-1
83673,-1
83674,-1
83675,-1
83676,-1
83677,-1
83678,-1
83679,-1
83680,2
83681,0
83682,-1
83683,-1
83684,2
83685,2
83686,1
83687,2
83688,-1
83689,-1
83690,-1
83691,-1
83692,-1
83693,-1
83694,-1
83695,-1
83696,3
83697,0
83698,-1
83699,-1
83700,-1
83701,-1
83702,-1
83703,-1
83704,-1
83705,-1
83706,-1
83707,-1
83708,-1
83709,-1
83710,-1
83711,-1
83712,-1
83713,-1
83714,-1
83715,-1
83716,-1
83717,-1
83718,-1
83719,-1
83720,-1
83721,-1
83722,-1
83723,-1
83724,-1
83725,-1
83726,-1
83727,-1
83728,-1
83729,-1
83730,-1
83731,-1
83732,-1
83733,-1
83734,-1
83735,-1
83736,-1
83737,-1
83738,-1
83739,-1
83740,-1
83741,-1
83742,-1
83743,-1
83744,1
83745,1
83746,3
83747,1
83748,-1
83749,-1
83750,3
83751,0
83752,3
83753,2
83754,-1
83755,-1
83756,-1
83757,-1
83758,-1
83759,-1
83760,-1
83761,-1
83762,-1
83763,-1
83764,-1
83765,-1
83766,2
83767,0
83768,-1
83769,-1
83770,3
83771,1
83772,-1
83773,-1
83774,-1
83775,-1
83776,-1
83777,-1
83778,-1
83779,-1
83780,2
83781,1
83782,-1
83783,-1
83784,-1
83785,-1
83786,2
83787,0
83788,-1
83789,-1
83790,3
83791,1
83792,-1
83793,-1
83794,-1
83795,-1
83796,2
83797,0
83798,-1
83799,-1
83800,2
83801,1
83802,-1
83803,-1
83804,-1
83805,-1
83806,-1
83807,-1
83808,2
83809,1
83810,2
83811,2
83812,-1
83813,-1
83814,-1
83815,-1
83816,-1
83817,-1
83818,-1
83819,-1
83820,-1
83821,-1
83822,-1
83823,-1
83824,-1
83825,-1
83826,-1
83827,-1
83828,-1
83829,-1
83830,-1
83831,-1
83832,-1
83833,-1
83834,-1
83835,-1
83836,-1
83837,-1
83838,-1
83839,-1
83840,-1
83841,-1
83842,-1
83843,-1
83844,-1
83845,-1
83846,-1
83847,-1
83848,-1
83849,-1
83850,-1
83851,-1
83852,-1
83853,-1
83854,-1
83855,-1
83856,-1
83857,-1
83858,-1
83859,-1
83860,1
83861,1
83862,-1
83863,-1
83864,-1
83865,-1
83866,-1
83867,-1
83868,-1
83869,-1
83870,-1
83871,-1
83872,3
83873,1
83874,3
83875,2
83876,-1
83877,-1
83878,-1
83879,-1
83880,-1
83881,-1
83882,-1
83883,-1
83884,-1
83885,-1
83886,2
83887,2
83888,-1
83889,-1
83890,2
83891,1
83892,1
83893,1
83894,-1
83895,-1
83896,-1
83897,-1
83898,-1
83899,-1
83900,-1
83901,-1
83902,-1
83903,-1
83904,3
83905,1
83906,2
83907,2
83908,-1
83909,-1
83910,-1
83911,-1
83912,1
83913,1
83914,-1
83915,-1
83916,-1
83917,-1
83918,-1
83919,-1
83920,-1
83921,-1
83922,-1
83923,-1
83924,3
83925,0
83926,-1
83927,-1
83928,-1
83929,-1
83930,-1
83931,-1
83932,-1
83933,-1
83934,-1
83935,-1
83936,2
83937,0
83938,-1
83939,-1
83940,-1
83941,-1
83942,3
83943,2
83944,-1
83945,-1
83946,1
83947,1
83948,-1
83949,-1
83950,1
83951,0
83952,1
83953,2
83954,3
83955,2
83956,-1
83957,-1
83958,-1
83959,-1
83960,-1
83961,-1
83962,-1
83963,-1
83964,-1
83965,-1
83966,-1
83967,-1
83968,-1
83969,-1
83970,-1
83971,-1
83972,-1
83973,-1
83974,-1
83975,-1
83976,-1
83977,-1
83978,-1
83979,-1
83980,-1
83981,-1
83982,2
83983,0
83984,-1
83985,-1
83986,-1
83987,-1
83988,-1
83989,-1
83990,-1
83991,-1
83992,-1
83993,-1
83994,1
83995,1
83996,-1
83997,-1
83998,-1
83999,-1
84000,-1
84001,-1
84002,-1
84003,-1
84004,-1
84005,-1
84006,2
84007,2
84008,-1
84009,-1
84010,-1
84011,-1
84012,-1
84013,-1
84014,1
84015,0
84016,-1
84017,-1
84018,-1
84019,-1
84020,-1
84021,-1
84022,-1
84023,-1
84024,-1
84025,-1
84026,-1
84027,-1
84028,1
84029,1
84030,-1
84031,-1
84032,-1
84033,-1
84034,-1
84035,-1
84036,-1
84037,-1
84038,-1
84039,-1
84040,-1
84041,-1
84042,3
84043,0
84044,3
84045,1
84046,-1
84047,-1
84048,-1
84049,-1
84050,3
84051,1
84052,-1
84053,-1
84054,-1
84055,-1
84056,-1
84057,-1
84058,2
84059,2
84060,-1
84061,-1
84062,-1
84063,-1
84064,2
84065,0
84066,-1
84067,-1
84068,-1
84069,-1
84070,-1
84071,-1
84072,-1
84073,-1
84074,-1
84075,-1
84076,-1
84077,-1
84078,-1
84079,-1
84080,-1
84081,-1
84082,-1
84083,-1
84084,3
84085,0
84086,2
84087,0
84088,-1
84089,-1
84090,-1
84091,-1
84092,-1
84093,-1
84094,-1
84095,-1
84096,2
84097,2
84098,-1
84099,-1
84100,-1
84101,-1
84102,1
84103,0
84104,-1
84105,-1
84106,-1
84107,-1
84108,-1
84109,-1
84110,-1
84111,-1
84112,-1
84113,-1
84114,-1
84115,-1
84116,-1
84117,-1
84118,-1
84119,-1
84120,-1
84121,-1
84122,-1
84123,-1
84124,3
84125,0
84126,-1
84127,-1
84128,1
84129,2
84130,-1
84131,-1
84132,-1
84133,-1
84134,-1
84135,-1
84136,-1
84137,-1
84138,-1
84139,-1
84140,-1
84141,-1
84142,-1
84143,-1
84144,-1
84145,-1
84146,-1
84147,-1
84148,1
84149,2
84150,-1
84151,-1
84152,-1
84153,-1
84154,-1
84155,-1
84156,-1
84157,-1
84158,-1
84159,-1
84160,-1
84161,-1
84162,-1
84163,-1
84164,-1
84165,-1
84166,-1
84167,-1
84168,-1
84169,-1
84170,-1
84171,-1
84172,-1
84173,-1
84174,-1
84175,-1
84176,-1
84177,-1
84178,-1
84179,-1
84180,-1
84181,-1
84182,1
84183,0
84184,-1
84185,-1
84186,-1
84187,-1
84188,-1
84189,-1
84190,-1
84191,-1
84192,-1
84193,-1
84194,-1
84195,-1
84196,-1
84197,-1
84198,-1
84199,-1
84200,-1
84201,-1
84202,-1
84203,-1
84204,-1
84205,-1
84206,-1
84207,-1
84208,-1
84209,-1
84210,-1
84211,-1
84212,-1
84213,-1
84214,3
84215,1
84216,-1
84217,-1
84218,3
84219,2
84220,-1
84221,-1
84222,-1
84223,-1
84224,-1
84225,-1
84226,-1
84227,-1
84228,2
84229,1
84230,-1
84231,-1
84232,-1
84233,-1
84234,-1
84235,-1
84236,-1
84237,-1
84238,3
84239,2
84240,-1
84241,-1
84242,2
84243,2
84244,-1
84245,-1
84246,-1
84247,-1
84248,-1
84249,-1
84250,-1
84251,-1
84252,-1
84253,-1
84254,-1
84255,-1
84256,-1
84257,-1
84258,-1
84259,-1
84260,-1
84261,-1
84262,-1
84263,-1
84264,-1
84265,-1
84266,-1
84267,-1
84268,-1
84269,-1
84270,-1
84271,-1
84272,-1
84273,-1
84274,-1
84275,-1
84276,-1
84277,-1
84278,-1
84279,-1
84280,3
84281,2
84282,-1
84283,-1
84284,-1
84285,-1
84286,-1
84287,-1
84288,-1
84289,-1
84290,3
84291,0
84292,-1
84293,-1
84294,3
84295,1
84296,-1
84297,-1
84298,-1
84299,-1
84300,-1
84301,-1
84302,-1
84303,-1
84304,-1
84305,-1
84306,-1
84307,-1
84308,2
84309,0
84310,-1
84311,-1
84312,-1
84313,-1
84314,3
84315,2
84316,1
84317,1
84318,-1
84319,-1
84320,-1
84321,-1
84322,-1
84323,-1
84324,-1
84325,-1
84326,-1
84327,-1
84328,-1
84329,-1
84330,-1
84331,-1
84332,-1
84333,-1
84334,-1
84335,-1
84336,-1
84337,-1
84338,-1
84339,-1
84340,-1
84341,-1
84342,-1
84343,-1
84344,-1
84345,-1
84346,-1
84347,-1
84348,-1
84349,-1
84350,-1
84351,-1
84352,-1
84353,-1
84354,-1
84355,-1
84356,-1
84357,-1
84358,-1
84359,-1
84360,-1
84361,-1
84362,-1
84363,-1
84364,1
84365,1
84366,1
84367,2
84368,-1
84369,-1
84370,-1
84371,-1
84372,-1
84373,-1
84374,-1
84375,-1
84376,-1
84377,-1
84378,-1
84379,-1
84380,1
84381,1
84382,-1
84383,-1
84384,-1
84385,-1
84386,-1
84387,-1
84388,-1
84389,-1
84390,3
84391,1
84392,-1
84393,-1
84394,-1
84395,-1
84396,-1
84397,-1
84398,-1
84399,-1
84400,-1
84401,-1
84402,-1
84403,-1
84404,1
84405,0
84406,-1
84407,-1
84408,-1
84409,-1
84410,-1
84411,-1
84412,-1
84413,-1
84414,1
84415,0
84416,-1
84417,-1
84418,3
84419,0
84420,-1
84421,-1
84422,-1
84423,-1
84424,-1
84425,-1
84426,3
84427,1
84428,-1
84429,-1
84430,-1
84431,-1
84432,-1
84433,-1
84434,-1
84435,-1
84436,-1
84437,-1
84438,-1
84439,-1
84440,-1
84441,-1
84442,-1
84443,-1
84444,2
84445,2
84446,-1
84447,-1
84448,-1
84449,-1
84450,-1
84451,-1
84452,-1
84453,-1
84454,3
84455,0
84456,-1
84457,-1
84458,1
84459,2
84460,1
84461,0
84462,-1
84463,-1
84464,-1
84465,-1
84466,-1
84467,-1
84468,-1
84469,-1
84470,-1
84471,-1
84472,1
84473,0
84474,3
84475,1
84476,-1
84477,-1
84478,1
84479,1
84480,-1
84481,-1
84482,-1
84483,-1
84484,-1
84485,-1
84486,-1
84487,-1
84488,-1
84489,-1
84490,-1
84491,-1
84492,-1
84493,-1
84494,-1
84495,-1
84496,-1
84497,-1
84498,1
84499,0
84500,-1
84501,-1
84502,-1
84503,-1
84504,-1
84505,-1
84506,2
84507,2
84508,-1
84509,-1
84510,-1
84511,-1
84512,-1
84513,-1
84514,-1
84515,-1
84516,-1
84517,-1
84518,-1
84519,-1
84520,-1
84521,-1
84522,-1
84523,-1
84524,-1
84525,-1
84526,-1
84527,-1
84528,-1
84529,-1
84530,-1
84531,-1
84532,2
84533,2
84534,-1
84535,-1
84536,1
84537,0
84538,3
84539,0
84540,-1
84541,-1
84542,1
84543,0
84544,-1
84545,-1
84546,-1
84547,-1
84548,-1
84549,-1
84550,-1
84551,-1
84552,1
84553,2
84554,1
84555,1
84556,-1
84557,-1
84558,2
84559,0
84560,-1
84561,-1
84562,-1
84563,-1
84564,-1
84565,-1
84566,-1
84567,-1
84568,3
84569,1
84570,-1
84571,-1
84572,-1
84573,-1
84574,2
84575,0
84576,1
84577,0
84578,-1
84579,-1
84580,-1
84581,-1
84582,-1
84583,-1
84584,-1
84585,-1
84586,-1
84587,-1
84588,-1
84589,-1
84590,3
84591,2
84592,-1
84593,-1
84594,1
84595,0
84596,-1
84597,-1
84598,-1
84599,-1
84600,-1
84601,-1
84602,2
84603,2
84604,-1
84605,-1
84606,-1
84607,-1
84608,-1
84609,-1
84610,-1
84611,-1
84612,2
84613,0
84614,-1
84615,-1
84616,-1
84617,-1
84618,-1
84619,-1
84620,-1
84621,-1
84622,-1
84623,-1
84624,-1
84625,-1
84626,-1
84627,-1
84628,-1
84629,-1
84630,-1
84631,-1
84632,-1
84633,-1
84634,-1
84635,-1
84636,-1
84637,-1
84638,-1
84639,-1
84640,-1
84641,-1
84642,-1
84643,-1
84644,-1
84645,-1
84646,-1
84647,-1
84648,-1
84649,-1
84650,2
84651,1
84652,1
84653,0
84654,-1
84655,-1
84656,1
84657,1
84658,-1
84659,-1
84660,-1
84661,-1
84662,-1
84663,-1
84664,1
84665,1
84666,-1
84667,-1
84668,3
84669,1
84670,-1
84671,-1
84672,-1
84673,-1
84674,-1
84675,-1
84676,-1
84677,-1
84678,-1
84679,-1
84680,2
84681,0
84682,-1
84683,-1
84684,3
84685,1
84686,-1
84687,-1
84688,1
84689,0
84690,-1
84691,-1
84692,-1
84693,-1
84694,3
84695,1
84696,-1
84697,-1
84698,3
84699,2
84700,-1
84701,-1
84702,-1
84703,-1
84704,-1
84705,-1
84706,-1
84707,-1
84708,-1
84709,-1
84710,3
84711,0
84712,-1
84713,-1
84714,-1
84715,-1
84716,-1
84717,-1
84718,-1
84719,-1
84720,-1
84721,-1
84722,-1
84723,-1
84724,-1
84725,-1
84726,2
84727,2
84728,-1
84729,-1
84730,-1
84731,-1
84732,-1
84733,-1
84734,-1
84735,-1
84736,-1
84737,-1
84738,-1
84739,-1
84740,-1
84741,-1
84742,-1
84743,-1
84744,-1
84745,-1
84746,-1
84747,-1
84748,-1
84749,-1
84750,2
84751,0
84752,-1
84753,-1
84754,1
84755,2
84756,-1
84757,-1
84758,-1
84759,-1
84760,-1
84761,-1
84762,-1
84763,-1
84764,-1
84765,-1
84766,-1
84767,-1
84768,-1
84769,-1
84770,-1
84771,-1
84772,-1
84773,-1
84774,3
84775,2
84776,-1
84777,-1
84778,-1
84779,-1
84780,2
84781,1
84782,-1
84783,-1
84784,1
84785,1
84786,-1
84787,-1
84788,1
84789,0
84790,-1
84791,-1
84792,-1
84793,-1
84794,-1
84795,-1
84796,-1
84797,-1
84798,-1
84799,-1
84800,-1
84801,-1
84802,-1
84803,-1
84804,-1
84805,-1
84806,-1
84807,-1
84808,-1
84809,-1
84810,-1
84811,-1
84812,-1
84813,-1
84814,3
84815,2
84816,-1
84817,-1
84818,-1
84819,-1
84820,-1
84821,-1
84822,2
84823,0
84824,-1
84825,-1
84826,-1
84827,-1
84828,-1
84829,-1
84830,-1
84831,-1
84832,-1
84833,-1
84834,-1
84835,-1
84836,-1
84837,-1
84838,-1
84839,-1
84840,-1
84841,-1
84842,-1
84843,-1
84844,-1
84845,-1
84846,2
84847,0
84848,-1
84849,-1
84850,-1
84851,-1
84852,-1
84853,-1
84854,-1
84855,-1
84856,-1
84857,-1
84858,-1
84859,-1
84860,-1
84861,-1
84862,1
84863,0
84864,1
84865,1
84866,1
84867,2
84868,1
84869,2
84870,-1
84871,-1
84872,1
84873,2
84874,-1
84875,-1
84876,-1
84877,-1
84878,-1
84879,-1
84880,-1
84881,-1
84882,-1
84883,-1
84884,-1
84885,-1
84886,2
84887,1
84888,-1
84889,-1
84890,-1
84891,-1
84892,1
84893,2
84894,-1
84895,-1
84896,-1
84897,-1
84898,-1
84899,-1
84900,-1
84901,-1
84902,-1
84903,-1
84904,-1
84905,-1
84906,1
84907,2
84908,-1
84909,-1
84910,2
84911,2
84912,-1
84913,-1
84914,-1
84915,-1
84916,-1
84917,-1
84918,-1
84919,-1
84920,-1
84921,-1
84922,-1
84923,-1
84924,3
84925,1
84926,3
84927,1
84928,-1
84929,-1
84930,-1
84931,-1
84932,-1
84933,-1
84934,2
84935,2
84936,-1
84937,-1
84938,2
84939,1
84940,-1
84941,-1
84942,-1
84943,-1
84944,-1
84945,-1
84946,-1
84947,-1
84948,-1
84949,-1
84950,2
84951,1
84952,-1
84953,-1
84954,-1
84955,-1
84956,-1
84957,-1
84958,-1
84959,-1
84960,-1
84961,-1
84962,2
84963,2
84964,-1
84965,-1
84966,-1
84967,-1
84968,-1
84969,-1
84970,-1
84971,-1
84972,-1
84973,-1
84974,-1
84975,-1
84976,1
84977,0
84978,-1
84979,-1
84980,-1
84981,-1
84982,-1
84983,-1
84984,-1
84985,-1
84986,-1
84987,-1
84988,-1
84989,-1
84990,-1
84991,-1
84992,1
84993,2
84994,-1
84995,-1
84996,-1
84997,-1
84998,-1
84999,-1
85000,-1
85001,-1
85002,1
85003,1
85004,-1
85005,-1
85006,-1
85007,-1
85008,-1
85009,-1
85010,-1
85011,-1
85012,1
85013,0
85014,-1
85015,-1
85016,-1
85017,-1
85018,-1
85019,-1
85020,-1
85021,-1
85022,-1
85023,-1
85024,-1
85025,-1
85026,1
85027,0
85028,2
85029,1
85030,-1
85031,-1
85032,-1
85033,-1
85034,-1
85035,-1
85036,-1
85037,-1
85038,-1
85039,-1
85040,-1
85041,-1
85042,-1
85043,-1
85044,2
85045,1
85046,2
85047,2
85048,-1
85049,-1
85050,2
85051,2
85052,-1
85053,-1
85054,1
85055,0
85056,3
85057,1
85058,-1
85059,-1
85060,1
85061,0
85062,-1
85063,-1
85064,-1
85065,-1
85066,-1
85067,-1
85068,-1
85069,-1
85070,-1
85071,-1
85072,3
85073,2
85074,-1
85075,-1
85076,-1
85077,-1
85078,-1
85079,-1
85080,-1
85081,-1
85082,-1
85083,-1
85084,1
85085,0
85086,-1
85087,-1
85088,-1
85089,-1
85090,-1
85091,-1
85092,1
85093,1
85094,3
85095,0
85096,-1
85097,-1
85098,2
85099,1
85100,-1
85101,-1
85102,3
85103,1
85104,-1
85105,-1
85106,3
85107,2
85108,-1
85109,-1
85110,-1
85111,-1
85112,-1
85113,-1
85114,-1
85115,-1
85116,2
85117,0
85118,-1
85119,-1
85120,-1
85121,-1
85122,2
85123,0
85124,-1
85125,-1
85126,-1
85127,-1
85128,-1
85129,-1
85130,-1
85131,-1
85132,-1
85133,-1
85134,-1
85135,-1
85136,-1
85137,-1
85138,-1
85139,-1
85140,-1
85141,-1
85142,2
85143,1
85144,-1
85145,-1
85146,-1
85147,-1
85148,-1
85149,-1
85150,-1
85151,-1
85152,-1
85153,-1
85154,3
85155,0
85156,1
85157,2
85158,1
85159,0
85160,-1
85161,-1
85162,-1
85163,-1
85164,-1
85165,-1
85166,-1
85167,-1
85168,1
85169,1
85170,-1
85171,-1
85172,-1
85173,-1
85174,1
85175,0
85176,1
85177,0
85178,1
85179,2
85180,-1
85181,-1
85182,3
85183,0
85184,-1
85185,-1
85186,-1
85187,-1
85188,1
85189,2
85190,-1
85191,-1
85192,-1
85193,-1
85194,-1
85195,-1
85196,-1
85197,-1
85198,2
85199,1
85200,-1
85201,-1
85202,-1
85203,-1
85204,-1
85205,-1
85206,-1
85207,-1
85208,-1
85209,-1
85210,-1
85211,-1
85212,2
85213,1
85214,-1
85215,-1
85216,-1
85217,-1
85218,-1
85219,-1
85220,2
85221,0
85222,-1
85223,-1
85224,-1
85225,-1
85226,-1
85227,-1
85228,2
85229,1
85230,-1
85231,-1
85232,-1
85233,-1
85234,2
85235,1
85236,-1
85237,-1
85238,-1
85239,-1
85240,-1
85241,-1
85242,-1
85243,-1
85244,-1
85245,-1
85246,1
85247,0
85248,-1
85249,-1
85250,-1
85251,-1
85252,-1
85253,-1
85254,1
85255,0
85256,-1
85257,-1
85258,-1
85259,-1
85260,1
85261,0
85262,-1
85263,-1
85264,3
85265,0
85266,2
85267,2
85268,-1
85269,-1
85270,-1
85271,-1
85272,-1
85273,-1
85274,3
85275,1
85276,3
85277,0
85278,1
85279,0
85280,-1
85281,-1
85282,-1
85283,-1
85284,-1
85285,-1
85286,-1
85287,-1
85288,-1
85289,-1
85290,-1
85291,-1
85292,-1
85293,-1
85294,-1
85295,-1
85296,3
85297,0
85298,3
85299,2
85300,-1
85301,-1
85302,-1
85303,-1
85304,-1
85305,-1
85306,-1
85307,-1
85308,-1
85309,-1
85310,2
85311,1
85312,-1
85313,-1
85314,-1
85315,-1
85316,-1
85317,-1
85318,-1
85319,-1
85320,1
85321,2
85322,3
85323,1
85324,-1
85325,-1
85326,-1
85327,-1
85328,2
85329,2
85330,1
85331,0
85332,1
85333,1
85334,-1
85335,-1
85336,-1
85337,-1
85338,-1
85339,-1
85340,3
85341,0
85342,-1
85343,-1
85344,2
85345,1
85346,2
85347,1
85348,-1
85349,-1
85350,-1
85351,-1
85352,-1
85353,-1
85354,-1
85355,-1
85356,-1
85357,-1
85358,2
85359,2
85360,-1
85361,-1
85362,-1
85363,-1
85364,2
85365,2
85366,-1
85367,-1
85368,-1
85369,-1
85370,-1
85371,-1
85372,-1
85373,-1
85374,3
85375,1
85376,3
85377,2
85378,-1
85379,-1
85380,1
85381,1
85382,3
85383,1
85384,-1
85385,-1
85386,-1
85387,-1
85388,-1
85389,-1
85390,-1
85391,-1
85392,-1
85393,-1
85394,-1
85395,-1
85396,-1
85397,-1
85398,-1
85399,-1
85400,-1
85401,-1
85402,-1
85403,-1
85404,-1
85405,-1
85406,-1
85407,-1
85408,-1
85409,-1
85410,1
85411,1
85412,2
85413,1
85414,-1
85415,-1
85416,-1
85417,-1
85418,3
85419,2
85420,-1
85421,-1
85422,-1
85423,-1
85424,-1
85425,-1
85426,2
85427,0
85428,-1
85429,-1
85430,1
85431,1
85432,2
85433,0
85434,-1
85435,-1
85436,-1
85437,-1
85438,-1
85439,-1
85440,-1
85441,-1
85442,-1
85443,-1
85444,-1
85445,-1
85446,2
85447,0
85448,-1
85449,-1
85450,-1
85451,-1
85452,1
85453,0
85454,-1
85455,-1
85456,-1
85457,-1
85458,-1
85459,-1
85460,-1
85461,-1
85462,-1
85463,-1
85464,-1
85465,-1
85466,1
85467,2
85468,-1
85469,-1
85470,-1
85471,-1
85472,-1
85473,-1
85474,3
85475,0
85476,-1
85477,-1
85478,-1
85479,-1
85480,3
85481,2
85482,-1
85483,-1
85484,-1
85485,-1
85486,-1
85487,-1
85488,-1
85489,-1
85490,-1
85491,-1
85492,-1
85493,-1
85494,2
85495,0
85496,-1
85497,-1
85498,-1
85499,-1
85500,-1
85501,-1
85502,-1
85503,-1
85504,-1
85505,-1
85506,-1
85507,-1
85508,-1
85509,-1
85510,-1
85511,-1
85512,1
85513,0
85514,2
85515,0
85516,-1
85517,-1
85518,1
85519,2
85520,-1
85521,-1
85522,-1
85523,-1
85524,2
85525,1
85526,1
85527,2
85528,-1
85529,-1
85530,-1
85531,-1
85532,2
85533,1
85534,2
85535,1
85536,3
85537,2
85538,-1
85539,-1
85540,-1
85541,-1
85542,1
85543,0
85544,-1
85545,-1
85546,3
85547,2
85548,3
85549,1
85550,1
85551,2
85552,-1
85553,-1
85554,-1
85555,-1
85556,-1
85557,-1
85558,-1
85559,-1
85560,-1
85561,-1
85562,-1
85563,-1
85564,-1
85565,-1
85566,-1
85567,-1
85568,-1
85569,-1
85570,-1
85571,-1
85572,-1
85573,-1
85574,3
85575,1
85576,-1
85577,-1
85578,-1
85579,-1
85580,3
85581,0
85582,-1
85583,-1
85584,-1
85585,-1
85586,-1
85587,-1
85588,-1
85589,-1
85590,-1
85591,-1
85592,1
85593,0
85594,-1
85595,-1
85596,1
85597,0
85598,1
85599,0
85600,1
85601,1
85602,-1
85603,-1
85604,-1
85605,-1
85606,-1
85607,-1
85608,-1
85609,-1
85610,-1
85611,-1
85612,-1
85613,-1
85614,2
85615,2
85616,-1
85617,-1
85618,-1
85619,-1
85620,-1
85621,-1
85622,-1
85623,-1
85624,-1
85625,-1
85626,-1
85627,-1
85628,1
85629,2
85630,-1
85631,-1
85632,1
85633,1
85634,-1
85635,-1
85636,1
85637,0
85638,2
85639,0
85640,3
85641,1
85642,3
85643,0
85644,-1
85645,-1
85646,2
85647,1
85648,-1
85649,-1
85650,1
85651,0
85652,1
85653,0
85654,-1
85655,-1
85656,3
85657,0
85658,2
85659,1
85660,-1
85661,-1
85662,-1
85663,-1
85664,-1
85665,-1
85666,1
85667,1
85668,-1
85669,-1
85670,-1
85671,-1
85672,-1
85673,-1
85674,-1
85675,-1
85676,-1
85677,-1
85678,-1
85679,-1
85680,-1
85681,-1
85682,-1
85683,-1
85684,1
85685,1
85686,-1
85687,-1
85688,3
85689,1
85690,2
85691,0
85692,-1
85693,-1
85694,-1
85695,-1
85696,-1
85697,-1
85698,1
85699,0
85700,2
85701,1
85702,-1
85703,-1
85704,-1
85705,-1
85706,-1
85707,-1
85708,-1
85709,-1
85710,2
85711,1
85712,-1
85713,-1
85714,1
85715,1
85716,-1
85717,-1
85718,-1
85719,-1
85720,-1
85721,-1
85722,-1
85723,-1
85724,-1
85725,-1
85726,3
85727,0
85728,-1
85729,-1
85730,2
85731,1
85732,3
85733,2
85734,-1
85735,-1
85736,-1
85737,-1
85738,-1
85739,-1
85740,-1
85741,-1
85742,-1
85743,-1
85744,1
85745,0
85746,-1
85747,-1
85748,1
85749,1
85750,3
85751,0
85752,-1
85753,-1
85754,2
85755,0
85756,-1
85757,-1
85758,-1
85759,-1
85760,-1
85761,-1
85762,1
85763,1
85764,-1
85765,-1
85766,2
85767,1
85768,-1
85769,-1
85770,2
85771,0
85772,2
85773,1
85774,-1
85775,-1
85776,-1
85777,-1
85778,-1
85779,-1
85780,3
85781,2
85782,-1
85783,-1
85784,-1
85785,-1
85786,-1
85787,-1
85788,2
85789,0
85790,-1
85791,-1
85792,-1
85793,-1
85794,3
85795,1
85796,-1
85797,-1
85798,2
85799,1
85800,-1
85801,-1
85802,-1
85803,-1
85804,-1
85805,-1
85806,-1
85807,-1
85808,-1
85809,-1
85810,-1
85811,-1
85812,-1
85813,-1
85814,2
85815,2
85816,-1
85817,-1
85818,-1
85819,-1
85820,1
85821,1
85822,-1
85823,-1
85824,-1
85825,-1
85826,-1
85827,-1
85828,-1
85829,-1
85830,2
85831,1
85832,-1
85833,-1
85834,-1
85835,-1
85836,-1
85837,-1
85838,-1
85839,-1
85840,-1
85841,-1
85842,-1
85843,-1
85844,-1
85845,-1
85846,-1
85847,-1
85848,-1
85849,-1
85850,-1
85851,-1
85852,1
85853,2
85854,2
85855,2
85856,-1
85857,-1
85858,-1
85859,-1
85860,-1
85861,-1
85862,3
85863,2
85864,-1
85865,-1
85866,-1
85867,-1
85868,-1
85869,-1
85870,-1
85871,-1
85872,2
85873,1
85874,-1
85875,-1
85876,-1
85877,-1
85878,-1
85879,-1
85880,-1
85881,-1
85882,-1
85883,-1
85884,-1
85885,-1
85886,3
85887,2
85888,-1
85889,-1
85890,-1
85891,-1
85892,-1
85893,-1
85894,3
85895,1
85896,3
85897,0
85898,-1
85899,-1
85900,-1
85901,-1
85902,2
85903,1
85904,-1
85905,-1
85906,-1
85907,-1
85908,-1
85909,-1
85910,-1
85911,-1
85912,-1
85913,-1
85914,-1
85915,-1
85916,-1
85917,-1
85918,-1
85919,-1
85920,3
85921,0
85922,-1
85923,-1
85924,-1
85925,-1
85926,-1
85927,-1
85928,-1
85929,-1
85930,-1
85931,-1
85932,-1
85933,-1
85934,-1
85935,-1
85936,-1
85937,-1
85938,-1
85939,-1
85940,-1
85941,-1
85942,-1
85943,-1
85944,-1
85945,-1
85946,-1
85947,-1
85948,-1
85949,-1
85950,-1
85951,-1
85952,-1
85953,-1
85954,-1
85955,-1
85956,-1
85957,-1
85958,-1
85959,-1
85960,-1
85961,-1
85962,-1
85963,-1
85964,1
85965,0
85966,-1
85967,-1
85968,-1
85969,-1
85970,-1
85971,-1
85972,-1
85973,-1
85974,-1
85975,-1
85976,-1
85977,-1
85978,-1
85979,-1
85980,-1
85981,-1
85982,-1
85983,-1
85984,-1
85985,-1
85986,-1
85987,-1
85988,-1
85989,-1
85990,3
85991,2
85992,-1
85993,-1
85994,3
85995,0
85996,-1
85997,-1
85998,-1
85999,-1
86000,1
86001,0
86002,-1
86003,-1
86004,-1
86005,-1
86006,-1
86007,-1
86008,-1
86009,-1
86010,-1
86011,-1
86012,2
86013,0
86014,-1
86015,-1
86016,-1
86017,-1
86018,-1
86019,-1
86020,-1
86021,-1
86022,-1
86023,-1
86024,-1
86025,-1
86026,-1
86027,-1
86028,-1
86029,-1
86030,-1
86031,-1
86032,-1
86033,-1
86034,-1
86035,-1
86036,-1
86037,-1
86038,-1
86039,-1
86040,-1
86041,-1
86042,-1
86043,-1
86044,1
86045,1
86046,-1
86047,-1
86048,1
86049,0
86050,-1
86051,-1
86052,3
86053,0
86054,-1
86055,-1
86056,-1
86057,-1
86058,-1
86059,-1
86060,1
86061,1
86062,1
86063,1
86064,-1
86065,-1
86066,1
86067,1
86068,-1
86069,-1
86070,1
86071,1
86072,-1
86073,-1
86074,-1
86075,-1
86076,-1
86077,-1
86078,-1
86079,-1
86080,-1
86081,-1
86082,2
86083,0
86084,-1
86085,-1
86086,1
86087,2
86088,-1
86089,-1
86090,-1
86091,-1
86092,-1
86093,-1
86094,-1
86095,-1
86096,-1
86097,-1
86098,3
86099,2
86100,2
86101,0
86102,-1
86103,-1
86104,1
86105,1
86106,2
86107,0
86108,1
86109,0
86110,-1
86111,-1
86112,-1
86113,-1
86114,-1
86115,-1
86116,2
86117,2
86118,2
86119,2
86120,-1
86121,-1
86122,-1
86123,-1
86124,3
86125,2
86126,-1
86127,-1
86128,-1
86129,-1
86130,-1
86131,-1
86132,3
86133,0
86134,-1
86135,-1
86136,-1
86137,-1
86138,-1
86139,-1
86140,-1
86141,-1
86142,-1
86143,-1
86144,-1
86145,-1
86146,3
86147,0
86148,-1
86149,-1
86150,-1
86151,-1
86152,-1
86153,-1
86154,-1
86155,-1
86156,-1
86157,-1
86158,-1
86159,-1
86160,-1
86161,-1
86162,-1
86163,-1
86164,-1
86165,-1
86166,-1
86167,-1
86168,-1
86169,-1
86170,-1
86171,-1
86172,-1
86173,-1
86174,2
86175,1
86176,2
86177,1
86178,3
86179,2
86180,-1
86181,-1
86182,-1
86183,-1
86184,1
86185,1
86186,-1
86187,-1
86188,1
86189,1
86190,-1
86191,-1
86192,-1
86193,-1
86194,-1
86195,-1
86196,-1
86197,-1
86198,-1
86199,-1
86200,-1
86201,-1
86202,-1
86203,-1
86204,1
86205,0
86206,-1
86207,-1
86208,-1
86209,-1
86210,-1
86211,-1
86212,1
86213,0
86214,-1
86215,-1
86216,-1
86217,-1
86218,-1
86219,-1
86220,2
86221,0
86222,-1
86223,-1
86224,-1
86225,-1
86226,-1
86227,-1
86228,-1
86229,-1
86230,-1
86231,-1
86232,2
86233,1
86234,-1
86235,-1
86236,3
86237,2
86238,-1
86239,-1
86240,-1
86241,-1
86242,-1
86243,-1
86244,-1
86245,-1
86246,-1
86247,-1
86248,-1
86249,-1
86250,-1
86251,-1
86252,-1
86253,-1
86254,-1
86255,-1
86256,-1
86257,-1
86258,1
86259,0
86260,-1
86261,-1
86262,-1
86263,-1
86264,1
86265,2
86266,-1
86267,-1
86268,3
86269,1
86270,3
86271,2
86272,-1
86273,-1
86274,-1
86275,-1
86276,1
86277,0
86278,1
86279,1
86280,1
86281,0
86282,-1
86283,-1
86284,-1
86285,-1
86286,-1
86287,-1
86288,1
86289,1
86290,-1
86291,-1
86292,1
86293,1
86294,-1
86295,-1
86296,-1
86297,-1
86298,-1
86299,-1
86300,2
86301,0
86302,1
86303,0
86304,-1
86305,-1
86306,-1
86307,-1
86308,-1
86309,-1
86310,2
86311,2
86312,-1
86313,-1
86314,-1
86315,-1
86316,2
86317,0
86318,1
86319,1
86320,2
86321,0
86322,-1
86323,-1
86324,-1
86325,-1
86326,-1
86327,-1
86328,3
86329,2
86330,-1
86331,-1
86332,-1
86333,-1
86334,1
86335,0
86336,-1
86337,-1
86338,-1
86339,-1
86340,-1
86341,-1
86342,1
86343,1
86344,2
86345,2
86346,-1
86347,-1
86348,1
86349,1
86350,1
86351,0
86352,1
86353,0
86354,-1
86355,-1
86356,-1
86357,-1
86358,1
86359,0
86360,3
86361,0
86362,-1
86363,-1
86364,-1
86365,-1
86366,-1
86367,-1
86368,3
86369,2
86370,-1
86371,-1
86372,-1
86373,-1
86374,-1
86375,-1
86376,2
86377,1
86378,3
86379,0
86380,1
86381,1
86382,-1
86383,-1
86384,-1
86385,-1
86386,-1
86387,-1
86388,-1
86389,-1
86390,-1
86391,-1
86392,-1
86393,-1
86394,3
86395,1
86396,3
86397,0
86398,1
86399,2
86400,2
86401,2
86402,2
86403,2
86404,-1
86405,-1
86406,2
86407,1
86408,-1
86409,-1
86410,-1
86411,-1
86412,2
86413,0
86414,3
86415,0
86416,-1
86417,-1
86418,-1
86419,-1
86420,-1
86421,-1
86422,-1
86423,-1
86424,-1
86425,-1
86426,-1
86427,-1
86428,-1
86429,-1
86430,1
86431,2
86432,-1
86433,-1
86434,-1
86435,-1
86436,-1
86437,-1
86438,1
86439,1
86440,-1
86441,-1
86442,-1
86443,-1
86444,-1
86445,-1
86446,-1
86447,-1
86448,2
86449,1
86450,-1
86451,-1
86452,-1
86453,-1
86454,-1
86455,-1
86456,-1
86457,-1
86458,-1
86459,-1
86460,2
86461,1
86462,-1
86463,-1
86464,-1
86465,-1
86466,-1
86467,-1
86468,-1
86469,-1
86470,3
86471,2
86472,-1
86473,-1
86474,2
86475,1
86476,-1
86477,-1
86478,-1
86479,-1
86480,-1
86481,-1
86482,-1
86483,-1
86484,-1
86485,-1
86486,-1
86487,-1
86488,2
86489,2
86490,-1
86491,-1
86492,2
86493,0
86494,2
86495,2
86496,-1
86497,-1
86498,3
86499,1
86500,-1
86501,-1
86502,-1
86503,-1
86504,-1
86505,-1
86506,-1
86507,-1
86508,-1
86509,-1
86510,2
86511,1
86512,-1
86513,-1
86514,-1
86515,-1
86516,-1
86517,-1
86518,-1
86519,-1
86520,2
86521,0
86522,-1
86523,-1
86524,-1
86525,-1
86526,-1
86527,-1
86528,1
86529,1
86530,-1
86531,-1
86532,-1
86533,-1
86534,-1
86535,-1
86536,-1
86537,-1
86538,-1
86539,-1
86540,-1
86541,-1
86542,-1
86543,-1
86544,-1
86545,-1
86546,-1
86547,-1
86548,-1
86549,-1
86550,-1
86551,-1
86552,-1
86553,-1
86554,-1
86555,-1
86556,-1
86557,-1
86558,3
86559,1
86560,-1
86561,-1
86562,2
86563,0
86564,-1
86565,-1
86566,-1
86567,-1
86568,-1
86569,-1
86570,-1
86571,-1
86572,3
86573,2
86574,-1
86575,-1
86576,-1
86577,-1
86578,-1
86579,-1
86580,-1
86581,-1
86582,-1
86583,-1
86584,-1
86585,-1
86586,-1
86587,-1
86588,-1
86589,-1
86590,-1
86591,-1
86592,-1
86593,-1
86594,-1
86595,-1
86596,-1
86597,-1
86598,3
86599,2
86600,2
86601,0
86602,3
86603,2
86604,3
86605,2
86606,-1
86607,-1
86608,-1
86609,-1
86610,-1
86611,-1
86612,-1
86613,-1
86614,-1
86615,-1
86616,-1
86617,-1
86618,-1
86619,-1
86620,1
86621,0
86622,-1
86623,-1
86624,-1
86625,-1
86626,3
86627,2
86628,-1
86629,-1
86630,-1
86631,-1
86632,-1
86633,-1
86634,-1
86635,-1
86636,-1
86637,-1
86638,2
86639,1
86640,-1
86641,-1
86642,-1
86643,-1
86644,-1
86645,-1
86646,-1
86647,-1
86648,-1
86649,-1
86650,-1
86651,-1
86652,-1
86653,-1
86654,-1
86655,-1
86656,-1
86657,-1
86658,-1
86659,-1
86660,-1
86661,-1
86662,1
86663,0
86664,-1
86665,-1
86666,-1
86667,-1
86668,-1
86669,-1
86670,2
86671,1
86672,-1
86673,-1
86674,-1
86675,-1
86676,1
86677,0
86678,-1
86679,-1
86680,-1
86681,-1
86682,1
86683,0
86684,-1
86685,-1
86686,-1
86687,-1
86688,-1
86689,-1
86690,-1
86691,-1
86692,-1
86693,-1
86694,2
86695,1
86696,-1
86697,-1
86698,-1
86699,-1
86700,-1
86701,-1
86702,-1
86703,-1
86704,-1
86705,-1
86706,-1
86707,-1
86708,2
86709,1
86710,-1
86711,-1
86712,-1
86713,-1
86714,-1
86715,-1
86716,-1
86717,-1
86718,1
86719,0
86720,2
86721,1
86722,-1
86723,-1
86724,-1
86725,-1
86726,3
86727,2
86728,2
86729,2
86730,-1
86731,-1
86732,-1
86733,-1
86734,-1
86735,-1
86736,-1
86737,-1
86738,-1
86739,-1
86740,1
86741,0
86742,-1
86743,-1
86744,-1
86745,-1
86746,-1
86747,-1
86748,-1
86749,-1
86750,-1
86751,-1
86752,-1
86753,-1
86754,-1
86755,-1
86756,-1
86757,-1
86758,2
86759,1
86760,-1
86761,-1
86762,2
86763,2
86764,-1
86765,-1
86766,-1
86767,-1
86768,2
86769,2
86770,-1
86771,-1
86772,3
86773,0
86774,1
86775,0
86776,-1
86777,-1
86778,-1
86779,-1
86780,-1
86781,-1
86782,-1
86783,-1
86784,3
86785,0
86786,1
86787,2
86788,-1
86789,-1
86790,1
86791,1
86792,-1
86793,-1
86794,-1
86795,-1
86796,-1
86797,-1
86798,-1
86799,-1
86800,-1
86801,-1
86802,-1
86803,-1
86804,-1
86805,-1
86806,-1
86807,-1
86808,1
86809,0
86810,1
86811,0
86812,1
86813,1
86814,-1
86815,-1
86816,-1
86817,-1
86818,-1
86819,-1
86820,-1
86821,-1
86822,-1
86823,-1
86824,-1
86825,-1
86826,2
86827,2
86828,-1
86829,-1
86830,-1
86831,-1
86832,-1
86833,-1
86834,-1
86835,-1
86836,2
86837,2
86838,-1
86839,-1
86840,3
86841,0
86842,-1
86843,-1
86844,-1
86845,-1
86846,-1
86847,-1
86848,-1
86849,-1
86850,-1
86851,-1
86852,-1
86853,-1
86854,-1
86855,-1
86856,-1
86857,-1
86858,-1
86859,-1
86860,-1
86861,-1
86862,1
86863,0
86864,-1
86865,-1
86866,-1
86867,-1
86868,-1
86869,-1
86870,-1
86871,-1
86872,-1
86873,-1
86874,-1
86875,-1
86876,2
86877,2
86878,-1
86879,-1
86880,-1
86881,-1
86882,-1
86883,-1
86884,-1
86885,-1
86886,1
86887,0
86888,-1
86889,-1
86890,-1
86891,-1
86892,-1
86893,-1
86894,-1
86895,-1
86896,-1
86897,-1
86898,-1
86899,-1
86900,-1
86901,-1
86902,-1
86903,-1
86904,3
86905,2
86906,-1
86907,-1
86908,-1
86909,-1
86910,-1
86911,-1
86912,-1
86913,-1
86914,-1
86915,-1
86916,-1
86917,-1
86918,1
86919,0
86920,-1
86921,-1
86922,-1
86923,-1
86924,-1
86925,-1
86926,-1
86927,-1
86928,-1
86929,-1
86930,-1
86931,-1
86932,-1
86933,-1
86934,-1
86935,-1
86936,-1
86937,-1
86938,-1
86939,-1
86940,-1
86941,-1
86942,1
86943,0
86944,-1
86945,-1
86946,-1
86947,-1
86948,-1
86949,-1
86950,1
86951,1
86952,-1
86953,-1
86954,-1
86955,-1
86956,-1
86957,-1
86958,-1
86959,-1
86960,3
86961,2
86962,-1
86963,-1
86964,-1
86965,-1
86966,-1
86967,-1
86968,-1
86969,-1
86970,-1
86971,-1
86972,-1
86973,-1
86974,1
86975,0
86976,1
86977,2
86978,1
86979,0
86980,-1
86981,-1
86982,1
86983,2
86984,-1
86985,-1
86986,3
86987,0
86988,-1
86989,-1
86990,1
86991,0
86992,-1
86993,-1
86994,3
86995,2
86996,-1
86997,-1
86998,1
86999,2
87000,-1
87001,-1
87002,2
87003,2
87004,-1
87005,-1
87006,1
87007,0
87008,1
87009,1
87010,-1
87011,-1
87012,-1
87013,-1
87014,2
87015,1
87016,-1
87017,-1
87018,-1
87019,-1
87020,-1
87021,-1
87022,-1
87023,-1
87024,-1
87025,-1
87026,-1
87027,-1
87028,-1
87029,-1
87030,2
87031,1
87032,-1
87033,-1
87034,-1
87035,-1
87036,-1
87037,-1
87038,-1
87039,-1
87040,-1
87041,-1
87042,-1
87043,-1
87044,-1
87045,-1
87046,2
87047,0
87048,-1
87049,-1
87050,-1
87051,-1
87052,-1
87053,-1
87054,-1
87055,-1
87056,-1
87057,-1
87058,-1
87059,-1
87060,1
87061,0
87062,3
87063,0
87064,1
87065,1
87066,-1
87067,-1
87068,3
87069,1
87070,-1
87071,-1
87072,-1
87073,-1
87074,-1
87075,-1
87076,-1
87077,-1
87078,2
87079,1
87080,-1
87081,-1
87082,-1
87083,-1
87084,-1
87085,-1
87086,2
87087,1
87088,-1
87089,-1
87090,3
87091,1
87092,3
87093,2
87094,1
87095,0
87096,-1
87097,-1
87098,2
87099,2
87100,-1
87101,-1
87102,-1
87103,-1
87104,1
87105,1
87106,3
87107,0
87108,-1
87109,-1
87110,-1
87111,-1
87112,-1
87113,-1
87114,-1
87115,-1
87116,-1
87117,-1
87118,-1
87119,-1
87120,-1
87121,-1
87122,-1
87123,-1
87124,3
87125,0
87126,1
87127,2
87128,-1
87129,-1
87130,-1
87131,-1
87132,-1
87133,-1
87134,1
87135,1
87136,-1
87137,-1
87138,-1
87139,-1
87140,-1
87141,-1
87142,-1
87143,-1
87144,-1
87145,-1
87146,1
87147,1
87148,-1
87149,-1
87150,-1
87151,-1
87152,2
87153,2
87154,2
87155,0
87156,-1
87157,-1
87158,-1
87159,-1
87160,1
87161,1
87162,-1
87163,-1
87164,3
87165,0
87166,-1
87167,-1
87168,-1
87169,-1
87170,-1
87171,-1
87172,3
87173,2
87174,-1
87175,-1
87176,-1
87177,-1
87178,-1
87179,-1
87180,-1
87181,-1
87182,3
87183,2
87184,-1
87185,-1
87186,2
87187,1
87188,-1
87189,-1
87190,-1
87191,-1
87192,-1
87193,-1
87194,-1
87195,-1
87196,-1
87197,-1
87198,2
87199,1
87200,-1
87201,-1
87202,2
87203,1
87204,-1
87205,-1
87206,-1
87207,-1
87208,3
87209,0
87210,-1
87211,-1
87212,-1
87213,-1
87214,1
87215,0
87216,-1
87217,-1
87218,1
87219,0
87220,-1
87221,-1
87222,-1
87223,-1
87224,-1
87225,-1
87226,-1
87227,-1
87228,1
87229,1
87230,1
87231,0
87232,-1
87233,-1
87234,-1
87235,-1
87236,-1
87237,-1
87238,-1
87239,-1
87240,-1
87241,-1
87242,-1
87243,-1
87244,-1
87245,-1
87246,1
87247,1
87248,-1
87249,-1
87250,-1
87251,-1
87252,-1
87253,-1
87254,1
87255,1
87256,-1
87257,-1
87258,-1
87259,-1
87260,-1
87261,-1
87262,2
87263,0
87264,-1
87265,-1
87266,3
87267,0
87268,2
87269,0
87270,-1
87271,-1
87272,-1
87273,-1
87274,-1
87275,-1
87276,-1
87277,-1
87278,-1
87279,-1
87280,-1
87281,-1
87282,-1
87283,-1
87284,-1
87285,-1
87286,-1
87287,-1
87288,-1
87289,-1
87290,-1
87291,-1
87292,-1
87293,-1
87294,-1
87295,-1
87296,-1
87297,-1
87298,-1
87299,-1
87300,-1
87301,-1
87302,-1
87303,-1
87304,-1
87305,-1
87306,-1
87307,-1
87308,-1
87309,-1
87310,-1
87311,-1
87312,1
87313,0
87314,1
87315,2
87316,2
87317,0
87318,-1
87319,-1
87320,-1
87321,-1
87322,-1
87323,-1
87324,-1
87325,-1
87326,2
87327,0
87328,-1
87329,-1
87330,-1
87331,-1
87332,1
87333,1
87334,-1
87335,-1
87336,-1
87337,-1
87338,-1
87339,-1
87340,-1
87341,-1
87342,-1
87343,-1
87344,-1
87345,-1
87346,-1
87347,-1
87348,-1
87349,-1
87350,-1
87351,-1
87352,2
87353,2
87354,2
87355,2
87356,1
87357,1
87358,-1
87359,-1
87360,-1
87361,-1
87362,-1
87363,-1
87364,-1
87365,-1
87366,-1
87367,-1
87368,-1
87369,-1
87370,-1
87371,-1
87372,2
87373,1
87374,2
87375,1
87376,-1
87377,-1
87378,-1
87379,-1
87380,2
87381,0
87382,3
87383,2
87384,-1
87385,-1
87386,-1
87387,-1
87388,-1
87389,-1
87390,-1
87391,-1
87392,-1
87393,-1
87394,-1
87395,-1
87396,-1
87397,-1
87398,-1
87399,-1
87400,3
87401,0
87402,-1
87403,-1
87404,2
87405,0
87406,-1
87407,-1
87408,2
87409,1
87410,2
87411,0
87412,-1
87413,-1
87414,-1
87415,-1
87416,-1
87417,-1
87418,-1
87419,-1
87420,-1
87421,-1
87422,-1
87423,-1
87424,1
87425,2
87426,-1
87427,-1
87428,-1
87429,-1
87430,2
87431,2
87432,-1
87433,-1
87434,-1
87435,-1
87436,-1
87437,-1
87438,-1
87439,-1
87440,-1
87441,-1
87442,-1
87443,-1
87444,-1
87445,-1
87446,3
87447,0
87448,-1
87449,-1
87450,-1
87451,-1
87452,-1
87453,-1
87454,-1
87455,-1
87456,-1
87457,-1
87458,-1
87459,-1
87460,-1
87461,-1
87462,-1
87463,-1
87464,-1
87465,-1
87466,-1
87467,-1
87468,-1
87469,-1
87470,-1
87471,-1
87472,2
87473,2
87474,-1
87475,-1
87476,-1
87477,-1
87478,-1
87479,-1
87480,-1
87481,-1
87482,-1
87483,-1
87484,-1
87485,-1
87486,3
87487,0
87488,-1
87489,-1
87490,3
87491,1
87492,-1
87493,-1
87494,3
87495,0
87496,-1
87497,-1
87498,-1
87499,-1
87500,2
87501,0
87502,-1
87503,-1
87504,-1
87505,-1
87506,2
87507,1
87508,-1
87509,-1
87510,-1
87511,-1
87512,-1
87513,-1
87514,-1
87515,-1
87516,-1
87517,-1
87518,-1
87519,-1
87520,-1
87521,-1
87522,-1
87523,-1
87524,-1
87525,-1
87526,-1
87527,-1
87528,1
87529,0
87530,1
87531,0
87532,-1
87533,-1
87534,-1
87535,-1
87536,-1
87537,-1
87538,-1
87539,-1
87540,2
87541,1
87542,-1
87543,-1
87544,-1
87545,-1
87546,-1
87547,-1
87548,-1
87549,-1
87550,-1
87551,-1
87552,1
87553,0
87554,-1
87555,-1
87556,-1
87557,-1
87558,1
87559,2
87560,-1
87561,-1
87562,-1
87563,-1
87564,3
87565,2
87566,-1
87567,-1
87568,-1
87569,-1
87570,1
87571,2
87572,-1
87573,-1
87574,-1
87575,-1
87576,1
87577,1
87578,-1
87579,-1
87580,-1
87581,-1
87582,1
87583,2
87584,-1
87585,-1
87586,-1
87587,-1
87588,-1
87589,-1
87590,-1
87591,-1
87592,1
87593,0
87594,1
87595,1
87596,-1
87597,-1
87598,2
87599,1
87600,3
87601,2
87602,-1
87603,-1
87604,-1
87605,-1
87606,-1
87607,-1
87608,-1
87609,-1
87610,3
87611,0
87612,-1
87613,-1
87614,-1
87615,-1
87616,-1
87617,-1
87618,-1
87619,-1
87620,-1
87621,-1
87622,-1
87623,-1
87624,-1
87625,-1
87626,2
87627,2
87628,-1
87629,-1
87630,3
87631,0
87632,-1
87633,-1
87634,-1
87635,-1
87636,-1
87637,-1
87638,-1
87639,-1
87640,-1
87641,-1
87642,-1
87643,-1
87644,-1
87645,-1
87646,-1
87647,-1
87648,-1
87649,-1
87650,1
87651,0
87652,-1
87653,-1
87654,3
87655,1
87656,-1
87657,-1
87658,3
87659,0
87660,-1
87661,-1
87662,-1
87663,-1
87664,-1
87665,-1
87666,-1
87667,-1
87668,-1
87669,-1
87670,-1
87671,-1
87672,-1
87673,-1
87674,-1
87675,-1
87676,-1
87677,-1
87678,-1
87679,-1
87680,-1
87681,-1
87682,-1
87683,-1
87684,-1
87685,-1
87686,-1
87687,-1
87688,1
87689,2
87690,-1
87691,-1
87692,2
87693,2
87694,2
87695,1
87696,-1
87697,-1
87698,-1
87699,-1
87700,1
87701,1
87702,-1
87703,-1
87704,2
87705,1
87706,-1
87707,-1
87708,-1
87709,-1
87710,2
87711,2
87712,2
87713,2
87714,-1
87715,-1
87716,-1
87717,-1
87718,-1
87719,-1
87720,-1
87721,-1
87722,-1
87723,-1
87724,-1
87725,-1
87726,-1
87727,-1
87728,-1
87729,-1
87730,3
87731,1
87732,-1
87733,-1
87734,-1
87735,-1
87736,-1
87737,-1
87738,3
87739,2
87740,-1
87741,-1
87742,-1
87743,-1
87744,1
87745,2
87746,-1
87747,-1
87748,-1
87749,-1
87750,-1
87751,-1
87752,-1
87753,-1
87754,-1
87755,-1
87756,-1
87757,-1
87758,-1
87759,-1
87760,-1
87761,-1
87762,-1
87763,-1
87764,1
87765,2
87766,3
87767,0
87768,2
87769,0
87770,1
87771,1
87772,-1
87773,-1
87774,-1
87775,-1
87776,-1
87777,-1
87778,-1
87779,-1
87780,-1
87781,-1
87782,2
87783,1
87784,-1
87785,-1
87786,-1
87787,-1
87788,-1
87789,-1
87790,1
87791,1
87792,-1
87793,-1
87794,1
87795,2
87796,-1
87797,-1
87798,1
87799,0
87800,-1
87801,-1
87802,-1
87803,-1
87804,-1
87805,-1
87806,1
87807,0
87808,-1
87809,-1
87810,-1
87811,-1
87812,-1
87813,-1
87814,-1
87815,-1
87816,-1
87817,-1
87818,1
87819,2
87820,2
87821,2
87822,-1
87823,-1
87824,-1
87825,-1
87826,-1
87827,-1
87828,2
87829,0
87830,-1
87831,-1
87832,-1
87833,-1
87834,-1
87835,-1
87836,-1
87837,-1
87838,2
87839,2
87840,-1
87841,-1
87842,-1
87843,-1
87844,-1
87845,-1
87846,3
87847,2
87848,3
87849,1
87850,-1
87851,-1
87852,-1
87853,-1
87854,-1
87855,-1
87856,-1
87857,-1
87858,1
87859,2
87860,3
87861,2
87862,2
87863,0
87864,-1
87865,-1
87866,-1
87867,-1
87868,-1
87869,-1
87870,-1
87871,-1
87872,2
87873,0
87874,2
87875,1
87876,2
87877,1
87878,-1
87879,-1
87880,1
87881,0
87882,1
87883,2
87884,-1
87885,-1
87886,-1
87887,-1
87888,-1
87889,-1
87890,-1
87891,-1
87892,2
87893,0
87894,-1
87895,-1
87896,-1
87897,-1
87898,1
87899,0
87900,2
87901,0
87902,-1
87903,-1
87904,3
87905,1
87906,-1
87907,-1
87908,-1
87909,-1
87910,-1
87911,-1
87912,-1
87913,-1
87914,-1
87915,-1
87916,2
87917,0
87918,-1
87919,-1
87920,-1
87921,-1
87922,-1
87923,-1
87924,-1
87925,-1
87926,-1
87927,-1
87928,3
87929,0
87930,-1
87931,-1
87932,-1
87933,-1
87934,-1
87935,-1
87936,1
87937,0
87938,-1
87939,-1
87940,-1
87941,-1
87942,-1
87943,-1
87944,-1
87945,-1
87946,-1
87947,-1
87948,-1
87949,-1
87950,-1
87951,-1
87952,-1
87953,-1
87954,-1
87955,-1
87956,-1
87957,-1
87958,-1
87959,-1
87960,-1
87961,-1
87962,2
87963,1
87964,2
87965,0
87966,3
87967,1
87968,1
87969,2
87970,1
87971,1
87972,3
87973,1
87974,-1
87975,-1
87976,-1
87977,-1
87978,-1
87979,-1
87980,-1
87981,-1
87982,-1
87983,-1
87984,-1
87985,-1
87986,-1
87987,-1
87988,3
87989,0
87990,-1
87991,-1
87992,-1
87993,-1
87994,-1
87995,-1
87996,3
87997,2
87998,-1
87999,-1
88000,-1
88001,-1
88002,-1
88003,-1
88004,-1
88005,-1
88006,-1
88007,-1
88008,3
88009,1
88010,-1
88011,-1
88012,-1
88013,-1
88014,1
88015,2
88016,-1
88017,-1
88018,-1
88019,-1
88020,-1
88021,-1
88022,-1
88023,-1
88024,2
88025,0
88026,-1
88027,-1
88028,-1
88029,-1
88030,-1
88031,-1
88032,-1
88033,-1
88034,3
88035,1
88036,-1
88037,-1
88038,-1
88039,-1
88040,-1
88041,-1
88042,-1
88043,-1
88044,-1
88045,-1
88046,-1
88047,-1
88048,-1
88049,-1
88050,2
88051,0
88052,-1
88053,-1
88054,2
88055,1
88056,-1
88057,-1
88058,-1
88059,-1
88060,-1
88061,-1
88062,-1
88063,-1
88064,3
88065,1
88066,2
88067,1
88068,-1
88069,-1
88070,-1
88071,-1
88072,-1
88073,-1
88074,2
88075,0
88076,-1
88077,-1
88078,-1
88079,-1
88080,-1
88081,-1
88082,1
88083,1
88084,-1
88085,-1
88086,-1
88087,-1
88088,-1
88089,-1
88090,-1
88091,-1
88092,-1
88093,-1
88094,-1
88095,-1
88096,-1
88097,-1
88098,-1
88099,-1
88100,-1
88101,-1
88102,-1
88103,-1
88104,-1
88105,-1
88106,-1
88107,-1
88108,-1
88109,-1
88110,-1
88111,-1
88112,3
88113,2
88114,2
88115,1
88116,-1
88117,-1
88118,-1
88119,-1
88120,1
88121,0
88122,-1
88123,-1
88124,1
88125,2
88126,-1
88127,-1
88128,-1
88129,-1
88130,-1
88131,-1
88132,1
88133,1
88134,1
88135,0
88136,-1
88137,-1
88138,-1
88139,-1
88140,-1
88141,-1
88142,2
88143,1
88144,-1
88145,-1
88146,-1
88147,-1
88148,-1
88149,-1
88150,3
88151,0
88152,-1
88153,-1
88154,2
88155,2
88156,3
88157,1
88158,1
88159,0
88160,-1
88161,-1
88162,-1
88163,-1
88164,1
88165,2
88166,-1
88167,-1
88168,-1
88169,-1
88170,-1
88171,-1
88172,-1
88173,-1
88174,-1
88175,-1
88176,-1
88177,-1
88178,2
88179,2
88180,-1
88181,-1
88182,-1
88183,-1
88184,1
88185,0
88186,-1
88187,-1
88188,-1
88189,-1
88190,3
88191,0
88192,-1
88193,-1
88194,3
88195,0
88196,-1
88197,-1
88198,-1
88199,-1
88200,-1
88201,-1
88202,-1
88203,-1
88204,-1
88205,-1
88206,-1
88207,-1
88208,-1
88209,-1
88210,-1
88211,-1
88212,2
88213,1
88214,3
88215,2
88216,-1
88217,-1
88218,-1
88219,-1
88220,-1
88221,-1
88222,-1
88223,-1
88224,-1
88225,-1
88226,-1
88227,-1
88228,1
88229,1
88230,-1
88231,-1
88232,-1
88233,-1
88234,2
88235,0
88236,-1
88237,-1
88238,-1
88239,-1
88240,-1
88241,-1
88242,-1
88243,-1
88244,-1
88245,-1
88246,-1
88247,-1
88248,-1
88249,-1
88250,-1
88251,-1
88252,-1
88253,-1
88254,-1
88255,-1
88256,-1
88257,-1
88258,2
88259,1
88260,1
88261,0
88262,-1
88263,-1
88264,1
88265,2
88266,-1
88267,-1
88268,-1
88269,-1
88270,-1
88271,-1
88272,-1
88273,-1
88274,-1
88275,-1
88276,2
88277,1
88278,-1
88279,-1
88280,3
88281,2
88282,-1
88283,-1
88284,1
88285,0
88286,-1
88287,-1
88288,-1
88289,-1
88290,-1
88291,-1
88292,-1
88293,-1
88294,-1
88295,-1
88296,-1
88297,-1
88298,3
88299,1
88300,-1
88301,-1
88302,1
88303,0
88304,-1
88305,-1
88306,-1
88307,-1
88308,-1
88309,-1
88310,-1
88311,-1
88312,-1
88313,-1
88314,-1
88315,-1
88316,-1
88317,-1
88318,-1
88319,-1
88320,-1
88321,-1
88322,-1
88323,-1
88324,-1
88325,-1
88326,-1
88327,-1
88328,-1
88329,-1
88330,-1
88331,-1
88332,-1
88333,-1
88334,-1
88335,-1
88336,-1
88337,-1
88338,2
88339,0
88340,-1
88341,-1
88342,-1
88343,-1
88344,-1
88345,-1
88346,-1
88347,-1
88348,-1
88349,-1
88350,-1
88351,-1
88352,-1
88353,-1
88354,1
88355,1
88356,-1
88357,-1
88358,-1
88359,-1
88360,-1
88361,-1
88362,-1
88363,-1
88364,2
88365,1
88366,-1
88367,-1
88368,-1
88369,-1
88370,-1
88371,-1
88372,-1
88373,-1
88374,-1
88375,-1
88376,-1
88377,-1
88378,-1
88379,-1
88380,3
88381,1
88382,-1
88383,-1
88384,3
88385,2
88386,-1
88387,-1
88388,-1
88389,-1
88390,-1
88391,-1
88392,2
88393,1
88394,-1
88395,-1
88396,2
88397,2
88398,2
88399,2
88400,-1
88401,-1
88402,-1
88403,-1
88404,-1
88405,-1
88406,-1
88407,-1
88408,-1
88409,-1
88410,-1
88411,-1
88412,-1
88413,-1
88414,-1
88415,-1
88416,-1
88417,-1
88418,-1
88419,-1
88420,-1
88421,-1
88422,-1
88423,-1
88424,1
88425,1
88426,1
88427,0
88428,-1
88429,-1
88430,-1
88431,-1
88432,-1
88433,-1
88434,-1
88435,-1
88436,-1
88437,-1
88438,1
88439,0
88440,-1
88441,-1
88442,-1
88443,-1
88444,3
88445,1
88446,-1
88447,-1
88448,1
88449,2
88450,-1
88451,-1
88452,3
88453,2
88454,-1
88455,-1
88456,2
88457,1
88458,1
88459,0
88460,-1
88461,-1
88462,-1
88463,-1
88464,-1
88465,-1
88466,-1
88467,-1
88468,-1
88469,-1
88470,-1
88471,-1
88472,-1
88473,-1
88474,2
88475,0
88476,-1
88477,-1
88478,-1
88479,-1
88480,-1
88481,-1
88482,-1
88483,-1
88484,2
88485,0
88486,-1
88487,-1
88488,-1
88489,-1
88490,1
88491,1
88492,-1
88493,-1
88494,-1
88495,-1
88496,-1
88497,-1
88498,-1
88499,-1
88500,-1
88501,-1
88502,-1
88503,-1
88504,-1
88505,-1
88506,-1
88507,-1
88508,-1
88509,-1
88510,-1
88511,-1
88512,-1
88513,-1
88514,3
88515,1
88516,-1
88517,-1
88518,-1
88519,-1
88520,-1
88521,-1
88522,-1
88523,-1
88524,-1
88525,-1
88526,1
88527,0
88528,1
88529,2
88530,1
88531,1
88532,-1
88533,-1
88534,-1
88535,-1
88536,-1
88537,-1
88538,-1
88539,-1
88540,-1
88541,-1
88542,2
88543,0
88544,-1
88545,-1
88546,-1
88547,-1
88548,-1
88549,-1
88550,-1
88551,-1
88552,-1
88553,-1
88554,-1
88555,-1
88556,-1
88557,-1
88558,-1
88559,-1
88560,-1
88561,-1
88562,1
88563,2
88564,-1
88565,-1
88566,3
88567,0
88568,-1
88569,-1
88570,-1
88571,-1
88572,-1
88573,-1
88574,-1
88575,-1
88576,-1
88577,-1
88578,-1
88579,-1
88580,-1
88581,-1
88582,2
88583,2
88584,-1
88585,-1
88586,2
88587,1
88588,-1
88589,-1
88590,-1
88591,-1
88592,-1
88593,-1
88594,-1
88595,-1
88596,-1
88597,-1
88598,1
88599,1
88600,-1
88601,-1
88602,-1
88603,-1
88604,1
88605,1
88606,-1
88607,-1
88608,-1
88609,-1
88610,2
88611,0
88612,1
88613,0
88614,3
88615,0
88616,-1
88617,-1
88618,-1
88619,-1
88620,-1
88621,-1
88622,-1
88623,-1
88624,-1
88625,-1
88626,-1
88627,-1
88628,1
88629,0
88630,-1
88631,-1
88632,1
88633,1
88634,-1
88635,-1
88636,3
88637,0
88638,-1
88639,-1
88640,-1
88641,-1
88642,-1
88643,-1
88644,3
88645,1
88646,-1
88647,-1
88648,2
88649,0
88650,-1
88651,-1
88652,-1
88653,-1
88654,1
88655,1
88656,-1
88657,-1
88658,2
88659,1
88660,1
88661,2
88662,-1
88663,-1
88664,-1
88665,-1
88666,-1
88667,-1
88668,-1
88669,-1
88670,1
88671,0
88672,3
88673,1
88674,-1
88675,-1
88676,-1
88677,-1
88678,2
88679,2
88680,-1
88681,-1
88682,-1
88683,-1
88684,-1
88685,-1
88686,-1
88687,-1
88688,-1
88689,-1
88690,-1
88691,-1
88692,-1
88693,-1
88694,-1
88695,-1
88696,-1
88697,-1
88698,2
88699,1
88700,1
88701,0
88702,-1
88703,-1
88704,-1
88705,-1
88706,3
88707,1
88708,2
88709,1
88710,-1
88711,-1
88712,-1
88713,-1
88714,-1
88715,-1
88716,2
88717,1
88718,-1
88719,-1
88720,1
88721,2
88722,2
88723,0
88724,-1
88725,-1
88726,-1
88727,-1
88728,3
88729,0
88730,2
88731,1
88732,-1
88733,-1
88734,-1
88735,-1
88736,-1
88737,-1
88738,1
88739,2
88740,-1
88741,-1
88742,-1
88743,-1
88744,-1
88745,-1
88746,-1
88747,-1
88748,-1
88749,-1
88750,-1
88751,-1
88752,-1
88753,-1
88754,-1
88755,-1
88756,-1
88757,-1
88758,3
88759,0
88760,2
88761,1
88762,2
88763,0
88764,-1
88765,-1
88766,-1
88767,-1
88768,2
88769,0
88770,-1
88771,-1
88772,-1
88773,-1
88774,2
88775,1
88776,-1
88777,-1
88778,-1
88779,-1
88780,3
88781,1
88782,-1
88783,-1
88784,-1
88785,-1
88786,2
88787,2
88788,-1
88789,-1
88790,-1
88791,-1
88792,-1
88793,-1
88794,-1
88795,-1
88796,-1
88797,-1
88798,-1
88799,-1
88800,-1
88801,-1
88802,2
88803,2
88804,3
88805,0
88806,-1
88807,-1
88808,-1
88809,-1
88810,-1
88811,-1
88812,-1
88813,-1
88814,-1
88815,-1
88816,-1
88817,-1
88818,1
88819,1
88820,-1
88821,-1
88822,3
88823,2
88824,-1
88825,-1
88826,-1
88827,-1
88828,-1
88829,-1
88830,-1
88831,-1
88832,1
88833,1
88834,-1
88835,-1
88836,-1
88837,-1
88838,-1
88839,-1
88840,-1
88841,-1
88842,-1
88843,-1
88844,1
88845,1
88846,1
88847,1
88848,-1
88849,-1
88850,-1
88851,-1
88852,-1
88853,-1
88854,-1
88855,-1
88856,-1
88857,-1
88858,-1
88859,-1
88860,-1
88861,-1
88862,-1
88863,-1
88864,3
88865,0
88866,-1
88867,-1
88868,3
88869,0
88870,-1
88871,-1
88872,-1
88873,-1
88874,-1
88875,-1
88876,-1
88877,-1
88878,-1
88879,-1
88880,-1
88881,-1
88882,2
88883,0
88884,-1
88885,-1
88886,2
88887,2
88888,-1
88889,-1
88890,-1
88891,-1
88892,-1
88893,-1
88894,-1
88895,-1
88896,-1
88897,-1
88898,-1
88899,-1
88900,-1
88901,-1
88902,-1
88903,-1
88904,-1
88905,-1
88906,-1
88907,-1
88908,-1
88909,-1
88910,-1
88911,-1
88912,-1
88913,-1
88914,-1
88915,-1
88916,-1
88917,-1
88918,-1
88919,-1
88920,-1
88921,-1
88922,2
88923,1
88924,-1
88925,-1
88926,2
88927,1
88928,-1
88929,-1
88930,-1
88931,-1
88932,-1
88933,-1
88934,-1
88935,-1
88936,-1
88937,-1
88938,-1
88939,-1
88940,-1
88941,-1
88942,-1
88943,-1
88944,-1
88945,-1
88946,3
88947,2
88948,-1
88949,-1
88950,-1
88951,-1
88952,1
88953,0
88954,-1
88955,-1
88956,-1
88957,-1
88958,-1
88959,-1
88960,-1
88961,-1
88962,-1
88963,-1
88964,2
88965,2
88966,-1
88967,-1
88968,-1
88969,-1
88970,-1
88971,-1
88972,-1
88973,-1
88974,-1
88975,-1
88976,-1
88977,-1
88978,-1
88979,-1
88980,-1
88981,-1
88982,-1
88983,-1
88984,3
88985,2
88986,-1
88987,-1
88988,-1
88989,-1
88990,1
88991,0
88992,-1
88993,-1
88994,-1
88995,-1
88996,1
88997,0
88998,1
88999,0
89000,-1
89001,-1
89002,3
89003,2
89004,-1
89005,-1
89006,-1
89007,-1
89008,-1
89009,-1
89010,3
89011,1
89012,3
89013,2
89014,-1
89015,-1
89016,-1
89017,-1
89018,-1
89019,-1
89020,-1
89021,-1
89022,2
89023,0
89024,3
89025,2
89026,1
89027,1
89028,-1
89029,-1
89030,2
89031,0
89032,2
89033,2
89034,-1
89035,-1
89036,-1
89037,-1
89038,-1
89039,-1
89040,2
89041,0
89042,-1
89043,-1
89044,-1
89045,-1
89046,-1
89047,-1
89048,2
89049,0
89050,-1
89051,-1
89052,-1
89053,-1
89054,-1
89055,-1
89056,1
89057,1
89058,-1
89059,-1
89060,-1
89061,-1
89062,-1
89063,-1
89064,-1
89065,-1
89066,3
89067,0
89068,2
89069,1
89070,3
89071,2
89072,3
89073,0
89074,-1
89075,-1
89076,-1
89077,-1
89078,2
89079,1
89080,-1
89081,-1
89082,1
89083,0
89084,-1
89085,-1
89086,3
89087,1
89088,-1
89089,-1
89090,1
89091,1
89092,-1
89093,-1
89094,1
89095,2
89096,-1
89097,-1
89098,-1
89099,-1
89100,1
89101,1
89102,-1
89103,-1
89104,3
89105,1
89106,-1
89107,-1
89108,1
89109,1
89110,2
89111,0
89112,-1
89113,-1
89114,-1
89115,-1
89116,-1
89117,-1
89118,-1
89119,-1
89120,-1
89121,-1
89122,-1
89123,-1
89124,-1
89125,-1
89126,1
89127,1
89128,2
89129,0
89130,2
89131,0
89132,-1
89133,-1
89134,3
89135,2
89136,-1
89137,-1
89138,-1
89139,-1
89140,1
89141,0
89142,-1
89143,-1
89144,-1
89145,-1
89146,-1
89147,-1
89148,-1
89149,-1
89150,-1
89151,-1
89152,-1
89153,-1
89154,3
89155,2
89156,-1
89157,-1
89158,-1
89159,-1
89160,-1
89161,-1
89162,2
89163,1
89164,2
89165,2
89166,-1
89167,-1
89168,1
89169,0
89170,-1
89171,-1
89172,2
89173,1
89174,2
89175,0
89176,-1
89177,-1
89178,-1
89179,-1
89180,1
89181,1
89182,-1
89183,-1
89184,1
89185,0
89186,-1
89187,-1
89188,-1
89189,-1
89190,3
89191,1
89192,2
89193,1
89194,3
89195,2
89196,-1
89197,-1
89198,-1
89199,-1
89200,-1
89201,-1
89202,-1
89203,-1
89204,-1
89205,-1
89206,-1
89207,-1
89208,1
89209,2
89210,2
89211,0
89212,1
89213,0
89214,-1
89215,-1
89216,1
89217,2
89218,-1
89219,-1
89220,2
89221,2
89222,-1
89223,-1
89224,-1
89225,-1
89226,-1
89227,-1
89228,-1
89229,-1
89230,-1
89231,-1
89232,-1
89233,-1
89234,-1
89235,-1
89236,-1
89237,-1
89238,-1
89239,-1
89240,-1
89241,-1
89242,-1
89243,-1
89244,-1
89245,-1
89246,-1
89247,-1
89248,-1
89249,-1
89250,-1
89251,-1
89252,2
89253,1
89254,-1
89255,-1
89256,3
89257,1
89258,-1
89259,-1
89260,-1
89261,-1
89262,-1
89263,-1
89264,-1
89265,-1
89266,3
89267,1
89268,3
89269,1
89270,1
89271,2
89272,2
89273,1
89274,-1
89275,-1
89276,-1
89277,-1
89278,-1
89279,-1
89280,-1
89281,-1
89282,-1
89283,-1
89284,2
89285,0
89286,3
89287,2
89288,1
89289,1
89290,-1
89291,-1
89292,-1
89293,-1
89294,-1
89295,-1
89296,-1
89297,-1
89298,-1
89299,-1
89300,-1
89301,-1
89302,-1
89303,-1
89304,-1
89305,-1
89306,-1
89307,-1
89308,-1
89309,-1
89310,-1
89311,-1
89312,3
89313,2
89314,-1
89315,-1
89316,3
89317,2
89318,-1
89319,-1
89320,-1
89321,-1
89322,-1
89323,-1
89324,-1
89325,-1
89326,1
89327,1
89328,2
89329,0
89330,-1
89331,-1
89332,1
89333,0
89334,-1
89335,-1
89336,-1
89337,-1
89338,1
89339,1
89340,-1
89341,-1
89342,-1
89343,-1
89344,-1
89345,-1
89346,1
89347,2
89348,-1
89349,-1
89350,-1
89351,-1
89352,2
89353,0
89354,-1
89355,-1
89356,-1
89357,-1
89358,2
89359,0
89360,1
89361,1
89362,-1
89363,-1
89364,-1
89365,-1
89366,3
89367,2
89368,-1
89369,-1
89370,-1
89371,-1
89372,1
89373,1
89374,-1
89375,-1
89376,-1
89377,-1
89378,-1
89379,-1
89380,-1
89381,-1
89382,2
89383,1
89384,-1
89385,-1
89386,2
89387,0
89388,1
89389,0
89390,-1
89391,-1
89392,-1
89393,-1
89394,2
89395,0
89396,-1
89397,-1
89398,-1
89399,-1
89400,2
89401,0
89402,1
89403,2
89404,-1
89405,-1
89406,-1
89407,-1
89408,-1
89409,-1
89410,1
89411,1
89412,-1
89413,-1
89414,-1
89415,-1
89416,-1
89417,-1
89418,-1
89419,-1
89420,-1
89421,-1
89422,-1
89423,-1
89424,-1
89425,-1
89426,-1
89427,-1
89428,3
89429,1
89430,-1
89431,-1
89432,-1
89433,-1
89434,-1
89435,-1
89436,-1
89437,-1
89438,2
89439,2
89440,-1
89441,-1
89442,-1
89443,-1
89444,-1
89445,-1
89446,-1
89447,-1
89448,-1
89449,-1
89450,-1
89451,-1
89452,-1
89453,-1
89454,3
89455,1
89456,-1
89457,-1
89458,1
89459,2
89460,-1
89461,-1
89462,-1
89463,-1
89464,-1
89465,-1
89466,3
89467,2
89468,-1
89469,-1
89470,2
89471,2
89472,-1
89473,-1
89474,-1
89475,-1
89476,2
89477,0
89478,-1
89479,-1
89480,-1
89481,-1
89482,1
89483,0
89484,-1
89485,-1
89486,1
89487,0
89488,1
89489,1
89490,1
89491,0
89492,-1
89493,-1
89494,-1
89495,-1
89496,-1
89497,-1
89498,1
89499,1
89500,-1
89501,-1
89502,3
89503,0
89504,-1
89505,-1
89506,-1
89507,-1
89508,-1
89509,-1
89510,2
89511,0
89512,1
89513,2
89514,2
89515,0
89516,-1
89517,-1
89518,-1
89519,-1
89520,2
89521,2
89522,-1
89523,-1
89524,-1
89525,-1
89526,-1
89527,-1
89528,-1
89529,-1
89530,-1
89531,-1
89532,3
89533,0
89534,-1
89535,-1
89536,2
89537,0
89538,-1
89539,-1
89540,2
89541,1
89542,2
89543,1
89544,2
89545,2
89546,-1
89547,-1
89548,-1
89549,-1
89550,-1
89551,-1
89552,1
89553,2
89554,3
89555,2
89556,-1
89557,-1
89558,-1
89559,-1
89560,-1
89561,-1
89562,-1
89563,-1
89564,-1
89565,-1
89566,-1
89567,-1
89568,1
89569,0
89570,1
89571,2
89572,-1
89573,-1
89574,-1
89575,-1
89576,-1
89577,-1
89578,-1
89579,-1
89580,-1
89581,-1
89582,-1
89583,-1
89584,-1
89585,-1
89586,-1
89587,-1
89588,-1
89589,-1
89590,2
89591,1
89592,-1
89593,-1
89594,-1
89595,-1
89596,-1
89597,-1
89598,-1
89599,-1
89600,-1
89601,-1
89602,2
89603,2
89604,-1
89605,-1
89606,-1
89607,-1
89608,-1
89609,-1
89610,-1
89611,-1
89612,1
89613,2
89614,2
89615,1
89616,-1
89617,-1
89618,1
89619,1
89620,-1
89621,-1
89622,-1
89623,-1
89624,-1
89625,-1
89626,-1
89627,-1
89628,-1
89629,-1
89630,-1
89631,-1
89632,3
89633,0
89634,2
89635,1
89636,-1
89637,-1
89638,-1
89639,-1
89640,-1
89641,-1
89642,3
89643,2
89644,3
89645,1
89646,2
89647,1
89648,3
89649,0
89650,-1
89651,-1
89652,-1
89653,-1
89654,-1
89655,-1
89656,-1
89657,-1
89658,1
89659,1
89660,1
89661,2
89662,3
89663,1
89664,2
89665,0
89666,1
89667,1
89668,-1
89669,-1
89670,-1
89671,-1
89672,3
89673,1
89674,-1
89675,-1
89676,1
89677,1
89678,-1
89679,-1
89680,-1
89681,-1
89682,2
89683,1
89684,-1
89685,-1
89686,-1
89687,-1
89688,-1
89689,-1
89690,-1
89691,-1
89692,3
89693,0
89694,-1
89695,-1
89696,-1
89697,-1
89698,-1
89699,-1
89700,-1
89701,-1
89702,3
89703,1
89704,-1
89705,-1
89706,-1
89707,-1
89708,-1
89709,-1
89710,3
89711,0
89712,-1
89713,-1
89714,-1
89715,-1
89716,-1
89717,-1
89718,-1
89719,-1
89720,-1
89721,-1
89722,-1
89723,-1
89724,-1
89725,-1
89726,-1
89727,-1
89728,2
89729,0
89730,1
89731,0
89732,-1
89733,-1
89734,-1
89735,-1
89736,-1
89737,-1
89738,-1
89739,-1
89740,-1
89741,-1
89742,-1
89743,-1
89744,-1
89745,-1
89746,-1
89747,-1
89748,-1
89749,-1
89750,-1
89751,-1
89752,2
89753,2
89754,1
89755,0
89756,-1
89757,-1
89758,-1
89759,-1
89760,-1
89761,-1
89762,2
89763,0
89764,-1
89765,-1
89766,-1
89767,-1
89768,-1
89769,-1
89770,3
89771,0
89772,-1
89773,-1
89774,-1
89775,-1
89776,-1
89777,-1
89778,-1
89779,-1
89780,1
89781,2
89782,-1
89783,-1
89784,-1
89785,-1
89786,2
89787,0
89788,1
89789,2
89790,2
89791,1
89792,-1
89793,-1
89794,-1
89795,-1
89796,-1
89797,-1
89798,3
89799,0
89800,1
89801,2
89802,2
89803,2
89804,-1
89805,-1
89806,-1
89807,-1
89808,2
89809,1
89810,-1
89811,-1
89812,-1
89813,-1
89814,-1
89815,-1
89816,2
89817,0
89818,1
89819,0
89820,-1
89821,-1
89822,3
89823,2
89824,-1
89825,-1
89826,-1
89827,-1
89828,-1
89829,-1
89830,2
89831,2
89832,-1
89833,-1
89834,-1
89835,-1
89836,-1
89837,-1
89838,2
89839,0
89840,-1
89841,-1
89842,-1
89843,-1
89844,-1
89845,-1
89846,2
89847,1
89848,-1
89849,-1
89850,-1
89851,-1
89852,2
89853,1
89854,-1
89855,-1
89856,-1
89857,-1
89858,3
89859,1
89860,-1
89861,-1
89862,-1
89863,-1
89864,1
89865,2
89866,-1
89867,-1
89868,-1
89869,-1
89870,-1
89871,-1
89872,-1
89873,-1
89874,-1
89875,-1
89876,-1
89877,-1
89878,-1
89879,-1
89880,-1
89881,-1
89882,2
89883,0
89884,-1
89885,-1
89886,-1
89887,-1
89888,-1
89889,-1
89890,-1
89891,-1
89892,-1
89893,-1
89894,-1
89895,-1
89896,3
89897,2
89898,-1
89899,-1
89900,3
89901,1
89902,3
89903,1
89904,-1
89905,-1
89906,1
89907,0
89908,-1
89909,-1
89910,1
89911,0
89912,-1
89913,-1
89914,-1
89915,-1
89916,-1
89917,-1
89918,1
89919,1
89920,-1
89921,-1
89922,1
89923,1
89924,-1
89925,-1
89926,3
89927,1
89928,1
89929,0
89930,1
89931,2
89932,-1
89933,-1
89934,3
89935,1
89936,-1
89937,-1
89938,-1
89939,-1
89940,1
89941,0
89942,2
89943,0
89944,-1
89945,-1
89946,-1
89947,-1
89948,-1
89949,-1
89950,1
89951,1
89952,-1
89953,-1
89954,2
89955,0
89956,-1
89957,-1
89958,-1
89959,-1
89960,-1
89961,-1
89962,-1
89963,-1
89964,1
89965,0
89966,-1
89967,-1
89968,-1
89969,-1
89970,2
89971,1
89972,-1
89973,-1
89974,3
89975,2
89976,1
89977,0
89978,-1
89979,-1
89980,1
89981,0
89982,-1
89983,-1
89984,-1
89985,-1
89986,1
89987,2
89988,1
89989,0
89990,-1
89991,-1
89992,-1
89993,-1
89994,-1
89995,-1
89996,2
89997,2
89998,1
89999,0
90000,-1
90001,-1
90002,-1
90003,-1
90004,2
90005,1
90006,-1
90007,-1
90008,1
90009,1
90010,-1
90011,-1
90012,1
90013,1
90014,3
90015,0
90016,-1
90017,-1
90018,-1
90019,-1
90020,-1
90021,-1
90022,-1
90023,-1
90024,3
90025,1
90026,2
90027,2
90028,-1
90029,-1
90030,-1
90031,-1
90032,-1
90033,-1
90034,-1
90035,-1
90036,-1
90037,-1
90038,-1
90039,-1
90040,-1
90041,-1
90042,-1
90043,-1
90044,-1
90045,-1
90046,2
90047,1
90048,-1
90049,-1
90050,-1
90051,-1
90052,-1
90053,-1
90054,1
90055,2
90056,-1
90057,-1
90058,2
90059,0
90060,-1
90061,-1
90062,2
90063,2
90064,-1
90065,-1
90066,-1
90067,-1
90068,2
90069,1
90070,-1
90071,-1
90072,-1
90073,-1
90074,-1
90075,-1
90076,-1
90077,-1
90078,-1
90079,-1
90080,2
90081,2
90082,2
90083,2
90084,2
90085,0
90086,2
90087,2
90088,-1
90089,-1
90090,-1
90091,-1
90092,-1
90093,-1
90094,-1
90095,-1
90096,2
90097,2
90098,-1
90099,-1
90100,-1
90101,-1
90102,-1
90103,-1
90104,2
90105,1
90106,1
90107,1
90108,1
90109,1
90110,1
90111,0
90112,-1
90113,-1
90114,-1
90115,-1
90116,-1
90117,-1
90118,-1
90119,-1
90120,-1
90121,-1
90122,1
90123,2
90124,-1
90125,-1
90126,1
90127,1
90128,1
90129,0
90130,-1
90131,-1
90132,2
90133,1
90134,-1
90135,-1
90136,-1
90137,-1
90138,-1
90139,-1
90140,2
90141,2
90142,-1
90143,-1
90144,-1
90145,-1
90146,-1
90147,-1
90148,2
90149,1
90150,-1
90151,-1
90152,-1
90153,-1
90154,-1
90155,-1
90156,-1
90157,-1
90158,2
90159,1
90160,3
90161,1
90162,2
90163,0
90164,-1
90165,-1
90166,2
90167,2
90168,-1
90169,-1
90170,3
90171,2
90172,-1
90173,-1
90174,-1
90175,-1
90176,-1
90177,-1
90178,-1
90179,-1
90180,-1
90181,-1
90182,3
90183,2
90184,-1
90185,-1
90186,1
90187,2
90188,3
90189,0
90190,-1
90191,-1
90192,1
90193,2
90194,3
90195,2
90196,3
90197,0
90198,3
90199,1
90200,-1
90201,-1
90202,-1
90203,-1
90204,-1
90205,-1
90206,2
90207,1
90208,-1
90209,-1
90210,-1
90211,-1
90212,-1
90213,-1
90214,-1
90215,-1
90216,-1
90217,-1
90218,-1
90219,-1
90220,-1
90221,-1
90222,3
90223,2
90224,-1
90225,-1
90226,-1
90227,-1
90228,-1
90229,-1
90230,-1
90231,-1
90232,-1
90233,-1
90234,1
90235,0
90236,-1
90237,-1
90238,-1
90239,-1
90240,2
90241,0
90242,-1
90243,-1
90244,3
90245,1
90246,-1
90247,-1
90248,1
90249,0
90250,-1
90251,-1
90252,3
90253,0
90254,2
90255,0
90256,-1
90257,-1
90258,2
90259,1
90260,-1
90261,-1
90262,-1
90263,-1
90264,-1
90265,-1
90266,-1
90267,-1
90268,-1
90269,-1
90270,1
90271,0
90272,-1
90273,-1
90274,-1
90275,-1
90276,2
90277,2
90278,3
90279,1
90280,-1
90281,-1
90282,-1
90283,-1
90284,-1
90285,-1
90286,1
90287,0
90288,-1
90289,-1
90290,-1
90291,-1
90292,-1
90293,-1
90294,1
90295,2
90296,2
90297,2
90298,-1
90299,-1
90300,1
90301,0
90302,1
90303,0
90304,-1
90305,-1
90306,-1
90307,-1
90308,-1
90309,-1
90310,-1
90311,-1
90312,2
90313,0
90314,-1
90315,-1
90316,-1
90317,-1
90318,-1
90319,-1
90320,-1
90321,-1
90322,1
90323,2
90324,-1
90325,-1
90326,-1
90327,-1
90328,-1
90329,-1
90330,-1
90331,-1
90332,-1
90333,-1
90334,-1
90335,-1
90336,2
90337,1
90338,-1
90339,-1
90340,-1
90341,-1
90342,-1
90343,-1
90344,-1
90345,-1
90346,2
90347,0
90348,-1
90349,-1
90350,-1
90351,-1
90352,-1
90353,-1
90354,3
90355,2
90356,2
90357,2
90358,-1
90359,-1
90360,-1
90361,-1
90362,-1
90363,-1
90364,-1
90365,-1
90366,1
90367,0
90368,-1
90369,-1
90370,-1
90371,-1
90372,1
90373,2
90374,-1
90375,-1
90376,-1
90377,-1
90378,3
90379,0
90380,-1
90381,-1
90382,-1
90383,-1
90384,-1
90385,-1
90386,-1
90387,-1
90388,-1
90389,-1
90390,1
90391,1
90392,-1
90393,-1
90394,-1
90395,-1
90396,1
90397,2
90398,-1
90399,-1
90400,-1
90401,-1
90402,2
90403,0
90404,-1
90405,-1
90406,-1
90407,-1
90408,3
90409,0
90410,-1
90411,-1
90412,1
90413,2
90414,-1
90415,-1
90416,-1
90417,-1
90418,-1
90419,-1
90420,-1
90421,-1
90422,-1
90423,-1
90424,-1
90425,-1
90426,-1
90427,-1
90428,1
90429,0
90430,-1
90431,-1
90432,-1
90433,-1
90434,-1
90435,-1
90436,-1
90437,-1
90438,1
90439,0
90440,-1
90441,-1
90442,1
90443,0
90444,3
90445,0
90446,-1
90447,-1
90448,-1
90449,-1
90450,3
90451,1
90452,-1
90453,-1
90454,-1
90455,-1
90456,-1
90457,-1
90458,1
90459,1
90460,-1
90461,-1
90462,-1
90463,-1
90464,-1
90465,-1
90466,2
90467,1
90468,-1
90469,-1
90470,-1
90471,-1
90472,2
90473,1
90474,-1
90475,-1
90476,-1
90477,-1
90478,-1
90479,-1
90480,-1
90481,-1
90482,1
90483,0
90484,2
90485,2
90486,-1
90487,-1
90488,-1
90489,-1
90490,-1
90491,-1
90492,-1
90493,-1
90494,-1
90495,-1
90496,-1
90497,-1
90498,-1
90499,-1
90500,3
90501,1
90502,3
90503,0
90504,-1
90505,-1
90506,-1
90507,-1
90508,-1
90509,-1
90510,-1
90511,-1
90512,2
90513,0
90514,1
90515,1
90516,-1
90517,-1
90518,1
90519,2
90520,-1
90521,-1
90522,-1
90523,-1
90524,2
90525,1
90526,2
90527,2
90528,-1
90529,-1
90530,2
90531,1
90532,-1
90533,-1
90534,3
90535,0
90536,-1
90537,-1
90538,-1
90539,-1
90540,-1
90541,-1
90542,-1
90543,-1
90544,-1
90545,-1
90546,-1
90547,-1
90548,3
90549,0
90550,-1
90551,-1
90552,2
90553,1
90554,3
90555,2
90556,-1
90557,-1
90558,2
90559,1
90560,-1
90561,-1
90562,-1
90563,-1
90564,-1
90565,-1
90566,-1
90567,-1
90568,-1
90569,-1
90570,1
90571,0
90572,2
90573,1
90574,-1
90575,-1
90576,-1
90577,-1
90578,-1
90579,-1
90580,2
90581,0
90582,-1
90583,-1
90584,-1
90585,-1
90586,-1
90587,-1
90588,-1
90589,-1
90590,-1
90591,-1
90592,-1
90593,-1
90594,-1
90595,-1
90596,-1
90597,-1
90598,-1
90599,-1
90600,1
90601,2
90602,-1
90603,-1
90604,-1
90605,-1
90606,-1
90607,-1
90608,-1
90609,-1
90610,-1
90611,-1
90612,-1
90613,-1
90614,1
90615,0
90616,-1
90617,-1
90618,-1
90619,-1
90620,3
90621,2
90622,-1
90623,-1
90624,-1
90625,-1
90626,-1
90627,-1
90628,-1
90629,-1
90630,2
90631,2
90632,-1
90633,-1
90634,-1
90635,-1
90636,-1
90637,-1
90638,-1
90639,-1
90640,-1
90641,-1
90642,-1
90643,-1
90644,-1
90645,-1
90646,3
90647,0
90648,-1
90649,-1
90650,-1
90651,-1
90652,-1
90653,-1
90654,-1
90655,-1
90656,-1
90657,-1
90658,3
90659,1
90660,-1
90661,-1
90662,-1
90663,-1
90664,-1
90665,-1
90666,3
90667,1
90668,-1
90669,-1
90670,-1
90671,-1
90672,-1
90673,-1
90674,3
90675,2
90676,-1
90677,-1
90678,-1
90679,-1
90680,-1
90681,-1
90682,-1
90683,-1
90684,-1
90685,-1
90686,-1
90687,-1
90688,-1
90689,-1
90690,-1
90691,-1
90692,-1
90693,-1
90694,-1
90695,-1
90696,-1
90697,-1
90698,-1
90699,-1
90700,-1
90701,-1
90702,-1
90703,-1
90704,-1
90705,-1
90706,-1
90707,-1
90708,-1
90709,-1
90710,2
90711,0
90712,2
90713,1
90714,-1
90715,-1
90716,1
90717,1
90718,2
90719,2
90720,2
90721,2
90722,-1
90723,-1
90724,1
90725,0
90726,-1
90727,-1
90728,-1
90729,-1
90730,3
90731,0
90732,-1
90733,-1
90734,2
90735,2
90736,-1
90737,-1
90738,-1
90739,-1
90740,1
90741,1
90742,2
90743,1
90744,-1
90745,-1
90746,-1
90747,-1
90748,1
90749,-1
90750,-1
90751,-1
90752,-1
90753,-1
90754,-1
90755,-1
90756,-1
90757,-1
90758,-1
90759,-1
90760,3
90761,1
90762,1
90763,2
90764,-1
90765,-1
90766,-1
90767,-1
90768,3
90769,0
90770,-1
90771,-1
90772,2
90773,1
90774,2
90775,2
90776,-1
90777,-1
90778,3
90779,0
90780,-1
90781,-1
90782,-1
90783,-1
90784,-1
90785,-1
90786,-1
90787,-1
90788,-1
90789,-1
90790,3
90791,2
90792,1
90793,1
90794,-1
90795,-1
90796,-1
90797,-1
90798,-1
90799,-1
90800,3
90801,0
90802,-1
90803,-1
90804,3
90805,1
90806,-1
90807,-1
90808,-1
90809,-1
90810,-1
90811,-1
90812,2
90813,2
90814,-1
90815,-1
90816,1
90817,1
90818,1
90819,2
90820,-1
90821,-1
90822,1
90823,0
90824,-1
90825,-1
90826,-1
90827,-1
90828,2
90829,1
90830,-1
90831,-1
90832,-1
90833,-1
90834,-1
90835,-1
90836,-1
90837,-1
90838,-1
90839,-1
90840,-1
90841,-1
90842,-1
90843,-1
90844,-1
90845,-1
90846,1
90847,1
90848,2
90849,0
90850,-1
90851,-1
90852,-1
90853,-1
90854,2
90855,2
90856,-1
90857,-1
90858,3
90859,1
90860,-1
90861,-1
90862,-1
90863,-1
90864,3
90865,1
90866,3
90867,2
90868,-1
90869,-1
90870,-1
90871,-1
90872,-1
90873,-1
90874,1
90875,0
90876,1
90877,0
90878,-1
90879,-1
90880,-1
90881,-1
90882,1
90883,1
90884,-1
90885,-1
90886,-1
90887,-1
90888,-1
90889,-1
90890,2
90891,0
90892,-1
90893,-1
90894,-1
90895,-1
90896,-1
90897,-1
90898,-1
90899,-1
90900,-1
90901,-1
90902,1
90903,0
90904,-1
90905,-1
90906,-1
90907,-1
90908,-1
90909,-1
90910,-1
90911,-1
90912,-1
90913,-1
90914,-1
90915,-1
90916,-1
90917,-1
90918,2
90919,2
90920,-1
90921,-1
90922,3
90923,0
90924,-1
90925,-1
90926,-1
90927,-1
90928,-1
90929,-1
90930,2
90931,1
90932,-1
90933,-1
90934,-1
90935,-1
90936,-1
90937,-1
90938,3
90939,2
90940,-1
90941,-1
90942,-1
90943,-1
90944,1
90945,1
90946,-1
90947,-1
90948,-1
90949,-1
90950,-1
90951,-1
90952,-1
90953,-1
90954,2
90955,1
90956,-1
90957,-1
90958,-1
90959,-1
90960,-1
90961,-1
90962,3
90963,1
90964,-1
90965,-1
90966,3
90967,1
90968,3
90969,0
90970,-1
90971,-1
90972,3
90973,2
90974,-1
90975,-1
90976,-1
90977,-1
90978,-1
90979,-1
90980,1
90981,0
90982,-1
90983,-1
90984,2
90985,0
90986,-1
90987,-1
90988,-1
90989,-1
90990,-1
90991,-1
90992,3
90993,1
90994,-1
90995,-1
90996,-1
90997,-1
90998,-1
90999,-1
91000,-1
91001,-1
91002,3
91003,2
91004,-1
91005,-1
91006,-1
91007,-1
91008,-1
91009,-1
91010,-1
91011,-1
91012,2
91013,0
91014,-1
91015,-1
91016,-1
91017,-1
91018,2
91019,0
91020,-1
91021,-1
91022,-1
91023,-1
91024,-1
91025,-1
91026,-1
91027,-1
91028,-1
91029,-1
91030,-1
91031,-1
91032,-1
91033,-1
91034,-1
91035,-1
91036,-1
91037,-1
91038,-1
91039,-1
91040,2
91041,2
91042,-1
91043,-1
91044,-1
91045,-1
91046,-1
91047,-1
91048,-1
91049,-1
91050,3
91051,1
91052,3
91053,2
91054,-1
91055,-1
91056,-1
91057,-1
91058,-1
91059,-1
91060,-1
91061,-1
91062,-1
91063,-1
91064,-1
91065,-1
91066,2
91067,0
91068,-1
91069,-1
91070,-1
91071,-1
91072,-1
91073,-1
91074,-1
91075,-1
91076,2
91077,0
91078,-1
91079,-1
91080,-1
91081,-1
91082,-1
91083,-1
91084,-1
91085,-1
91086,-1
91087,-1
91088,-1
91089,-1
91090,-1
91091,-1
91092,-1
91093,-1
91094,-1
91095,-1
91096,-1
91097,-1
91098,-1
91099,-1
91100,-1
91101,-1
91102,-1
91103,-1
91104,-1
91105,-1
91106,-1
91107,-1
91108,-1
91109,-1
91110,-1
91111,-1
91112,-1
91113,-1
91114,-1
91115,-1
91116,-1
91117,-1
91118,-1
91119,-1
91120,-1
91121,-1
91122,-1
91123,-1
91124,-1
91125,-1
91126,-1
91127,-1
91128,-1
91129,-1
91130,-1
91131,-1
91132,-1
91133,-1
91134,-1
91135,-1
91136,-1
91137,-1
91138,-1
91139,-1
91140,3
91141,2
91142,2
91143,2
91144,-1
91145,-1
91146,3
91147,2
91148,1
91149,1
91150,-1
91151,-1
91152,-1
91153,-1
91154,1
91155,2
91156,-1
91157,-1
91158,3
91159,2
91160,-1
91161,-1
91162,-1
91163,-1
91164,2
91165,1
91166,-1
91167,-1
91168,-1
91169,-1
91170,-1
91171,-1
91172,2
91173,1
91174,-1
91175,-1
91176,-1
91177,-1
91178,-1
91179,-1
91180,1
91181,1
91182,3
91183,1
91184,-1
91185,-1
91186,1
91187,0
91188,-1
91189,-1
91190,-1
91191,-1
91192,3
91193,0
91194,3
91195,2
91196,-1
91197,-1
91198,3
91199,2
91200,-1
91201,-1
91202,-1
91203,-1
91204,-1
91205,-1
91206,2
91207,2
91208,-1
91209,-1
91210,-1
91211,-1
91212,-1
91213,-1
91214,-1
91215,-1
91216,-1
91217,-1
91218,-1
91219,-1
91220,-1
91221,-1
91222,-1
91223,-1
91224,-1
91225,-1
91226,3
91227,2
91228,-1
91229,-1
91230,-1
91231,-1
91232,-1
91233,-1
91234,-1
91235,-1
91236,-1
91237,-1
91238,3
91239,0
91240,1
91241,0
91242,-1
91243,-1
91244,3
91245,2
91246,-1
91247,-1
91248,2
91249,0
91250,-1
91251,-1
91252,1
91253,0
91254,2
91255,1
91256,1
91257,0
91258,-1
91259,-1
91260,-1
91261,-1
91262,3
91263,1
91264,-1
91265,-1
91266,-1
91267,-1
91268,-1
91269,-1
91270,-1
91271,-1
91272,-1
91273,-1
91274,3
91275,2
91276,-1
91277,-1
91278,-1
91279,-1
91280,2
91281,2
91282,-1
91283,-1
91284,-1
91285,-1
91286,-1
91287,-1
91288,1
91289,1
91290,-1
91291,-1
91292,-1
91293,-1
91294,-1
91295,-1
91296,-1
91297,-1
91298,-1
91299,-1
91300,1
91301,0
91302,-1
91303,-1
91304,-1
91305,-1
91306,-1
91307,-1
91308,1
91309,2
91310,-1
91311,-1
91312,-1
91313,-1
91314,-1
91315,-1
91316,-1
91317,-1
91318,-1
91319,-1
91320,-1
91321,-1
91322,-1
91323,-1
91324,-1
91325,-1
91326,-1
91327,-1
91328,2
91329,1
91330,-1
91331,-1
91332,-1
91333,-1
91334,-1
91335,-1
91336,-1
91337,-1
91338,3
91339,1
91340,-1
91341,-1
91342,-1
91343,-1
91344,-1
91345,-1
91346,-1
91347,-1
91348,-1
91349,-1
91350,2
91351,1
91352,-1
91353,-1
91354,-1
91355,-1
91356,-1
91357,-1
91358,3
91359,2
91360,-1
91361,-1
91362,-1
91363,-1
91364,2
91365,2
91366,-1
91367,-1
91368,-1
91369,-1
91370,-1
91371,-1
91372,-1
91373,-1
91374,-1
91375,-1
91376,-1
91377,-1
91378,-1
91379,-1
91380,-1
91381,-1
91382,-1
91383,-1
91384,-1
91385,-1
91386,-1
91387,-1
91388,-1
91389,-1
91390,-1
91391,-1
91392,-1
91393,-1
91394,-1
91395,-1
91396,-1
91397,-1
91398,-1
91399,-1
91400,1
91401,1
91402,-1
91403,-1
91404,1
91405,0
91406,-1
91407,-1
91408,-1
91409,-1
91410,-1
91411,-1
91412,-1
91413,-1
91414,-1
91415,-1
91416,-1
91417,-1
91418,-1
91419,-1
91420,-1
91421,-1
91422,2
91423,2
91424,-1
91425,-1
91426,-1
91427,-1
91428,-1
91429,-1
91430,-1
91431,-1
91432,1
91433,2
91434,-1
91435,-1
91436,-1
91437,-1
91438,3
91439,2
91440,-1
91441,-1
91442,-1
91443,-1
91444,-1
91445,-1
91446,3
91447,1
91448,-1
91449,-1
91450,-1
91451,-1
91452,3
91453,0
91454,-1
91455,-1
91456,3
91457,1
91458,-1
91459,-1
91460,-1
91461,-1
91462,2
91463,2
91464,-1
91465,-1
91466,-1
91467,-1
91468,2
91469,0
91470,-1
91471,-1
91472,-1
91473,-1
91474,-1
91475,-1
91476,-1
91477,-1
91478,-1
91479,-1
91480,-1
91481,-1
91482,-1
91483,-1
91484,-1
91485,-1
91486,-1
91487,-1
91488,-1
91489,-1
91490,2
91491,1
91492,-1
91493,-1
91494,-1
91495,-1
91496,-1
91497,-1
91498,3
91499,0
91500,2
91501,0
91502,3
91503,2
91504,-1
91505,-1
91506,-1
91507,-1
91508,3
91509,1
91510,-1
91511,-1
91512,-1
91513,-1
91514,-1
91515,-1
91516,3
91517,0
91518,-1
91519,-1
91520,-1
91521,-1
91522,-1
91523,-1
91524,-1
91525,-1
91526,3
91527,2
91528,-1
91529,-1
91530,3
91531,2
91532,-1
91533,-1
91534,-1
91535,-1
91536,-1
91537,-1
91538,-1
91539,-1
91540,-1
91541,-1
91542,-1
91543,-1
91544,-1
91545,-1
91546,-1
91547,-1
91548,-1
91549,-1
91550,-1
91551,-1
91552,-1
91553,-1
91554,1
91555,0
91556,-1
91557,-1
91558,-1
91559,-1
91560,-1
91561,-1
91562,-1
91563,-1
91564,3
91565,1
91566,-1
91567,-1
91568,-1
91569,-1
91570,-1
91571,-1
91572,-1
91573,-1
91574,-1
91575,-1
91576,-1
91577,-1
91578,-1
91579,-1
91580,-1
91581,-1
91582,-1
91583,-1
91584,-1
91585,-1
91586,-1
91587,-1
91588,1
91589,2
91590,1
91591,0
91592,-1
91593,-1
91594,-1
91595,-1
91596,-1
91597,-1
91598,-1
91599,-1
91600,-1
91601,-1
91602,-1
91603,-1
91604,-1
91605,-1
91606,-1
91607,-1
91608,2
91609,2
91610,-1
91611,-1
91612,-1
91613,-1
91614,-1
91615,-1
91616,-1
91617,-1
91618,-1
91619,-1
91620,-1
91621,-1
91622,1
91623,2
91624,-1
91625,-1
91626,-1
91627,-1
91628,-1
91629,-1
91630,-1
91631,-1
91632,-1
91633,-1
91634,-1
91635,-1
91636,-1
91637,-1
91638,1
91639,1
91640,3
91641,0
91642,1
91643,2
91644,-1
91645,-1
91646,-1
91647,-1
91648,-1
91649,-1
91650,-1
91651,-1
91652,-1
91653,-1
91654,-1
91655,-1
91656,-1
91657,-1
91658,1
91659,2
91660,-1
91661,-1
91662,-1
91663,-1
91664,-1
91665,-1
91666,-1
91667,-1
91668,2
91669,1
91670,-1
91671,-1
91672,-1
91673,-1
91674,-1
91675,-1
91676,-1
91677,-1
91678,-1
91679,-1
91680,-1
91681,-1
91682,-1
91683,-1
91684,-1
91685,-1
91686,-1
91687,-1
91688,-1
91689,-1
91690,-1
91691,-1
91692,-1
91693,-1
91694,1
91695,0
91696,-1
91697,-1
91698,-1
91699,-1
91700,-1
91701,-1
91702,-1
91703,-1
91704,-1
91705,-1
91706,-1
91707,-1
91708,-1
91709,-1
91710,-1
91711,-1
91712,1
91713,1
91714,-1
91715,-1
91716,-1
91717,-1
91718,-1
91719,-1
91720,-1
91721,-1
91722,-1
91723,-1
91724,-1
91725,-1
91726,-1
91727,-1
91728,-1
91729,-1
91730,1
91731,0
91732,-1
91733,-1
91734,-1
91735,-1
91736,1
91737,2
91738,-1
91739,-1
91740,-1
91741,-1
91742,-1
91743,-1
91744,3
91745,0
91746,-1
91747,-1
91748,-1
91749,-1
91750,-1
91751,-1
91752,-1
91753,-1
91754,-1
91755,-1
91756,2
91757,1
91758,-1
91759,-1
91760,-1
91761,-1
91762,-1
91763,-1
91764,-1
91765,-1
91766,-1
91767,-1
91768,-1
91769,-1
91770,-1
91771,-1
91772,-1
91773,-1
91774,-1
91775,-1
91776,-1
91777,-1
91778,-1
91779,-1
91780,-1
91781,-1
91782,-1
91783,-1
91784,-1
91785,-1
91786,-1
91787,-1
91788,-1
91789,-1
91790,-1
91791,-1
91792,-1
91793,-1
91794,-1
91795,-1
91796,1
91797,1
91798,-1
91799,-1
91800,-1
91801,-1
91802,-1
91803,-1
91804,-1
91805,-1
91806,-1
91807,-1
91808,3
91809,0
91810,-1
91811,-1
91812,-1
91813,-1
91814,-1
91815,-1
91816,-1
91817,-1
91818,-1
91819,-1
91820,2
91821,0
91822,-1
91823,-1
91824,1
91825,1
91826,-1
91827,-1
91828,1
91829,1
91830,-1
91831,-1
91832,-1
91833,-1
91834,-1
91835,-1
91836,3
91837,0
91838,-1
91839,-1
91840,-1
91841,-1
91842,-1
91843,-1
91844,-1
91845,-1
91846,1
91847,0
91848,-1
91849,-1
91850,-1
91851,-1
91852,-1
91853,-1
91854,-1
91855,-1
91856,-1
91857,-1
91858,-1
91859,-1
91860,-1
91861,-1
91862,-1
91863,-1
91864,-1
91865,-1
91866,2
91867,2
91868,-1
91869,-1
91870,-1
91871,-1
91872,-1
91873,-1
91874,-1
91875,-1
91876,-1
91877,-1
91878,-1
91879,-1
91880,-1
91881,-1
91882,-1
91883,-1
91884,3
91885,2
91886,-1
91887,-1
91888,-1
91889,-1
91890,-1
91891,-1
91892,-1
91893,-1
91894,-1
91895,-1
91896,-1
91897,-1
91898,-1
91899,-1
91900,-1
91901,-1
91902,-1
91903,-1
91904,-1
91905,-1
91906,-1
91907,-1
91908,-1
91909,-1
91910,-1
91911,-1
91912,2
91913,1
91914,-1
91915,-1
91916,-1
91917,-1
91918,-1
91919,-1
91920,-1
91921,-1
91922,1
91923,0
91924,-1
91925,-1
91926,-1
91927,-1
91928,-1
91929,-1
91930,-1
91931,-1
91932,1
91933,1
91934,-1
91935,-1
91936,1
91937,-1
91938,-1
91939,-1
91940,-1
91941,-1
91942,-1
91943,-1
91944,1
91945,1
91946,-1
91947,-1
91948,-1
91949,-1
91950,-1
91951,-1
91952,-1
91953,-1
91954,2
91955,0
91956,1
91957,-1
91958,2
91959,0
91960,-1
91961,-1
91962,-1
91963,-1
91964,-1
91965,-1
91966,-1
91967,-1
91968,2
91969,2
91970,-1
91971,-1
91972,-1
91973,-1
91974,1
91975,2
91976,-1
91977,-1
91978,-1
91979,-1
91980,2
91981,1
91982,-1
91983,-1
91984,-1
91985,-1
91986,-1
91987,-1
91988,-1
91989,-1
91990,-1
91991,-1
91992,-1
91993,-1
91994,2
91995,0
91996,-1
91997,-1
91998,-1
91999,-1
92000,-1
92001,-1
92002,3
92003,2
92004,-1
92005,-1
92006,-1
92007,-1
92008,-1
92009,-1
92010,-1
92011,-1
92012,-1
92013,-1
92014,-1
92015,-1
92016,-1
92017,-1
92018,1
92019,1
92020,3
92021,1
92022,-1
92023,-1
92024,2
92025,0
92026,-1
92027,-1
92028,-1
92029,-1
92030,1
92031,0
92032,2
92033,0
92034,3
92035,0
92036,-1
92037,-1
92038,-1
92039,-1
92040,2
92041,1
92042,-1
92043,-1
92044,-1
92045,-1
92046,-1
92047,-1
92048,2
92049,1
92050,-1
92051,-1
92052,-1
92053,-1
92054,3
92055,2
92056,-1
92057,-1
92058,-1
92059,-1
92060,-1
92061,-1
92062,1
92063,2
92064,-1
92065,-1
92066,-1
92067,-1
92068,-1
92069,-1
92070,-1
92071,-1
92072,-1
92073,-1
92074,-1
92075,-1
92076,-1
92077,-1
92078,-1
92079,-1
92080,2
92081,1
92082,-1
92083,-1
92084,-1
92085,-1
92086,-1
92087,-1
92088,-1
92089,-1
92090,-1
92091,-1
92092,-1
92093,-1
92094,-1
92095,-1
92096,-1
92097,-1
92098,-1
92099,-1
92100,-1
92101,-1
92102,-1
92103,-1
92104,-1
92105,-1
92106,-1
92107,-1
92108,1
92109,2
92110,1
92111,2
92112,2
92113,1
92114,-1
92115,-1
92116,-1
92117,-1
92118,-1
92119,-1
92120,-1
92121,-1
92122,-1
92123,-1
92124,-1
92125,-1
92126,1
92127,1
92128,1
92129,2
92130,-1
92131,-1
92132,-1
92133,-1
92134,2
92135,0
92136,-1
92137,-1
92138,-1
92139,-1
92140,2
92141,1
92142,-1
92143,-1
92144,-1
92145,-1
92146,1
92147,1
92148,3
92149,0
92150,-1
92151,-1
92152,2
92153,1
92154,2
92155,1
92156,-1
92157,-1
92158,2
92159,0
92160,3
92161,1
92162,-1
92163,-1
92164,3
92165,2
92166,-1
92167,-1
92168,2
92169,1
92170,-1
92171,-1
92172,-1
92173,-1
92174,-1
92175,-1
92176,-1
92177,-1
92178,-1
92179,-1
92180,-1
92181,-1
92182,-1
92183,-1
92184,1
92185,1
92186,-1
92187,-1
92188,-1
92189,-1
92190,-1
92191,-1
92192,3
92193,2
92194,-1
92195,-1
92196,1
92197,0
92198,2
92199,0
92200,-1
92201,-1
92202,-1
92203,-1
92204,-1
92205,-1
92206,-1
92207,-1
92208,-1
92209,-1
92210,2
92211,1
92212,-1
92213,-1
92214,-1
92215,-1
92216,1
92217,0
92218,-1
92219,-1
92220,-1
92221,-1
92222,-1
92223,-1
92224,-1
92225,-1
92226,-1
92227,-1
92228,-1
92229,-1
92230,-1
92231,-1
92232,1
92233,0
92234,-1
92235,-1
92236,-1
92237,-1
92238,-1
92239,-1
92240,-1
92241,-1
92242,-1
92243,-1
92244,-1
92245,-1
92246,-1
92247,-1
92248,-1
92249,-1
92250,-1
92251,-1
92252,-1
92253,-1
92254,-1
92255,-1
92256,-1
92257,-1
92258,-1
92259,-1
92260,-1
92261,-1
92262,2
92263,1
92264,3
92265,1
92266,1
92267,0
92268,-1
92269,-1
92270,-1
92271,-1
92272,-1
92273,-1
92274,-1
92275,-1
92276,-1
92277,-1
92278,-1
92279,-1
92280,3
92281,2
92282,-1
92283,-1
92284,-1
92285,-1
92286,2
92287,2
92288,3
92289,0
92290,-1
92291,-1
92292,-1
92293,-1
92294,-1
92295,-1
92296,-1
92297,-1
92298,-1
92299,-1
92300,-1
92301,-1
92302,2
92303,1
92304,3
92305,1
92306,1
92307,0
92308,-1
92309,-1
92310,2
92311,1
92312,-1
92313,-1
92314,2
92315,0
92316,-1
92317,-1
92318,-1
92319,-1
92320,-1
92321,-1
92322,-1
92323,-1
92324,-1
92325,-1
92326,-1
92327,-1
92328,-1
92329,-1
92330,-1
92331,-1
92332,-1
92333,-1
92334,-1
92335,-1
92336,-1
92337,-1
92338,-1
92339,-1
92340,-1
92341,-1
92342,-1
92343,-1
92344,-1
92345,-1
92346,-1
92347,-1
92348,-1
92349,-1
92350,-1
92351,-1
92352,-1
92353,-1
92354,-1
92355,-1
92356,3
92357,0
92358,-1
92359,-1
92360,-1
92361,-1
92362,-1
92363,-1
92364,-1
92365,-1
92366,-1
92367,-1
92368,-1
92369,-1
92370,2
92371,2
92372,-1
92373,-1
92374,-1
92375,-1
92376,-1
92377,-1
92378,3
92379,0
92380,-1
92381,-1
92382,-1
92383,-1
92384,-1
92385,-1
92386,-1
92387,-1
92388,2
92389,1
92390,-1
92391,-1
92392,-1
92393,-1
92394,-1
92395,-1
92396,-1
92397,-1
92398,-1
92399,-1
92400,3
92401,1
92402,-1
92403,-1
92404,-1
92405,-1
92406,-1
92407,-1
92408,-1
92409,-1
92410,1
92411,2
92412,-1
92413,-1
92414,-1
92415,-1
92416,1
92417,2
92418,1
92419,2
92420,-1
92421,-1
92422,-1
92423,-1
92424,3
92425,0
92426,-1
92427,-1
92428,-1
92429,-1
92430,-1
92431,-1
92432,1
92433,2
92434,-1
92435,-1
92436,-1
92437,-1
92438,1
92439,1
92440,-1
92441,-1
92442,-1
92443,-1
92444,-1
92445,-1
92446,1
92447,0
92448,1
92449,2
92450,-1
92451,-1
92452,-1
92453,-1
92454,2
92455,0
92456,-1
92457,-1
92458,-1
92459,-1
92460,-1
92461,-1
92462,1
92463,1
92464,2
92465,0
92466,-1
92467,-1
92468,-1
92469,-1
92470,-1
92471,-1
92472,2
92473,1
92474,1
92475,1
92476,-1
92477,-1
92478,-1
92479,-1
92480,-1
92481,-1
92482,-1
92483,-1
92484,-1
92485,-1
92486,2
92487,0
92488,-1
92489,-1
92490,-1
92491,-1
92492,-1
92493,-1
92494,-1
92495,-1
92496,-1
92497,-1
92498,-1
92499,-1
92500,-1
92501,-1
92502,2
92503,0
92504,-1
92505,-1
92506,-1
92507,-1
92508,3
92509,2
92510,-1
92511,-1
92512,-1
92513,-1
92514,-1
92515,-1
92516,-1
92517,-1
92518,1
92519,0
92520,-1
92521,-1
92522,-1
92523,-1
92524,-1
92525,-1
92526,-1
92527,-1
92528,-1
92529,-1
92530,1
92531,2
92532,3
92533,1
92534,2
92535,1
92536,-1
92537,-1
92538,-1
92539,-1
92540,-1
92541,-1
92542,3
92543,2
92544,-1
92545,-1
92546,3
92547,0
92548,-1
92549,-1
92550,-1
92551,-1
92552,-1
92553,-1
92554,-1
92555,-1
92556,-1
92557,-1
92558,1
92559,2
92560,-1
92561,-1
92562,-1
92563,-1
92564,2
92565,1
92566,2
92567,1
92568,2
92569,2
92570,3
92571,1
92572,-1
92573,-1
92574,2
92575,0
92576,-1
92577,-1
92578,3
92579,1
92580,1
92581,1
92582,-1
92583,-1
92584,-1
92585,-1
92586,-1
92587,-1
92588,3
92589,2
92590,1
92591,0
92592,-1
92593,-1
92594,2
92595,1
92596,-1
92597,-1
92598,2
92599,1
92600,-1
92601,-1
92602,-1
92603,-1
92604,-1
92605,-1
92606,1
92607,2
92608,-1
92609,-1
92610,-1
92611,-1
92612,3
92613,2
92614,-1
92615,-1
92616,-1
92617,-1
92618,3
92619,2
92620,-1
92621,-1
92622,2
92623,0
92624,1
92625,0
92626,1
92627,0
92628,-1
92629,-1
92630,-1
92631,-1
92632,1
92633,2
92634,-1
92635,-1
92636,-1
92637,-1
92638,2
92639,2
92640,-1
92641,-1
92642,-1
92643,-1
92644,1
92645,0
92646,-1
92647,-1
92648,3
92649,1
92650,-1
92651,-1
92652,-1
92653,-1
92654,-1
92655,-1
92656,2
92657,1
92658,-1
92659,-1
92660,3
92661,0
92662,2
92663,1
92664,1
92665,2
92666,-1
92667,-1
92668,1
92669,2
92670,-1
92671,-1
92672,-1
92673,-1
92674,1
92675,0
92676,2
92677,1
92678,-1
92679,-1
92680,2
92681,1
92682,-1
92683,-1
92684,-1
92685,-1
92686,-1
92687,-1
92688,1
92689,0
92690,2
92691,2
92692,-1
92693,-1
92694,-1
92695,-1
92696,3
92697,2
92698,-1
92699,-1
92700,-1
92701,-1
92702,-1
92703,-1
92704,-1
92705,-1
92706,1
92707,0
92708,-1
92709,-1
92710,1
92711,1
92712,-1
92713,-1
92714,-1
92715,-1
92716,-1
92717,-1
92718,-1
92719,-1
92720,-1
92721,-1
92722,-1
92723,-1
92724,-1
92725,-1
92726,-1
92727,-1
92728,2
92729,1
92730,-1
92731,-1
92732,-1
92733,-1
92734,-1
92735,-1
92736,2
92737,0
92738,-1
92739,-1
92740,-1
92741,-1
92742,1
92743,1
92744,-1
92745,-1
92746,-1
92747,-1
92748,-1
92749,-1
92750,-1
92751,-1
92752,-1
92753,-1
92754,-1
92755,-1
92756,2
92757,1
92758,1
92759,0
92760,-1
92761,-1
92762,2
92763,2
92764,-1
92765,-1
92766,-1
92767,-1
92768,-1
92769,-1
92770,-1
92771,-1
92772,1
92773,2
92774,-1
92775,-1
92776,-1
92777,-1
92778,-1
92779,-1
92780,-1
92781,-1
92782,3
92783,2
92784,-1
92785,-1
92786,1
92787,0
92788,-1
92789,-1
92790,1
92791,1
92792,3
92793,2
92794,-1
92795,-1
92796,2
92797,0
92798,-1
92799,-1
92800,-1
92801,-1
92802,2
92803,1
92804,-1
92805,-1
92806,-1
92807,-1
92808,3
92809,0
92810,-1
92811,-1
92812,-1
92813,-1
92814,-1
92815,-1
92816,-1
92817,-1
92818,-1
92819,-1
92820,-1
92821,-1
92822,-1
92823,-1
92824,1
92825,-1
92826,2
92827,1
92828,1
92829,0
92830,3
92831,1
92832,2
92833,0
92834,-1
92835,-1
92836,-1
92837,-1
92838,-1
92839,-1
92840,-1
92841,-1
92842,-1
92843,-1
92844,-1
92845,-1
92846,3
92847,0
92848,-1
92849,-1
92850,-1
92851,-1
92852,-1
92853,-1
92854,-1
92855,-1
92856,3
92857,0
92858,-1
92859,-1
92860,-1
92861,-1
92862,2
92863,1
92864,-1
92865,-1
92866,-1
92867,-1
92868,1
92869,1
92870,-1
92871,-1
92872,-1
92873,-1
92874,-1
92875,-1
92876,-1
92877,-1
92878,-1
92879,-1
92880,-1
92881,-1
92882,-1
92883,-1
92884,-1
92885,-1
92886,-1
92887,-1
92888,-1
92889,-1
92890,-1
92891,-1
92892,-1
92893,-1
92894,-1
92895,-1
92896,-1
92897,-1
92898,2
92899,1
92900,2
92901,2
92902,-1
92903,-1
92904,-1
92905,-1
92906,2
92907,2
92908,-1
92909,-1
92910,-1
92911,-1
92912,1
92913,2
92914,-1
92915,-1
92916,-1
92917,-1
92918,2
92919,2
92920,-1
92921,-1
92922,-1
92923,-1
92924,-1
92925,-1
92926,-1
92927,-1
92928,-1
92929,-1
92930,-1
92931,-1
92932,-1
92933,-1
92934,3
92935,0
92936,-1
92937,-1
92938,-1
92939,-1
92940,-1
92941,-1
92942,-1
92943,-1
92944,3
92945,1
92946,-1
92947,-1
92948,-1
92949,-1
92950,2
92951,1
92952,-1
92953,-1
92954,-1
92955,-1
92956,-1
92957,-1
92958,1
92959,2
92960,-1
92961,-1
92962,-1
92963,-1
92964,-1
92965,-1
92966,-1
92967,-1
92968,-1
92969,-1
92970,-1
92971,-1
92972,-1
92973,-1
92974,2
92975,1
92976,1
92977,1
92978,-1
92979,-1
92980,-1
92981,-1
92982,-1
92983,-1
92984,-1
92985,-1
92986,-1
92987,-1
92988,-1
92989,-1
92990,2
92991,1
92992,-1
92993,-1
92994,-1
92995,-1
92996,-1
92997,-1
92998,-1
92999,-1
93000,3
93001,0
93002,-1
93003,-1
93004,-1
93005,-1
93006,-1
93007,-1
93008,2
93009,1
93010,-1
93011,-1
93012,-1
93013,-1
93014,-1
93015,-1
93016,3
93017,1
93018,-1
93019,-1
93020,-1
93021,-1
93022,2
93023,1
93024,-1
93025,-1
93026,-1
93027,-1
93028,1
93029,2
93030,3
93031,2
93032,-1
93033,-1
93034,-1
93035,-1
93036,-1
93037,-1
93038,-1
93039,-1
93040,1
93041,0
93042,-1
93043,-1
93044,3
93045,1
93046,3
93047,1
93048,-1
93049,-1
93050,2
93051,0
93052,-1
93053,-1
93054,-1
93055,-1
93056,-1
93057,-1
93058,-1
93059,-1
93060,3
93061,1
93062,-1
93063,-1
93064,-1
93065,-1
93066,-1
93067,-1
93068,-1
93069,-1
93070,-1
93071,-1
93072,-1
93073,-1
93074,-1
93075,-1
93076,-1
93077,-1
93078,1
93079,-1
93080,-1
93081,-1
93082,-1
93083,-1
93084,3
93085,0
93086,-1
93087,-1
93088,-1
93089,-1
93090,1
93091,1
93092,2
93093,2
93094,2
93095,2
93096,1
93097,1
93098,1
93099,1
93100,-1
93101,-1
93102,3
93103,2
93104,-1
93105,-1
93106,-1
93107,-1
93108,2
93109,1
93110,-1
93111,-1
93112,1
93113,2
93114,-1
93115,-1
93116,-1
93117,-1
93118,-1
93119,-1
93120,-1
93121,-1
93122,-1
93123,-1
93124,-1
93125,-1
93126,-1
93127,-1
93128,-1
93129,-1
93130,-1
93131,-1
93132,-1
93133,-1
93134,1
93135,1
93136,-1
93137,-1
93138,-1
93139,-1
93140,-1
93141,-1
93142,-1
93143,-1
93144,-1
93145,-1
93146,-1
93147,-1
93148,-1
93149,-1
93150,-1
93151,-1
93152,-1
93153,-1
93154,-1
93155,-1
93156,2
93157,1
93158,3
93159,1
93160,-1
93161,-1
93162,-1
93163,-1
93164,-1
93165,-1
93166,-1
93167,-1
93168,3
93169,2
93170,-1
93171,-1
93172,-1
93173,-1
93174,-1
93175,-1
93176,-1
93177,-1
93178,-1
93179,-1
93180,-1
93181,-1
93182,-1
93183,-1
93184,-1
93185,-1
93186,-1
93187,-1
93188,-1
93189,-1
93190,1
93191,1
93192,-1
93193,-1
93194,-1
93195,-1
93196,-1
93197,-1
93198,-1
93199,-1
93200,-1
93201,-1
93202,3
93203,1
93204,-1
93205,-1
93206,-1
93207,-1
93208,-1
93209,-1
93210,-1
93211,-1
93212,3
93213,0
93214,-1
93215,-1
93216,3
93217,1
93218,-1
93219,-1
93220,-1
93221,-1
93222,-1
93223,-1
93224,-1
93225,-1
93226,-1
93227,-1
93228,-1
93229,-1
93230,-1
93231,-1
93232,-1
93233,-1
93234,-1
93235,-1
93236,-1
93237,-1
93238,-1
93239,-1
93240,-1
93241,-1
93242,-1
93243,-1
93244,-1
93245,-1
93246,3
93247,0
93248,-1
93249,-1
93250,-1
93251,-1
93252,3
93253,0
93254,-1
93255,-1
93256,2
93257,2
93258,3
93259,-1
93260,2
93261,-1
93262,-1
93263,-1
93264,-1
93265,-1
93266,2
93267,0
93268,-1
93269,-1
93270,-1
93271,-1
93272,2
93273,1
93274,-1
93275,-1
93276,2
93277,0
93278,-1
93279,-1
93280,3
93281,0
93282,-1
93283,-1
93284,-1
93285,-1
93286,-1
93287,-1
93288,-1
93289,-1
93290,-1
93291,-1
93292,-1
93293,-1
93294,-1
93295,-1
93296,-1
93297,-1
93298,-1
93299,-1
93300,-1
93301,-1
93302,-1
93303,-1
93304,2
93305,0
93306,1
93307,0
93308,-1
93309,-1
93310,-1
93311,-1
93312,3
93313,2
93314,2
93315,0
93316,-1
93317,-1
93318,1
93319,0
93320,-1
93321,-1
93322,2
93323,-1
93324,-1
93325,-1
93326,-1
93327,-1
93328,-1
93329,-1
93330,-1
93331,-1
93332,3
93333,1
93334,1
93335,2
93336,-1
93337,-1
93338,-1
93339,-1
93340,-1
93341,-1
93342,-1
93343,-1
93344,-1
93345,-1
93346,-1
93347,-1
93348,3
93349,-1
93350,1
93351,1
93352,-1
93353,-1
93354,-1
93355,-1
93356,-1
93357,-1
93358,2
93359,0
93360,-1
93361,-1
93362,-1
93363,-1
93364,1
93365,2
93366,2
93367,1
93368,1
93369,0
93370,-1
93371,-1
93372,-1
93373,-1
93374,-1
93375,-1
93376,3
93377,-1
93378,-1
93379,-1
93380,-1
93381,-1
93382,-1
93383,-1
93384,1
93385,1
93386,-1
93387,-1
93388,1
93389,0
93390,-1
93391,-1
93392,-1
93393,-1
93394,-1
93395,-1
93396,-1
93397,-1
93398,-1
93399,-1
93400,-1
93401,-1
93402,-1
93403,-1
93404,-1
93405,-1
93406,-1
93407,-1
93408,-1
93409,-1
93410,-1
93411,-1
93412,1
93413,0
93414,-1
93415,-1
93416,3
93417,-1
93418,-1
93419,-1
93420,-1
93421,-1
93422,-1
93423,-1
93424,-1
93425,-1
93426,-1
93427,-1
93428,-1
93429,-1
93430,-1
93431,-1
93432,3
93433,1
93434,-1
93435,-1
93436,-1
93437,-1
93438,-1
93439,-1
93440,-1
93441,-1
93442,-1
93443,-1
93444,3
93445,2
93446,2
93447,1
93448,-1
93449,-1
93450,-1
93451,-1
93452,-1
93453,-1
93454,2
93455,1
93456,2
93457,1
93458,-1
93459,-1
93460,-1
93461,-1
93462,-1
93463,-1
93464,3
93465,2
93466,3
93467,0
93468,-1
93469,-1
93470,-1
93471,-1
93472,-1
93473,-1
93474,-1
93475,-1
93476,1
93477,0
93478,-1
93479,-1
93480,-1
93481,-1
93482,-1
93483,-1
93484,-1
93485,-1
93486,3
93487,0
93488,-1
93489,-1
93490,-1
93491,-1
93492,1
93493,1
93494,-1
93495,-1
93496,-1
93497,-1
93498,-1
93499,-1
93500,-1
93501,-1
93502,2
93503,2
93504,-1
93505,-1
93506,-1
93507,-1
93508,-1
93509,-1
93510,-1
93511,-1
93512,-1
93513,-1
93514,-1
93515,-1
93516,-1
93517,-1
93518,1
93519,2
93520,2
93521,1
93522,2
93523,0
93524,-1
93525,-1
93526,-1
93527,-1
93528,-1
93529,-1
93530,-1
93531,-1
93532,-1
93533,-1
93534,-1
93535,-1
93536,-1
93537,-1
93538,-1
93539,-1
93540,2
93541,1
93542,-1
93543,-1
93544,-1
93545,-1
93546,-1
93547,-1
93548,-1
93549,-1
93550,-1
93551,-1
93552,-1
93553,-1
93554,-1
93555,-1
93556,-1
93557,-1
93558,-1
93559,-1
93560,-1
93561,-1
93562,-1
93563,-1
93564,-1
93565,-1
93566,2
93567,0
93568,-1
93569,-1
93570,-1
93571,-1
93572,1
93573,0
93574,-1
93575,-1
93576,1
93577,0
93578,-1
93579,-1
93580,1
93581,0
93582,-1
93583,-1
93584,-1
93585,-1
93586,-1
93587,-1
93588,-1
93589,-1
93590,-1
93591,-1
93592,-1
93593,-1
93594,-1
93595,-1
93596,1
93597,1
93598,-1
93599,-1
93600,-1
93601,-1
93602,2
93603,2
93604,1
93605,1
93606,-1
93607,-1
93608,3
93609,2
93610,-1
93611,-1
93612,2
93613,0
93614,1
93615,2
93616,-1
93617,-1
93618,-1
93619,-1
93620,-1
93621,-1
93622,-1
93623,-1
93624,-1
93625,-1
93626,-1
93627,-1
93628,-1
93629,-1
93630,2
93631,2
93632,-1
93633,-1
93634,-1
93635,-1
93636,2
93637,0
93638,-1
93639,-1
93640,-1
93641,-1
93642,2
93643,1
93644,-1
93645,-1
93646,-1
93647,-1
93648,-1
93649,-1
93650,-1
93651,-1
93652,1
93653,0
93654,1
93655,0
93656,2
93657,1
93658,-1
93659,-1
93660,-1
93661,-1
93662,3
93663,1
93664,1
93665,2
93666,-1
93667,-1
93668,-1
93669,-1
93670,1
93671,2
93672,-1
93673,-1
93674,-1
93675,-1
93676,-1
93677,-1
93678,-1
93679,-1
93680,1
93681,0
93682,-1
93683,-1
93684,-1
93685,-1
93686,2
93687,1
93688,-1
93689,-1
93690,-1
93691,-1
93692,-1
93693,-1
93694,2
93695,2
93696,-1
93697,-1
93698,2
93699,1
93700,3
93701,1
93702,-1
93703,-1
93704,-1
93705,-1
93706,-1
93707,-1
93708,-1
93709,-1
93710,-1
93711,-1
93712,-1
93713,-1
93714,-1
93715,-1
93716,-1
93717,-1
93718,-1
93719,-1
93720,-1
93721,-1
93722,-1
93723,-1
93724,-1
93725,-1
93726,-1
93727,-1
93728,-1
93729,-1
93730,-1
93731,-1
93732,3
93733,1
93734,-1
93735,-1
93736,-1
93737,-1
93738,-1
93739,-1
93740,-1
93741,-1
93742,-1
93743,-1
93744,-1
93745,-1
93746,-1
93747,-1
93748,-1
93749,-1
93750,-1
93751,-1
93752,-1
93753,-1
93754,1
93755,1
93756,3
93757,2
93758,2
93759,1
93760,-1
93761,-1
93762,-1
93763,-1
93764,-1
93765,-1
93766,-1
93767,-1
93768,-1
93769,-1
93770,-1
93771,-1
93772,1
93773,2
93774,-1
93775,-1
93776,-1
93777,-1
93778,-1
93779,-1
93780,-1
93781,-1
93782,-1
93783,-1
93784,-1
93785,-1
93786,-1
93787,-1
93788,-1
93789,-1
93790,-1
93791,-1
93792,1
93793,0
93794,-1
93795,-1
93796,1
93797,-1
93798,-1
93799,-1
93800,2
93801,-1
93802,3
93803,2
93804,-1
93805,-1
93806,-1
93807,-1
93808,-1
93809,-1
93810,-1
93811,-1
93812,-1
93813,-1
93814,-1
93815,-1
93816,-1
93817,-1
93818,3
93819,2
93820,1
93821,0
93822,3
93823,1
93824,1
93825,1
93826,-1
93827,-1
93828,-1
93829,-1
93830,-1
93831,-1
93832,1
93833,0
93834,-1
93835,-1
93836,2
93837,1
93838,1
93839,2
93840,-1
93841,-1
93842,-1
93843,-1
93844,-1
93845,-1
93846,1
93847,1
93848,-1
93849,-1
93850,2
93851,1
93852,1
93853,1
93854,3
93855,0
93856,1
93857,0
93858,-1
93859,-1
93860,-1
93861,-1
93862,3
93863,0
93864,-1
93865,-1
93866,-1
93867,-1
93868,2
93869,-1
93870,-1
93871,-1
93872,-1
93873,-1
93874,-1
93875,-1
93876,1
93877,0
93878,3
93879,-1
93880,-1
93881,-1
93882,-1
93883,-1
93884,2
93885,2
93886,-1
93887,-1
93888,-1
93889,-1
93890,-1
93891,-1
93892,-1
93893,-1
93894,-1
93895,-1
93896,-1
93897,-1
93898,-1
93899,-1
93900,-1
93901,-1
93902,-1
93903,-1
93904,-1
93905,-1
93906,-1
93907,-1
93908,-1
93909,-1
93910,-1
93911,-1
93912,-1
93913,-1
93914,1
93915,1
93916,-1
93917,-1
93918,-1
93919,-1
93920,-1
93921,-1
93922,-1
93923,-1
93924,-1
93925,-1
93926,-1
93927,-1
93928,-1
93929,-1
93930,-1
93931,-1
93932,-1
93933,-1
93934,-1
93935,-1
93936,-1
93937,-1
93938,-1
93939,-1
93940,-1
93941,-1
93942,1
93943,0
93944,1
93945,0
93946,-1
93947,-1
93948,-1
93949,-1
93950,-1
93951,-1
93952,-1
93953,-1
93954,-1
93955,-1
93956,-1
93957,-1
93958,-1
93959,-1
93960,-1
93961,-1
93962,-1
93963,-1
93964,-1
93965,-1
93966,-1
93967,-1
93968,-1
93969,-1
93970,-1
93971,-1
93972,-1
93973,-1
93974,-1
93975,-1
93976,-1
93977,-1
93978,-1
93979,-1
93980,-1
93981,-1
93982,1
93983,0
93984,1
93985,2
93986,-1
93987,-1
93988,-1
93989,-1
93990,-1
93991,-1
93992,-1
93993,-1
93994,-1
93995,-1
93996,-1
93997,-1
93998,2
93999,1
94000,3
94001,0
94002,-1
94003,-1
94004,1
94005,0
94006,-1
94007,-1
94008,2
94009,2
94010,2
94011,1
94012,-1
94013,-1
94014,-1
94015,-1
94016,-1
94017,-1
94018,-1
94019,-1
94020,-1
94021,-1
94022,-1
94023,-1
94024,-1
94025,-1
94026,-1
94027,-1
94028,-1
94029,-1
94030,3
94031,0
94032,-1
94033,-1
94034,2
94035,1
94036,-1
94037,-1
94038,1
94039,0
94040,-1
94041,-1
94042,-1
94043,-1
94044,-1
94045,-1
94046,-1
94047,-1
94048,-1
94049,-1
94050,-1
94051,-1
94052,-1
94053,-1
94054,-1
94055,-1
94056,2
94057,1
94058,1
94059,2
94060,2
94061,1
94062,-1
94063,-1
94064,-1
94065,-1
94066,-1
94067,-1
94068,3
94069,0
94070,-1
94071,-1
94072,-1
94073,-1
94074,-1
94075,-1
94076,-1
94077,-1
94078,-1
94079,-1
94080,-1
94081,-1
94082,-1
94083,-1
94084,1
94085,2
94086,-1
94087,-1
94088,-1
94089,-1
94090,-1
94091,-1
94092,-1
94093,-1
94094,-1
94095,-1
94096,-1
94097,-1
94098,-1
94099,-1
94100,-1
94101,-1
94102,-1
94103,-1
94104,-1
94105,-1
94106,-1
94107,-1
94108,-1
94109,-1
94110,-1
94111,-1
94112,-1
94113,-1
94114,-1
94115,-1
94116,-1
94117,-1
94118,3
94119,2
94120,-1
94121,-1
94122,-1
94123,-1
94124,-1
94125,-1
94126,-1
94127,-1
94128,1
94129,2
94130,-1
94131,-1
94132,-1
94133,-1
94134,-1
94135,-1
94136,-1
94137,-1
94138,-1
94139,-1
94140,-1
94141,-1
94142,-1
94143,-1
94144,-1
94145,-1
94146,-1
94147,-1
94148,-1
94149,-1
94150,-1
94151,-1
94152,-1
94153,-1
94154,1
94155,1
94156,-1
94157,-1
94158,-1
94159,-1
94160,-1
94161,-1
94162,-1
94163,-1
94164,-1
94165,-1
94166,-1
94167,-1
94168,3
94169,0
94170,-1
94171,-1
94172,-1
94173,-1
94174,-1
94175,-1
94176,-1
94177,-1
94178,-1
94179,-1
94180,-1
94181,-1
94182,-1
94183,-1
94184,-1
94185,-1
94186,2
94187,1
94188,-1
94189,-1
94190,-1
94191,-1
94192,2
94193,2
94194,-1
94195,-1
94196,-1
94197,-1
94198,-1
94199,-1
94200,-1
94201,-1
94202,-1
94203,-1
94204,3
94205,0
94206,2
94207,-1
94208,-1
94209,-1
94210,3
94211,0
94212,-1
94213,-1
94214,-1
94215,-1
94216,2
94217,0
94218,1
94219,0
94220,-1
94221,-1
94222,1
94223,2
94224,3
94225,2
94226,-1
94227,-1
94228,-1
94229,-1
94230,-1
94231,-1
94232,-1
94233,-1
94234,2
94235,2
94236,-1
94237,-1
94238,1
94239,-1
94240,3
94241,2
94242,1
94243,2
94244,-1
94245,-1
94246,1
94247,1
94248,-1
94249,-1
94250,-1
94251,-1
94252,-1
94253,-1
94254,-1
94255,-1
94256,1
94257,1
94258,-1
94259,-1
94260,-1
94261,-1
94262,-1
94263,-1
94264,-1
94265,-1
94266,1
94267,0
94268,-1
94269,-1
94270,-1
94271,-1
94272,2
94273,1
94274,-1
94275,-1
94276,3
94277,2
94278,-1
94279,-1
94280,-1
94281,-1
94282,-1
94283,-1
94284,3
94285,0
94286,-1
94287,-1
94288,-1
94289,-1
94290,3
94291,1
94292,-1
94293,-1
94294,-1
94295,-1
94296,-1
94297,-1
94298,-1
94299,-1
94300,-1
94301,-1
94302,2
94303,1
94304,2
94305,2
94306,-1
94307,-1
94308,-1
94309,-1
94310,-1
94311,-1
94312,2
94313,2
94314,2
94315,1
94316,-1
94317,-1
94318,3
94319,2
94320,-1
94321,-1
94322,-1
94323,-1
94324,-1
94325,-1
94326,3
94327,2
94328,2
94329,0
94330,-1
94331,-1
94332,-1
94333,-1
94334,-1
94335,-1
94336,-1
94337,-1
94338,2
94339,1
94340,-1
94341,-1
94342,1
94343,1
94344,-1
94345,-1
94346,-1
94347,-1
94348,2
94349,0
94350,-1
94351,-1
94352,-1
94353,-1
94354,-1
94355,-1
94356,-1
94357,-1
94358,-1
94359,-1
94360,-1
94361,-1
94362,-1
94363,-1
94364,-1
94365,-1
94366,2
94367,-1
94368,2
94369,1
94370,2
94371,1
94372,-1
94373,-1
94374,-1
94375,-1
94376,-1
94377,-1
94378,1
94379,1
94380,3
94381,2
94382,-1
94383,-1
94384,3
94385,1
94386,2
94387,1
94388,3
94389,-1
94390,1
94391,-1
94392,-1
94393,-1
94394,3
94395,0
94396,1
94397,1
94398,-1
94399,-1
94400,2
94401,1
94402,1
94403,0
94404,1
94405,0
94406,-1
94407,-1
94408,-1
94409,-1
94410,-1
94411,-1
94412,2
94413,2
94414,-1
94415,-1
94416,-1
94417,-1
94418,-1
94419,-1
94420,1
94421,0
94422,-1
94423,-1
94424,-1
94425,-1
94426,-1
94427,-1
94428,-1
94429,-1
94430,2
94431,2
94432,-1
94433,-1
94434,-1
94435,-1
94436,3
94437,1
94438,1
94439,2
94440,-1
94441,-1
94442,-1
94443,-1
94444,1
94445,-1
94446,-1
94447,-1
94448,-1
94449,-1
94450,3
94451,1
94452,-1
94453,-1
94454,-1
94455,-1
94456,-1
94457,-1
94458,-1
94459,-1
94460,-1
94461,-1
94462,-1
94463,-1
94464,-1
94465,-1
94466,-1
94467,-1
94468,-1
94469,-1
94470,-1
94471,-1
94472,3
94473,2
94474,-1
94475,-1
94476,-1
94477,-1
94478,-1
94479,-1
94480,-1
94481,-1
94482,-1
94483,-1
94484,-1
94485,-1
94486,1
94487,-1
94488,-1
94489,-1
94490,-1
94491,-1
94492,-1
94493,-1
94494,-1
94495,-1
94496,-1
94497,-1
94498,1
94499,-1
94500,-1
94501,-1
94502,-1
94503,-1
94504,-1
94505,-1
94506,1
94507,0
94508,-1
94509,-1
94510,-1
94511,-1
94512,3
94513,2
94514,-1
94515,-1
94516,1
94517,0
94518,3
94519,0
94520,1
94521,1
94522,-1
94523,-1
94524,-1
94525,-1
94526,-1
94527,-1
94528,-1
94529,-1
94530,-1
94531,-1
94532,2
94533,1
94534,-1
94535,-1
94536,3
94537,1
94538,-1
94539,-1
94540,3
94541,0
94542,-1
94543,-1
94544,-1
94545,-1
94546,-1
94547,-1
94548,1
94549,0
94550,-1
94551,-1
94552,2
94553,0
94554,-1
94555,-1
94556,1
94557,-1
94558,-1
94559,-1
94560,-1
94561,-1
94562,-1
94563,-1
94564,-1
94565,-1
94566,3
94567,2
94568,1
94569,0
94570,-1
94571,-1
94572,-1
94573,-1
94574,-1
94575,-1
94576,-1
94577,-1
94578,-1
94579,-1
94580,-1
94581,-1
94582,-1
94583,-1
94584,-1
94585,-1
94586,1
94587,0
94588,1
94589,0
94590,-1
94591,-1
94592,-1
94593,-1
94594,-1
94595,-1
94596,-1
94597,-1
94598,-1
94599,-1
94600,1
94601,1
94602,-1
94603,-1
94604,2
94605,2
94606,-1
94607,-1
94608,-1
94609,-1
94610,-1
94611,-1
94612,-1
94613,-1
94614,-1
94615,-1
94616,-1
94617,-1
94618,1
94619,2
94620,2
94621,0
94622,-1
94623,-1
94624,2
94625,2
94626,-1
94627,-1
94628,-1
94629,-1
94630,-1
94631,-1
94632,-1
94633,-1
94634,-1
94635,-1
94636,-1
94637,-1
94638,-1
94639,-1
94640,-1
94641,-1
94642,-1
94643,-1
94644,-1
94645,-1
94646,-1
94647,-1
94648,1
94649,1
94650,-1
94651,-1
94652,-1
94653,-1
94654,-1
94655,-1
94656,-1
94657,-1
94658,-1
94659,-1
94660,-1
94661,-1
94662,-1
94663,-1
94664,-1
94665,-1
94666,-1
94667,-1
94668,-1
94669,-1
94670,2
94671,1
94672,-1
94673,-1
94674,-1
94675,-1
94676,-1
94677,-1
94678,-1
94679,-1
94680,-1
94681,-1
94682,-1
94683,-1
94684,-1
94685,-1
94686,1
94687,2
94688,1
94689,-1
94690,-1
94691,-1
94692,2
94693,1
94694,-1
94695,-1
94696,-1
94697,-1
94698,-1
94699,-1
94700,3
94701,0
94702,-1
94703,-1
94704,-1
94705,-1
94706,2
94707,1
94708,-1
94709,-1
94710,-1
94711,-1
94712,-1
94713,-1
94714,-1
94715,-1
94716,-1
94717,-1
94718,-1
94719,-1
94720,-1
94721,-1
94722,-1
94723,-1
94724,3
94725,1
94726,1
94727,0
94728,3
94729,2
94730,-1
94731,-1
94732,2
94733,1
94734,-1
94735,-1
94736,-1
94737,-1
94738,-1
94739,-1
94740,-1
94741,-1
94742,2
94743,0
94744,-1
94745,-1
94746,-1
94747,-1
94748,-1
94749,-1
94750,-1
94751,-1
94752,2
94753,1
94754,-1
94755,-1
94756,-1
94757,-1
94758,-1
94759,-1
94760,-1
94761,-1
94762,1
94763,-1
94764,2
94765,0
94766,-1
94767,-1
94768,-1
94769,-1
94770,-1
94771,-1
94772,-1
94773,-1
94774,-1
94775,-1
94776,-1
94777,-1
94778,2
94779,0
94780,-1
94781,-1
94782,-1
94783,-1
94784,-1
94785,-1
94786,-1
94787,-1
94788,-1
94789,-1
94790,-1
94791,-1
94792,-1
94793,-1
94794,-1
94795,-1
94796,-1
94797,-1
94798,-1
94799,-1
94800,1
94801,2
94802,-1
94803,-1
94804,1
94805,-1
94806,3
94807,2
94808,1
94809,1
94810,2
94811,0
94812,-1
94813,-1
94814,-1
94815,-1
94816,-1
94817,-1
94818,-1
94819,-1
94820,-1
94821,-1
94822,2
94823,1
94824,-1
94825,-1
94826,-1
94827,-1
94828,-1
94829,-1
94830,2
94831,0
94832,-1
94833,-1
94834,-1
94835,-1
94836,1
94837,0
94838,-1
94839,-1
94840,-1
94841,-1
94842,-1
94843,-1
94844,-1
94845,-1
94846,-1
94847,-1
94848,-1
94849,-1
94850,-1
94851,-1
94852,-1
94853,-1
94854,2
94855,2
94856,-1
94857,-1
94858,-1
94859,-1
94860,-1
94861,-1
94862,1
94863,2
94864,-1
94865,-1
94866,2
94867,1
94868,-1
94869,-1
94870,-1
94871,-1
94872,1
94873,2
94874,3
94875,-1
94876,-1
94877,-1
94878,-1
94879,-1
94880,3
94881,-1
94882,-1
94883,-1
94884,-1
94885,-1
94886,3
94887,2
94888,3
94889,2
94890,1
94891,0
94892,-1
94893,-1
94894,3
94895,2
94896,-1
94897,-1
94898,-1
94899,-1
94900,-1
94901,-1
94902,-1
94903,-1
94904,-1
94905,-1
94906,1
94907,-1
94908,-1
94909,-1
94910,-1
94911,-1
94912,-1
94913,-1
94914,-1
94915,-1
94916,-1
94917,-1
94918,-1
94919,-1
94920,-1
94921,-1
94922,-1
94923,-1
94924,1
94925,2
94926,1
94927,-1
94928,-1
94929,-1
94930,-1
94931,-1
94932,-1
94933,-1
94934,-1
94935,-1
94936,-1
94937,-1
94938,2
94939,0
94940,-1
94941,-1
94942,-1
94943,-1
94944,3
94945,0
94946,-1
94947,-1
94948,-1
94949,-1
94950,-1
94951,-1
94952,-1
94953,-1
94954,-1
94955,-1
94956,-1
94957,-1
94958,-1
94959,-1
94960,-1
94961,-1
94962,-1
94963,-1
94964,-1
94965,-1
94966,-1
94967,-1
94968,-1
94969,-1
94970,-1
94971,-1
94972,2
94973,2
94974,-1
94975,-1
94976,-1
94977,-1
94978,1
94979,0
94980,-1
94981,-1
94982,-1
94983,-1
94984,-1
94985,-1
94986,-1
94987,-1
94988,-1
94989,-1
94990,-1
94991,-1
94992,-1
94993,-1
94994,2
94995,1
94996,-1
94997,-1
94998,2
94999,0
95000,-1
95001,-1
95002,-1
95003,-1
95004,-1
95005,-1
95006,3
95007,2
95008,-1
95009,-1
95010,-1
95011,-1
95012,-1
95013,-1
95014,2
95015,1
95016,-1
95017,-1
95018,-1
95019,-1
95020,-1
95021,-1
95022,-1
95023,-1
95024,-1
95025,-1
95026,-1
95027,-1
95028,3
95029,-1
95030,-1
95031,-1
95032,1
95033,2
95034,-1
95035,-1
95036,-1
95037,-1
95038,-1
95039,-1
95040,-1
95041,-1
95042,-1
95043,-1
95044,-1
95045,-1
95046,-1
95047,-1
95048,-1
95049,-1
95050,3
95051,-1
95052,-1
95053,-1
95054,2
95055,2
95056,-1
95057,-1
95058,-1
95059,-1
95060,3
95061,2
95062,-1
95063,-1
95064,2
95065,-1
95066,3
95067,1
95068,-1
95069,-1
95070,-1
95071,-1
95072,-1
95073,-1
95074,3
95075,1
95076,-1
95077,-1
95078,-1
95079,-1
95080,2
95081,1
95082,1
95083,2
95084,-1
95085,-1
95086,-1
95087,-1
95088,-1
95089,-1
95090,-1
95091,-1
95092,-1
95093,-1
95094,-1
95095,-1
95096,-1
95097,-1
95098,-1
95099,-1
95100,-1
95101,-1
95102,-1
95103,-1
95104,1
95105,0
95106,-1
95107,-1
95108,1
95109,0
95110,-1
95111,-1
95112,-1
95113,-1
95114,-1
95115,-1
95116,1
95117,1
95118,1
95119,0
95120,1
95121,-1
95122,2
95123,2
95124,-1
95125,-1
95126,1
95127,-1
95128,1
95129,1
95130,-1
95131,-1
95132,3
95133,0
95134,-1
95135,-1
95136,-1
95137,-1
95138,-1
95139,-1
95140,-1
95141,-1
95142,-1
95143,-1
95144,-1
95145,-1
95146,-1
95147,-1
95148,2
95149,2
95150,3
95151,1
95152,1
95153,2
95154,-1
95155,-1
95156,-1
95157,-1
95158,-1
95159,-1
95160,-1
95161,-1
95162,-1
95163,-1
95164,-1
95165,-1
95166,-1
95167,-1
95168,-1
95169,-1
95170,-1
95171,-1
95172,1
95173,2
95174,-1
95175,-1
95176,-1
95177,-1
95178,2
95179,1
95180,-1
95181,-1
95182,-1
95183,-1
95184,-1
95185,-1
95186,1
95187,2
95188,-1
95189,-1
95190,1
95191,-1
95192,-1
95193,-1
95194,-1
95195,-1
95196,-1
95197,-1
95198,3
95199,2
95200,1
95201,0
95202,-1
95203,-1
95204,-1
95205,-1
95206,-1
95207,-1
95208,-1
95209,-1
95210,2
95211,1
95212,-1
95213,-1
95214,-1
95215,-1
95216,-1
95217,-1
95218,1
95219,1
95220,1
95221,0
95222,-1
95223,-1
95224,1
95225,1
95226,2
95227,0
95228,-1
95229,-1
95230,-1
95231,-1
95232,-1
95233,-1
95234,3
95235,2
95236,-1
95237,-1
95238,-1
95239,-1
95240,2
95241,-1
95242,-1
95243,-1
95244,-1
95245,-1
95246,-1
95247,-1
95248,-1
95249,-1
95250,-1
95251,-1
95252,-1
95253,-1
95254,3
95255,1
95256,-1
95257,-1
95258,2
95259,1
95260,-1
95261,-1
95262,-1
95263,-1
95264,-1
95265,-1
95266,-1
95267,-1
95268,-1
95269,-1
95270,-1
95271,-1
95272,-1
95273,-1
95274,-1
95275,-1
95276,2
95277,-1
95278,-1
95279,-1
95280,-1
95281,-1
95282,-1
95283,-1
95284,-1
95285,-1
95286,-1
95287,-1
95288,2
95289,2
95290,-1
95291,-1
95292,-1
95293,-1
95294,-1
95295,-1
95296,1
95297,2
95298,2
95299,2
95300,3
95301,1
95302,-1
95303,-1
95304,-1
95305,-1
95306,-1
95307,-1
95308,-1
95309,-1
95310,-1
95311,-1
95312,-1
95313,-1
95314,-1
95315,-1
95316,-1
95317,-1
95318,-1
95319,-1
95320,-1
95321,-1
95322,-1
95323,-1
95324,1
95325,2
95326,-1
95327,-1
95328,-1
95329,-1
95330,-1
95331,-1
95332,-1
95333,-1
95334,-1
95335,-1
95336,-1
95337,-1
95338,2
95339,1
95340,-1
95341,-1
95342,-1
95343,-1
95344,1
95345,1
95346,-1
95347,-1
95348,-1
95349,-1
95350,-1
95351,-1
95352,2
95353,-1
95354,-1
95355,-1
95356,1
95357,-1
95358,-1
95359,-1
95360,-1
95361,-1
95362,-1
95363,-1
95364,-1
95365,-1
95366,-1
95367,-1
95368,2
95369,0
95370,3
95371,1
95372,1
95373,1
95374,-1
95375,-1
95376,3
95377,1
95378,-1
95379,-1
95380,-1
95381,-1
95382,2
95383,1
95384,-1
95385,-1
95386,-1
95387,-1
95388,-1
95389,-1
95390,-1
95391,-1
95392,-1
95393,-1
95394,-1
95395,-1
95396,-1
95397,-1
95398,-1
95399,-1
95400,-1
95401,-1
95402,-1
95403,-1
95404,1
95405,0
95406,3
95407,-1
95408,-1
95409,-1
95410,-1
95411,-1
95412,-1
95413,-1
95414,-1
95415,-1
95416,1
95417,0
95418,3
95419,2
95420,1
95421,0
95422,-1
95423,-1
95424,1
95425,0
95426,-1
95427,-1
95428,-1
95429,-1
95430,-1
95431,-1
95432,-1
95433,-1
95434,-1
95435,-1
95436,1
95437,2
95438,-1
95439,-1
95440,-1
95441,-1
95442,-1
95443,-1
95444,-1
95445,-1
95446,-1
95447,-1
95448,1
95449,1
95450,-1
95451,-1
95452,2
95453,2
95454,-1
95455,-1
95456,3
95457,2
95458,-1
95459,-1
95460,-1
95461,-1
95462,3
95463,0
95464,3
95465,2
95466,1
95467,2
95468,1
95469,0
95470,-1
95471,-1
95472,-1
95473,-1
95474,3
95475,-1
95476,-1
95477,-1
95478,-1
95479,-1
95480,-1
95481,-1
95482,2
95483,2
95484,-1
95485,-1
95486,-1
95487,-1
95488,-1
95489,-1
95490,-1
95491,-1
95492,1
95493,2
95494,-1
95495,-1
95496,-1
95497,-1
95498,-1
95499,-1
95500,-1
95501,-1
95502,-1
95503,-1
95504,-1
95505,-1
95506,-1
95507,-1
95508,-1
95509,-1
95510,1
95511,1
95512,-1
95513,-1
95514,1
95515,0
95516,-1
95517,-1
95518,1
95519,1
95520,-1
95521,-1
95522,-1
95523,-1
95524,2
95525,1
95526,-1
95527,-1
95528,-1
95529,-1
95530,-1
95531,-1
95532,-1
95533,-1
95534,3
95535,2
95536,3
95537,0
95538,2
95539,0
95540,-1
95541,-1
95542,-1
95543,-1
95544,2
95545,2
95546,1
95547,0
95548,-1
95549,-1
95550,-1
95551,-1
95552,2
95553,0
95554,-1
95555,-1
95556,2
95557,1
95558,-1
95559,-1
95560,-1
95561,-1
95562,-1
95563,-1
95564,2
95565,1
95566,-1
95567,-1
95568,3
95569,1
95570,-1
95571,-1
95572,-1
95573,-1
95574,-1
95575,-1
95576,3
95577,-1
95578,-1
95579,-1
95580,2
95581,0
95582,-1
95583,-1
95584,-1
95585,-1
95586,3
95587,2
95588,-1
95589,-1
95590,-1
95591,-1
95592,-1
95593,-1
95594,2
95595,-1
95596,-1
95597,-1
95598,1
95599,2
95600,-1
95601,-1
95602,-1
95603,-1
95604,-1
95605,-1
95606,-1
95607,-1
95608,-1
95609,-1
95610,1
95611,2
95612,2
95613,-1
95614,1
95615,1
95616,-1
95617,-1
95618,-1
95619,-1
95620,1
95621,1
95622,3
95623,2
95624,1
95625,0
95626,1
95627,2
95628,-1
95629,-1
95630,1
95631,0
95632,-1
95633,-1
95634,2
95635,0
95636,3
95637,2
95638,3
95639,1
95640,-1
95641,-1
95642,-1
95643,-1
95644,-1
95645,-1
95646,-1
95647,-1
95648,1
95649,1
95650,-1
95651,-1
95652,1
95653,1
95654,3
95655,2
95656,-1
95657,-1
95658,-1
95659,-1
95660,3
95661,-1
95662,-1
95663,-1
95664,-1
95665,-1
95666,3
95667,2
95668,-1
95669,-1
95670,-1
95671,-1
95672,-1
95673,-1
95674,-1
95675,-1
95676,-1
95677,-1
95678,-1
95679,-1
95680,-1
95681,-1
95682,-1
95683,-1
95684,3
95685,2
95686,-1
95687,-1
95688,-1
95689,-1
95690,3
95691,0
95692,-1
95693,-1
95694,-1
95695,-1
95696,3
95697,2
95698,-1
95699,-1
95700,-1
95701,-1
95702,1
95703,2
95704,-1
95705,-1
95706,-1
95707,-1
95708,-1
95709,-1
95710,2
95711,0
95712,-1
95713,-1
95714,-1
95715,-1
95716,1
95717,-1
95718,-1
95719,-1
95720,-1
95721,-1
95722,2
95723,0
95724,1
95725,-1
95726,3
95727,2
95728,-1
95729,-1
95730,-1
95731,-1
95732,3
95733,0
95734,-1
95735,-1
95736,3
95737,1
95738,-1
95739,-1
95740,-1
95741,-1
95742,3
95743,2
95744,-1
95745,-1
95746,-1
95747,-1
95748,-1
95749,-1
95750,-1
95751,-1
95752,-1
95753,-1
95754,-1
95755,-1
95756,-1
95757,-1
95758,-1
95759,-1
95760,-1
95761,-1
95762,-1
95763,-1
95764,-1
95765,-1
95766,3
95767,0
95768,-1
95769,-1
95770,-1
95771,-1
95772,-1
95773,-1
95774,-1
95775,-1
95776,-1
95777,-1
95778,-1
95779,-1
95780,2
95781,-1
95782,1
95783,0
95784,-1
95785,-1
95786,-1
95787,-1
95788,1
95789,2
95790,-1
95791,-1
95792,2
95793,2
95794,2
95795,1
95796,-1
95797,-1
95798,1
95799,1
95800,2
95801,0
95802,-1
95803,-1
95804,-1
95805,-1
95806,-1
95807,-1
95808,-1
95809,-1
95810,-1
95811,-1
95812,-1
95813,-1
95814,-1
95815,-1
95816,3
95817,1
95818,1
95819,-1
95820,-1
95821,-1
95822,-1
95823,-1
95824,-1
95825,-1
95826,-1
95827,-1
95828,-1
95829,-1
95830,-1
95831,-1
95832,-1
95833,-1
95834,3
95835,2
95836,1
95837,2
95838,-1
95839,-1
95840,3
95841,2
95842,-1
95843,-1
95844,-1
95845,-1
95846,3
95847,-1
95848,2
95849,2
95850,-1
95851,-1
95852,-1
95853,-1
95854,1
95855,1
95856,-1
95857,-1
95858,-1
95859,-1
95860,2
95861,-1
95862,-1
95863,-1
95864,-1
95865,-1
95866,-1
95867,-1
95868,-1
95869,-1
95870,2
95871,2
95872,-1
95873,-1
95874,-1
95875,-1
95876,-1
95877,-1
95878,-1
95879,-1
95880,-1
95881,-1
95882,2
95883,2
95884,3
95885,2
95886,-1
95887,-1
95888,2
95889,2
95890,-1
95891,-1
95892,-1
95893,-1
95894,-1
95895,-1
95896,2
95897,1
95898,-1
95899,-1
95900,-1
95901,-1
95902,-1
95903,-1
95904,-1
95905,-1
95906,-1
95907,-1
95908,-1
95909,-1
95910,-1
95911,-1
95912,-1
95913,-1
95914,1
95915,1
95916,3
95917,2
95918,-1
95919,-1
95920,1
95921,2
95922,-1
95923,-1
95924,-1
95925,-1
95926,-1
95927,-1
95928,-1
95929,-1
95930,-1
95931,-1
95932,-1
95933,-1
95934,-1
95935,-1
95936,-1
95937,-1
95938,-1
95939,-1
95940,1
95941,-1
95942,-1
95943,-1
95944,-1
95945,-1
95946,-1
95947,-1
95948,3
95949,-1
95950,1
95951,-1
95952,-1
95953,-1
95954,-1
95955,-1
95956,1
95957,2
95958,-1
95959,-1
95960,2
95961,1
95962,-1
95963,-1
95964,1
95965,1
95966,-1
95967,-1
95968,2
95969,1
95970,-1
95971,-1
95972,-1
95973,-1
95974,-1
95975,-1
95976,-1
95977,-1
95978,-1
95979,-1
95980,3
95981,0
95982,-1
95983,-1
95984,-1
95985,-1
95986,-1
95987,-1
95988,-1
95989,-1
95990,-1
95991,-1
95992,-1
95993,-1
95994,-1
95995,-1
95996,-1
95997,-1
95998,-1
95999,-1
96000,-1
96001,-1
96002,3
96003,0
96004,-1
96005,-1
96006,2
96007,-1
96008,-1
96009,-1
96010,-1
96011,-1
96012,-1
96013,-1
96014,-1
96015,-1
96016,-1
96017,-1
96018,-1
96019,-1
96020,-1
96021,-1
96022,2
96023,1
96024,-1
96025,-1
96026,-1
96027,-1
96028,-1
96029,-1
96030,3
96031,-1
96032,-1
96033,-1
96034,-1
96035,-1
96036,-1
96037,-1
96038,2
96039,0
96040,-1
96041,-1
96042,1
96043,1
96044,-1
96045,-1
96046,-1
96047,-1
96048,-1
96049,-1
96050,-1
96051,-1
96052,-1
96053,-1
96054,1
96055,0
96056,-1
96057,-1
96058,-1
96059,-1
96060,-1
96061,-1
96062,-1
96063,-1
96064,-1
96065,-1
96066,-1
96067,-1
96068,-1
96069,-1
96070,1
96071,1
96072,-1
96073,-1
96074,-1
96075,-1
96076,2
96077,1
96078,2
96079,0
96080,1
96081,0
96082,-1
96083,-1
96084,-1
96085,-1
96086,-1
96087,-1
96088,-1
96089,-1
96090,3
96091,2
96092,-1
96093,-1
96094,1
96095,0
96096,1
96097,-1
96098,-1
96099,-1
96100,-1
96101,-1
96102,2
96103,1
96104,-1
96105,-1
96106,-1
96107,-1
96108,-1
96109,-1
96110,-1
96111,-1
96112,2
96113,-1
96114,-1
96115,-1
96116,2
96117,0
96118,2
96119,2
96120,-1
96121,-1
96122,-1
96123,-1
96124,-1
96125,-1
96126,-1
96127,-1
96128,-1
96129,-1
96130,1
96131,0
96132,-1
96133,-1
96134,-1
96135,-1
96136,3
96137,1
96138,-1
96139,-1
96140,-1
96141,-1
96142,-1
96143,-1
96144,1
96145,1
96146,3
96147,1
96148,-1
96149,-1
96150,-1
96151,-1
96152,-1
96153,-1
96154,-1
96155,-1
96156,-1
96157,-1
96158,-1
96159,-1
96160,-1
96161,-1
96162,-1
96163,-1
96164,-1
96165,-1
96166,-1
96167,-1
96168,2
96169,1
96170,-1
96171,-1
96172,-1
96173,-1
96174,-1
96175,-1
96176,-1
96177,-1
96178,-1
96179,-1
96180,2
96181,2
96182,-1
96183,-1
96184,-1
96185,-1
96186,-1
96187,-1
96188,-1
96189,-1
96190,-1
96191,-1
96192,-1
96193,-1
96194,-1
96195,-1
96196,3
96197,0
96198,-1
96199,-1
96200,-1
96201,-1
96202,-1
96203,-1
96204,-1
96205,-1
96206,2
96207,1
96208,-1
96209,-1
96210,1
96211,1
96212,-1
96213,-1
96214,-1
96215,-1
96216,-1
96217,-1
96218,-1
96219,-1
96220,-1
96221,-1
96222,1
96223,1
96224,-1
96225,-1
96226,-1
96227,-1
96228,-1
96229,-1
96230,-1
96231,-1
96232,3
96233,2
96234,-1
96235,-1
96236,-1
96237,-1
96238,2
96239,2
96240,2
96241,-1
96242,-1
96243,-1
96244,-1
96245,-1
96246,-1
96247,-1
96248,-1
96249,-1
96250,-1
96251,-1
96252,-1
96253,-1
96254,-1
96255,-1
96256,-1
96257,-1
96258,-1
96259,-1
96260,2
96261,0
96262,-1
96263,-1
96264,-1
96265,-1
96266,-1
96267,-1
96268,-1
96269,-1
96270,-1
96271,-1
96272,1
96273,2
96274,-1
96275,-1
96276,3
96277,-1
96278,-1
96279,-1
96280,2
96281,0
96282,-1
96283,-1
96284,-1
96285,-1
96286,-1
96287,-1
96288,-1
96289,-1
96290,-1
96291,-1
96292,-1
96293,-1
96294,-1
96295,-1
96296,-1
96297,-1
96298,-1
96299,-1
96300,1
96301,2
96302,-1
96303,-1
96304,-1
96305,-1
96306,-1
96307,-1
96308,3
96309,-1
96310,2
96311,-1
96312,-1
96313,-1
96314,3
96315,-1
96316,-1
96317,-1
96318,-1
96319,-1
96320,-1
96321,-1
96322,-1
96323,-1
96324,-1
96325,-1
96326,-1
96327,-1
96328,-1
96329,-1
96330,-1
96331,-1
96332,1
96333,0
96334,-1
96335,-1
96336,-1
96337,-1
96338,3
96339,2
96340,-1
96341,-1
96342,-1
96343,-1
96344,-1
96345,-1
96346,-1
96347,-1
96348,-1
96349,-1
96350,2
96351,2
96352,3
96353,0
96354,2
96355,0
96356,-1
96357,-1
96358,-1
96359,-1
96360,1
96361,0
96362,-1
96363,-1
96364,-1
96365,-1
96366,-1
96367,-1
96368,-1
96369,-1
96370,1
96371,0
96372,1
96373,1
96374,-1
96375,-1
96376,1
96377,-1
96378,-1
96379,-1
96380,1
96381,2
96382,-1
96383,-1
96384,-1
96385,-1
96386,-1
96387,-1
96388,-1
96389,-1
96390,-1
96391,-1
96392,-1
96393,-1
96394,-1
96395,-1
96396,-1
96397,-1
96398,2
96399,1
96400,2
96401,-1
96402,-1
96403,-1
96404,-1
96405,-1
96406,-1
96407,-1
96408,-1
96409,-1
96410,-1
96411,-1
96412,-1
96413,-1
96414,-1
96415,-1
96416,-1
96417,-1
96418,-1
96419,-1
96420,-1
96421,-1
96422,-1
96423,-1
96424,-1
96425,-1
96426,-1
96427,-1
96428,-1
96429,-1
96430,-1
96431,-1
96432,-1
96433,-1
96434,-1
96435,-1
96436,-1
96437,-1
96438,-1
96439,-1
96440,-1
96441,-1
96442,-1
96443,-1
96444,-1
96445,-1
96446,-1
96447,-1
96448,-1
96449,-1
96450,-1
96451,-1
96452,3
96453,1
96454,-1
96455,-1
96456,2
96457,1
96458,-1
96459,-1
96460,-1
96461,-1
96462,-1
96463,-1
96464,-1
96465,-1
96466,-1
96467,-1
96468,-1
96469,-1
96470,-1
96471,-1
96472,-1
96473,-1
96474,-1
96475,-1
96476,-1
96477,-1
96478,-1
96479,-1
96480,-1
96481,-1
96482,3
96483,2
96484,-1
96485,-1
96486,-1
96487,-1
96488,1
96489,-1
96490,-1
96491,-1
96492,1
96493,2
96494,-1
96495,-1
96496,1
96497,1
96498,-1
96499,-1
96500,-1
96501,-1
96502,3
96503,2
96504,1
96505,2
96506,-1
96507,-1
96508,-1
96509,-1
96510,-1
96511,-1
96512,-1
96513,-1
96514,-1
96515,-1
96516,-1
96517,-1
96518,-1
96519,-1
96520,-1
96521,-1
96522,-1
96523,-1
96524,-1
96525,-1
96526,-1
96527,-1
96528,-1
96529,-1
96530,-1
96531,-1
96532,-1
96533,-1
96534,-1
96535,-1
96536,-1
96537,-1
96538,-1
96539,-1
96540,2
96541,1
96542,2
96543,-1
96544,-1
96545,-1
96546,-1
96547,-1
96548,-1
96549,-1
96550,-1
96551,-1
96552,-1
96553,-1
96554,-1
96555,-1
96556,2
96557,2
96558,-1
96559,-1
96560,-1
96561,-1
96562,-1
96563,-1
96564,3
96565,2
96566,2
96567,1
96568,-1
96569,-1
96570,3
96571,2
96572,-1
96573,-1
96574,-1
96575,-1
96576,-1
96577,-1
96578,3
96579,2
96580,-1
96581,-1
96582,-1
96583,-1
96584,-1
96585,-1
96586,1
96587,0
96588,1
96589,-1
96590,-1
96591,-1
96592,-1
96593,-1
96594,-1
96595,-1
96596,-1
96597,-1
96598,-1
96599,-1
96600,1
96601,-1
96602,-1
96603,-1
96604,-1
96605,-1
96606,1
96607,0
96608,-1
96609,-1
96610,3
96611,2
96612,-1
96613,-1
96614,1
96615,0
96616,3
96617,1
96618,-1
96619,-1
96620,1
96621,1
96622,-1
96623,-1
96624,-1
96625,-1
96626,-1
96627,-1
96628,-1
96629,-1
96630,-1
96631,-1
96632,2
96633,-1
96634,-1
96635,-1
96636,-1
96637,-1
96638,-1
96639,-1
96640,-1
96641,-1
96642,-1
96643,-1
96644,-1
96645,-1
96646,-1
96647,-1
96648,3
96649,-1
96650,-1
96651,-1
96652,-1
96653,-1
96654,-1
96655,-1
96656,-1
96657,-1
96658,-1
96659,-1
96660,-1
96661,-1
96662,-1
96663,-1
96664,1
96665,0
96666,-1
96667,-1
96668,3
96669,2
96670,1
96671,-1
96672,-1
96673,-1
96674,2
96675,1
96676,-1
96677,-1
96678,1
96679,1
96680,-1
96681,-1
96682,-1
96683,-1
96684,3
96685,2
96686,-1
96687,-1
96688,1
96689,0
96690,3
96691,-1
96692,-1
96693,-1
96694,2
96695,2
96696,-1
96697,-1
96698,-1
96699,-1
96700,-1
96701,-1
96702,-1
96703,-1
96704,-1
96705,-1
96706,-1
96707,-1
96708,-1
96709,-1
96710,-1
96711,-1
96712,-1
96713,-1
96714,-1
96715,-1
96716,-1
96717,-1
96718,-1
96719,-1
96720,-1
96721,-1
96722,-1
96723,-1
96724,2
96725,-1
96726,-1
96727,-1
96728,-1
96729,-1
96730,-1
96731,-1
96732,-1
96733,-1
96734,2
96735,-1
96736,-1
96737,-1
96738,-1
96739,-1
96740,-1
96741,-1
96742,-1
96743,-1
96744,-1
96745,-1
96746,2
96747,-1
96748,-1
96749,-1
96750,-1
96751,-1
96752,-1
96753,-1
96754,1
96755,2
96756,-1
96757,-1
96758,-1
96759,-1
96760,-1
96761,-1
96762,-1
96763,-1
96764,-1
96765,-1
96766,1
96767,1
96768,-1
96769,-1
96770,-1
96771,-1
96772,-1
96773,-1
96774,1
96775,0
96776,-1
96777,-1
96778,1
96779,0
96780,3
96781,2
96782,-1
96783,-1
96784,2
96785,2
96786,3
96787,-1
96788,-1
96789,-1
96790,-1
96791,-1
96792,-1
96793,-1
96794,2
96795,1
96796,-1
96797,-1
96798,-1
96799,-1
96800,-1
96801,-1
96802,1
96803,2
96804,-1
96805,-1
96806,-1
96807,-1
96808,-1
96809,-1
96810,-1
96811,-1
96812,2
96813,0
96814,-1
96815,-1
96816,1
96817,-1
96818,-1
96819,-1
96820,3
96821,2
96822,3
96823,-1
96824,2
96825,-1
96826,3
96827,-1
96828,3
96829,2
96830,2
96831,1
96832,-1
96833,-1
96834,-1
96835,-1
96836,-1
96837,-1
96838,-1
96839,-1
96840,-1
96841,-1
96842,-1
96843,-1
96844,-1
96845,-1
96846,-1
96847,-1
96848,-1
96849,-1
96850,-1
96851,-1
96852,-1
96853,-1
96854,-1
96855,-1
96856,-1
96857,-1
96858,-1
96859,-1
96860,-1
96861,-1
96862,-1
96863,-1
96864,2
96865,-1
96866,-1
96867,-1
96868,-1
96869,-1
96870,-1
96871,-1
96872,-1
96873,-1
96874,1
96875,2
96876,-1
96877,-1
96878,-1
96879,-1
96880,-1
96881,-1
96882,1
96883,0
96884,3
96885,1
96886,-1
96887,-1
96888,-1
96889,-1
96890,-1
96891,-1
96892,2
96893,-1
96894,-1
96895,-1
96896,-1
96897,-1
96898,3
96899,1
96900,-1
96901,-1
96902,-1
96903,-1
96904,2
96905,-1
96906,-1
96907,-1
96908,-1
96909,-1
96910,-1
96911,-1
96912,-1
96913,-1
96914,2
96915,-1
96916,-1
96917,-1
96918,-1
96919,-1
96920,-1
96921,-1
96922,-1
96923,-1
96924,3
96925,0
96926,-1
96927,-1
96928,-1
96929,-1
96930,-1
96931,-1
96932,-1
96933,-1
96934,3
96935,-1
96936,1
96937,2
96938,-1
96939,-1
96940,-1
96941,-1
96942,3
96943,-1
96944,-1
96945,-1
96946,-1
96947,-1
96948,2
96949,-1
96950,-1
96951,-1
96952,-1
96953,-1
96954,-1
96955,-1
96956,3
96957,2
96958,-1
96959,-1
96960,1
96961,2
96962,3
96963,-1
96964,-1
96965,-1
96966,-1
96967,-1
96968,-1
96969,-1
96970,-1
96971,-1
96972,-1
96973,-1
96974,-1
96975,-1
96976,2
96977,1
96978,-1
96979,-1
96980,1
96981,0
96982,-1
96983,-1
96984,-1
96985,-1
96986,-1
96987,-1
96988,-1
96989,-1
96990,1
96991,0
96992,-1
96993,-1
96994,-1
96995,-1
96996,3
96997,-1
96998,-1
96999,-1
97000,-1
97001,-1
97002,-1
97003,-1
97004,-1
97005,-1
97006,-1
97007,-1
97008,-1
97009,-1
97010,-1
97011,-1
97012,-1
97013,-1
97014,-1
97015,-1
97016,-1
97017,-1
97018,1
97019,1
97020,-1
97021,-1
97022,2
97023,-1
97024,-1
97025,-1
97026,-1
97027,-1
97028,-1
97029,-1
97030,-1
97031,-1
97032,-1
97033,-1
97034,-1
97035,-1
97036,-1
97037,-1
97038,-1
97039,-1
97040,-1
97041,-1
97042,-1
97043,-1
97044,-1
97045,-1
97046,-1
97047,-1
97048,2
97049,1
97050,-1
97051,-1
97052,-1
97053,-1
97054,-1
97055,-1
97056,2
97057,1
97058,-1
97059,-1
97060,-1
97061,-1
97062,-1
97063,-1
97064,-1
97065,-1
97066,1
97067,1
97068,3
97069,2
97070,1
97071,2
97072,-1
97073,-1
97074,-1
97075,-1
97076,-1
97077,-1
97078,-1
97079,-1
97080,-1
97081,-1
97082,-1
97083,-1
97084,-1
97085,-1
97086,-1
97087,-1
97088,-1
97089,-1
97090,-1
97091,-1
97092,-1
97093,-1
97094,-1
97095,-1
97096,-1
97097,-1
97098,-1
97099,-1
97100,1
97101,0
97102,2
97103,1
97104,-1
97105,-1
97106,1
97107,-1
97108,-1
97109,-1
97110,2
97111,1
97112,-1
97113,-1
97114,-1
97115,-1
97116,3
97117,2
97118,-1
97119,-1
97120,2
97121,1
97122,2
97123,0
97124,-1
97125,-1
97126,-1
97127,-1
97128,-1
97129,-1
97130,-1
97131,-1
97132,-1
97133,-1
97134,2
97135,1
97136,-1
97137,-1
97138,-1
97139,-1
97140,3
97141,-1
97142,3
97143,1
97144,3
97145,2
97146,1
97147,0
97148,2
97149,-1
97150,-1
97151,-1
97152,-1
97153,-1
97154,-1
97155,-1
97156,-1
97157,-1
97158,-1
97159,-1
97160,-1
97161,-1
97162,-1
97163,-1
97164,-1
97165,-1
97166,1
97167,1
97168,-1
97169,-1
97170,-1
97171,-1
97172,-1
97173,-1
97174,-1
97175,-1
97176,-1
97177,-1
97178,-1
97179,-1
97180,-1
97181,-1
97182,-1
97183,-1
97184,3
97185,-1
97186,2
97187,1
97188,-1
97189,-1
97190,-1
97191,-1
97192,-1
97193,-1
97194,-1
97195,-1
97196,1
97197,0
97198,2
97199,-1
97200,-1
97201,-1
97202,2
97203,-1
97204,-1
97205,-1
97206,-1
97207,-1
97208,-1
97209,-1
97210,-1
97211,-1
97212,-1
97213,-1
97214,-1
97215,-1
97216,-1
97217,-1
97218,1
97219,-1
97220,3
97221,2
97222,3
97223,-1
97224,-1
97225,-1
97226,-1
97227,-1
97228,-1
97229,-1
97230,-1
97231,-1
97232,1
97233,-1
97234,-1
97235,-1
97236,2
97237,1
97238,3
97239,2
97240,1
97241,-1
97242,-1
97243,-1
97244,1
97245,0
97246,-1
97247,-1
97248,1
97249,-1
97250,-1
97251,-1
97252,1
97253,-1
97254,3
97255,0
97256,-1
97257,-1
97258,-1
97259,-1
97260,-1
97261,-1
97262,1
97263,-1
97264,-1
97265,-1
97266,-1
97267,-1
97268,-1
97269,-1
97270,-1
97271,-1
97272,-1
97273,-1
97274,-1
97275,-1
97276,-1
97277,-1
97278,-1
97279,-1
97280,-1
97281,-1
97282,-1
97283,-1
97284,-1
97285,-1
97286,-1
97287,-1
97288,-1
97289,-1
97290,1
97291,-1
97292,-1
97293,-1
97294,3
97295,-1
97296,-1
97297,-1
97298,-1
97299,-1
97300,-1
97301,-1
97302,-1
97303,-1
97304,-1
97305,-1
97306,3
97307,2
97308,-1
97309,-1
97310,-1
97311,-1
97312,-1
97313,-1
97314,-1
97315,-1
97316,-1
97317,-1
97318,-1
97319,-1
97320,1
97321,0
97322,2
97323,-1
97324,3
97325,2
97326,-1
97327,-1
97328,-1
97329,-1
97330,1
97331,2
97332,-1
97333,-1
97334,3
97335,-1
97336,1
97337,-1
97338,-1
97339,-1
97340,-1
97341,-1
97342,-1
97343,-1
97344,-1
97345,-1
97346,-1
97347,-1
97348,-1
97349,-1
97350,-1
97351,-1
97352,-1
97353,-1
97354,-1
97355,-1
97356,1
97357,2
97358,-1
97359,-1
97360,2
97361,0
97362,-1
97363,-1
97364,2
97365,1
97366,-1
97367,-1
97368,-1
97369,-1
97370,-1
97371,-1
97372,2
97373,-1
97374,-1
97375,-1
97376,-1
97377,-1
97378,-1
97379,-1
97380,-1
97381,-1
97382,-1
97383,-1
97384,1
97385,-1
97386,-1
97387,-1
97388,-1
97389,-1
97390,-1
97391,-1
97392,3
97393,-1
97394,-1
97395,-1
97396,-1
97397,-1
97398,3
97399,-1
97400,2
97401,2
97402,-1
97403,-1
97404,-1
97405,-1
97406,-1
97407,-1
97408,1
97409,-1
97410,2
97411,-1
97412,-1
97413,-1
97414,3
97415,-1
97416,-1
97417,-1
97418,1
97419,1
97420,-1
97421,-1
97422,-1
97423,-1
97424,-1
97425,-1
97426,-1
97427,-1
97428,1
97429,2
97430,-1
97431,-1
97432,-1
97433,-1
97434,-1
97435,-1
97436,-1
97437,-1
97438,-1
97439,-1
97440,-1
97441,-1
97442,-1
97443,-1
97444,-1
97445,-1
97446,-1
97447,-1
97448,-1
97449,-1
97450,1
97451,-1
97452,1
97453,1
97454,1
97455,1
97456,-1
97457,-1
97458,-1
97459,-1
97460,-1
97461,-1
97462,-1
97463,-1
97464,-1
97465,-1
97466,-1
97467,-1
97468,-1
97469,-1
97470,3
97471,2
97472,-1
97473,-1
97474,-1
97475,-1
97476,1
97477,-1
97478,-1
97479,-1
97480,-1
97481,-1
97482,1
97483,0
97484,-1
97485,-1
97486,2
97487,2
97488,2
97489,-1
97490,3
97491,1
97492,-1
97493,-1
97494,1
97495,2
97496,-1
97497,-1
97498,3
97499,-1
97500,2
97501,2
97502,1
97503,-1
97504,-1
97505,-1
97506,-1
97507,-1
97508,-1
97509,-1
97510,-1
97511,-1
97512,2
97513,1
97514,-1
97515,-1
97516,2
97517,1
97518,2
97519,2
97520,2
97521,-1
97522,-1
97523,-1
97524,-1
97525,-1
97526,1
97527,1
97528,2
97529,-1
97530,-1
97531,-1
97532,-1
97533,-1
97534,-1
97535,-1
97536,-1
97537,-1
97538,2
97539,-1
97540,-1
97541,-1
97542,2
97543,-1
97544,2
97545,-1
97546,1
97547,0
97548,-1
97549,-1
97550,-1
97551,-1
97552,-1
97553,-1
97554,2
97555,0
97556,-1
97557,-1
97558,-1
97559,-1
97560,-1
97561,-1
97562,2
97563,1
97564,-1
97565,-1
97566,3
97567,-1
97568,1
97569,0
97570,3
97571,2
97572,-1
97573,-1
97574,-1
97575,-1
97576,1
97577,0
97578,-1
97579,-1
97580,-1
97581,-1
97582,3
97583,-1
97584,-1
97585,-1
97586,-1
97587,-1
97588,3
97589,2
97590,-1
97591,-1
97592,3
97593,1
97594,3
97595,2
97596,-1
97597,-1
97598,-1
97599,-1
97600,-1
97601,-1
97602,-1
97603,-1
97604,-1
97605,-1
97606,-1
97607,-1
97608,-1
97609,-1
97610,3
97611,-1
97612,1
97613,2
97614,-1
97615,-1
97616,-1
97617,-1
97618,2
97619,1
97620,-1
97621,-1
97622,-1
97623,-1
97624,-1
97625,-1
97626,3
97627,0
97628,-1
97629,-1
97630,2
97631,-1
97632,1
97633,-1
97634,1
97635,1
97636,3
97637,2
97638,-1
97639,-1
97640,-1
97641,-1
97642,2
97643,1
97644,-1
97645,-1
97646,1
97647,-1
97648,-1
97649,-1
97650,-1
97651,-1
97652,-1
97653,-1
97654,2
97655,0
97656,3
97657,-1
97658,-1
97659,-1
97660,3
97661,-1
97662,-1
97663,-1
97664,3
97665,-1
97666,-1
97667,-1
97668,-1
97669,-1
97670,1
97671,2
97672,-1
97673,-1
97674,-1
97675,-1
97676,-1
97677,-1
97678,-1
97679,-1
97680,-1
97681,-1
97682,-1
97683,-1
97684,-1
97685,-1
97686,3
97687,1
97688,-1
97689,-1
97690,-1
97691,-1
97692,-1
97693,-1
97694,2
97695,2
97696,1
97697,2
97698,-1
97699,-1
97700,2
97701,2
97702,1
97703,1
97704,-1
97705,-1
97706,1
97707,-1
97708,-1
97709,-1
97710,2
97711,2
97712,-1
97713,-1
97714,3
97715,-1
97716,1
97717,-1
97718,2
97719,-1
97720,1
97721,-1
97722,-1
97723,-1
97724,3
97725,2
97726,-1
97727,-1
97728,-1
97729,-1
97730,-1
97731,-1
97732,3
97733,2
97734,-1
97735,-1
97736,-1
97737,-1
97738,-1
97739,-1
97740,2
97741,2
97742,-1
97743,-1
97744,2
97745,0
97746,-1
97747,-1
97748,-1
97749,-1
97750,-1
97751,-1
97752,-1
97753,-1
97754,2
97755,1
97756,-1
97757,-1
97758,-1
97759,-1
97760,-1
97761,-1
97762,-1
97763,-1
97764,3
97765,-1
97766,1
97767,1
97768,-1
97769,-1
97770,-1
97771,-1
97772,-1
97773,-1
97774,-1
97775,-1
97776,2
97777,-1
97778,-1
97779,-1
97780,-1
97781,-1
97782,-1
97783,-1
97784,-1
97785,-1
97786,-1
97787,-1
97788,-1
97789,-1
97790,3
97791,1
97792,-1
97793,-1
97794,-1
97795,-1
97796,-1
97797,-1
97798,-1
97799,-1
97800,1
97801,-1
97802,-1
97803,-1
97804,-1
97805,-1
97806,-1
97807,-1
97808,-1
97809,-1
97810,-1
97811,-1
97812,3
97813,1
97814,-1
97815,-1
97816,3
97817,2
97818,-1
97819,-1
97820,-1
97821,-1
97822,-1
97823,-1
97824,-1
97825,-1
97826,3
97827,2
97828,3
97829,-1
97830,1
97831,-1
97832,2
97833,2
97834,-1
97835,-1
97836,-1
97837,-1
97838,-1
97839,-1
97840,2
97841,2
97842,-1
97843,-1
97844,-1
97845,-1
97846,2
97847,1
97848,2
97849,0
97850,2
97851,1
97852,-1
97853,-1
97854,2
97855,1
97856,-1
97857,-1
97858,-1
97859,-1
97860,3
97861,-1
97862,1
97863,0
97864,1
97865,2
97866,1
97867,0
97868,-1
97869,-1
97870,-1
97871,-1
97872,-1
97873,-1
97874,-1
97875,-1
97876,1
97877,1
97878,-1
97879,-1
97880,1
97881,0
97882,-1
97883,-1
97884,-1
97885,-1
97886,-1
97887,-1
97888,3
97889,2
97890,3
97891,2
97892,-1
97893,-1
97894,-1
97895,-1
97896,-1
97897,-1
97898,-1
97899,-1
97900,-1
97901,-1
97902,2
97903,-1
97904,-1
97905,-1
97906,-1
97907,-1
97908,2
97909,2
97910,-1
97911,-1
97912,-1
97913,-1
97914,-1
97915,-1
97916,1
97917,1
97918,3
97919,-1
97920,1
97921,2
97922,-1
97923,-1
97924,-1
97925,-1
97926,-1
97927,-1
97928,2
97929,-1
97930,-1
97931,-1
97932,-1
97933,-1
97934,-1
97935,-1
97936,-1
97937,-1
97938,-1
97939,-1
97940,-1
97941,-1
97942,-1
97943,-1
97944,-1
97945,-1
97946,-1
97947,-1
97948,-1
97949,-1
97950,-1
97951,-1
97952,-1
97953,-1
97954,-1
97955,-1
97956,-1
97957,-1
97958,3
97959,0
97960,-1
97961,-1
97962,3
97963,2
97964,-1
97965,-1
97966,-1
97967,-1
97968,-1
97969,-1
97970,-1
97971,-1
97972,1
97973,-1
97974,-1
97975,-1
97976,-1
97977,-1
97978,1
97979,1
97980,-1
97981,-1
97982,2
97983,1
97984,2
97985,-1
97986,-1
97987,-1
97988,-1
97989,-1
97990,-1
97991,-1
97992,1
97993,-1
97994,-1
97995,-1
97996,-1
97997,-1
97998,-1
97999,-1
98000,3
98001,-1
98002,-1
98003,-1
98004,-1
98005,-1
98006,-1
98007,-1
98008,-1
98009,-1
98010,3
98011,-1
98012,-1
98013,-1
98014,-1
98015,-1
98016,-1
98017,-1
98018,-1
98019,-1
98020,-1
98021,-1
98022,-1
98023,-1
98024,-1
98025,-1
98026,1
98027,-1
98028,-1
98029,-1
98030,-1
98031,-1
98032,-1
98033,-1
98034,-1
98035,-1
98036,-1
98037,-1
98038,-1
98039,-1
98040,-1
98041,-1
98042,-1
98043,-1
98044,-1
98045,-1
98046,3
98047,2
98048,-1
98049,-1
98050,-1
98051,-1
98052,-1
98053,-1
98054,1
98055,2
98056,-1
98057,-1
98058,1
98059,-1
98060,3
98061,-1
98062,-1
98063,-1
98064,2
98065,-1
98066,1
98067,2
98068,-1
98069,-1
98070,-1
98071,-1
98072,1
98073,-1
98074,-1
98075,-1
98076,1
98077,0
98078,-1
98079,-1
98080,-1
98081,-1
98082,-1
98083,-1
98084,-1
98085,-1
98086,-1
98087,-1
98088,3
98089,1
98090,-1
98091,-1
98092,-1
98093,-1
98094,-1
98095,-1
98096,-1
98097,-1
98098,-1
98099,-1
98100,1
98101,2
98102,-1
98103,-1
98104,1
98105,1
98106,2
98107,2
98108,-1
98109,-1
98110,-1
98111,-1
98112,-1
98113,-1
98114,3
98115,1
98116,2
98117,2
98118,-1
98119,-1
98120,-1
98121,-1
98122,-1
98123,-1
98124,2
98125,-1
98126,-1
98127,-1
98128,-1
98129,-1
98130,-1
98131,-1
98132,1
98133,1
98134,-1
98135,-1
98136,-1
98137,-1
98138,2
98139,2
98140,-1
98141,-1
98142,1
98143,2
98144,-1
98145,-1
98146,-1
98147,-1
98148,-1
98149,-1
98150,-1
98151,-1
98152,1
98153,-1
98154,-1
98155,-1
98156,-1
98157,-1
98158,-1
98159,-1
98160,-1
98161,-1
98162,-1
98163,-1
98164,3
98165,-1
98166,-1
98167,-1
98168,-1
98169,-1
98170,-1
98171,-1
98172,-1
98173,-1
98174,-1
98175,-1
98176,-1
98177,-1
98178,2
98179,-1
98180,3
98181,-1
98182,-1
98183,-1
98184,-1
98185,-1
98186,-1
98187,-1
98188,2
98189,0
98190,-1
98191,-1
98192,-1
98193,-1
98194,-1
98195,-1
98196,-1
98197,-1
98198,1
98199,-1
98200,-1
98201,-1
98202,-1
98203,-1
98204,2
98205,-1
98206,-1
98207,-1
98208,1
98209,0
98210,2
98211,-1
98212,-1
98213,-1
98214,-1
98215,-1
98216,-1
98217,-1
98218,-1
98219,-1
98220,-1
98221,-1
98222,2
98223,-1
98224,-1
98225,-1
98226,-1
98227,-1
98228,-1
98229,-1
98230,2
98231,2
98232,-1
98233,-1
98234,-1
98235,-1
98236,-1
98237,-1
98238,2
98239,-1
98240,1
98241,-1
98242,3
98243,2
98244,-1
98245,-1
98246,-1
98247,-1
98248,-1
98249,-1
98250,-1
98251,-1
98252,1
98253,2
98254,-1
98255,-1
98256,-1
98257,-1
98258,3
98259,-1
98260,3
98261,-1
98262,-1
98263,-1
98264,-1
98265,-1
98266,-1
98267,-1
98268,-1
98269,-1
98270,3
98271,1
98272,-1
98273,-1
98274,-1
98275,-1
98276,-1
98277,-1
98278,-1
98279,-1
98280,-1
98281,-1
98282,-1
98283,-1
98284,-1
98285,-1
98286,2
98287,-1
98288,2
98289,-1
98290,-1
98291,-1
98292,3
98293,-1
98294,-1
98295,-1
98296,-1
98297,-1
98298,-1
98299,-1
98300,-1
98301,-1
98302,-1
98303,-1
98304,-1
98305,-1
98306,1
98307,-1
98308,1
98309,1
98310,1
98311,-1
98312,-1
98313,-1
98314,-1
98315,-1
98316,-1
98317,-1
98318,-1
98319,-1
98320,3
98321,1
98322,-1
98323,-1
98324,-1
98325,-1
98326,-1
98327,-1
98328,3
98329,1
98330,-1
98331,-1
98332,-1
98333,-1
98334,2
98335,1
98336,2
98337,-1
98338,-1
98339,-1
98340,1
98341,-1
98342,-1
98343,-1
98344,-1
98345,-1
98346,-1
98347,-1
98348,-1
98349,-1
98350,-1
98351,-1
98352,-1
98353,-1
98354,-1
98355,-1
98356,-1
98357,-1
98358,-1
98359,-1
98360,-1
98361,-1
98362,-1
98363,-1
98364,-1
98365,-1
98366,-1
98367,-1
98368,-1
98369,-1
98370,-1
98371,-1
98372,-1
98373,-1
98374,2
98375,-1
98376,-1
98377,-1
98378,-1
98379,-1
98380,-1
98381,-1
98382,-1
98383,-1
98384,-1
98385,-1
98386,-1
98387,-1
98388,-1
98389,-1
98390,-1
98391,-1
98392,3
98393,-1
98394,-1
98395,-1
98396,-1
98397,-1
98398,-1
98399,-1
98400,-1
98401,-1
98402,3
98403,0
98404,-1
98405,-1
98406,-1
98407,-1
98408,2
98409,2
98410,-1
98411,-1
98412,-1
98413,-1
98414,-1
98415,-1
98416,-1
98417,-1
98418,-1
98419,-1
98420,-1
98421,-1
98422,-1
98423,-1
98424,1
98425,1
98426,-1
98427,-1
98428,-1
98429,-1
98430,1
98431,1
98432,-1
98433,-1
98434,2
98435,2
98436,-1
98437,-1
98438,-1
98439,-1
98440,-1
98441,-1
98442,-1
98443,-1
98444,-1
98445,-1
98446,2
98447,-1
98448,1
98449,-1
98450,1
98451,1
98452,-1
98453,-1
98454,-1
98455,-1
98456,-1
98457,-1
98458,2
98459,2
98460,1
98461,2
98462,2
98463,-1
98464,-1
98465,-1
98466,-1
98467,-1
98468,-1
98469,-1
98470,-1
98471,-1
98472,-1
98473,-1
98474,-1
98475,-1
98476,2
98477,-1
98478,-1
98479,-1
98480,-1
98481,-1
98482,-1
98483,-1
98484,-1
98485,-1
98486,-1
98487,-1
98488,3
98489,2
98490,-1
98491,-1
98492,3
98493,2
98494,-1
98495,-1
98496,-1
98497,-1
98498,-1
98499,-1
98500,-1
98501,-1
98502,-1
98503,-1
98504,-1
98505,-1
98506,-1
98507,-1
98508,3
98509,-1
98510,2
98511,2
98512,3
98513,-1
98514,-1
98515,-1
98516,3
98517,2
98518,-1
98519,-1
98520,-1
98521,-1
98522,-1
98523,-1
98524,-1
98525,-1
98526,-1
98527,-1
98528,-1
98529,-1
98530,3
98531,-1
98532,-1
98533,-1
98534,-1
98535,-1
98536,3
98537,-1
98538,1
98539,1
98540,2
98541,1
98542,-1
98543,-1
98544,-1
98545,-1
98546,-1
98547,-1
98548,3
98549,-1
98550,2
98551,2
98552,-1
98553,-1
98554,-1
98555,-1
98556,-1
98557,-1
98558,-1
98559,-1
98560,-1
98561,-1
98562,-1
98563,-1
98564,-1
98565,-1
98566,-1
98567,-1
98568,-1
98569,-1
98570,-1
98571,-1
98572,-1
98573,-1
98574,-1
98575,-1
98576,-1
98577,-1
98578,-1
98579,-1
98580,2
98581,0
98582,-1
98583,-1
98584,-1
98585,-1
98586,1
98587,0
98588,2
98589,0
98590,-1
98591,-1
98592,-1
98593,-1
98594,-1
98595,-1
98596,1
98597,0
98598,-1
98599,-1
98600,-1
98601,-1
98602,-1
98603,-1
98604,1
98605,1
98606,-1
98607,-1
98608,1
98609,-1
98610,-1
98611,-1
98612,1
98613,-1
98614,3
98615,-1
98616,-1
98617,-1
98618,1
98619,1
98620,2
98621,0
98622,-1
98623,-1
98624,-1
98625,-1
98626,-1
98627,-1
98628,-1
98629,-1
98630,-1
98631,-1
98632,-1
98633,-1
98634,-1
98635,-1
98636,-1
98637,-1
98638,2
98639,0
98640,2
98641,-1
98642,-1
98643,-1
98644,-1
98645,-1
98646,-1
98647,-1
98648,-1
98649,-1
98650,-1
98651,-1
98652,-1
98653,-1
98654,-1
98655,-1
98656,3
98657,2
98658,-1
98659,-1
98660,-1
98661,-1
98662,-1
98663,-1
98664,-1
98665,-1
98666,3
98667,1
98668,-1
98669,-1
98670,-1
98671,-1
98672,-1
98673,-1
98674,-1
98675,-1
98676,-1
98677,-1
98678,-1
98679,-1
98680,-1
98681,-1
98682,-1
98683,-1
98684,-1
98685,-1
98686,2
98687,1
98688,-1
98689,-1
98690,3
98691,-1
98692,-1
98693,-1
98694,-1
98695,-1
98696,-1
98697,-1
98698,-1
98699,-1
98700,-1
98701,-1
98702,-1
98703,-1
98704,-1
98705,-1
98706,-1
98707,-1
98708,-1
98709,-1
98710,-1
98711,-1
98712,-1
98713,-1
98714,-1
98715,-1
98716,-1
98717,-1
98718,-1
98719,-1
98720,-1
98721,-1
98722,-1
98723,-1
98724,2
98725,1
98726,-1
98727,-1
98728,-1
98729,-1
98730,-1
98731,-1
98732,-1
98733,-1
98734,3
98735,2
98736,-1
98737,-1
98738,-1
98739,-1
98740,-1
98741,-1
98742,1
98743,-1
98744,-1
98745,-1
98746,2
98747,-1
98748,1
98749,-1
98750,-1
98751,-1
98752,-1
98753,-1
98754,3
98755,-1
98756,1
98757,-1
98758,-1
98759,-1
98760,-1
98761,-1
98762,1
98763,0
98764,-1
98765,-1
98766,-1
98767,-1
98768,-1
98769,-1
98770,1
98771,0
98772,-1
98773,-1
98774,-1
98775,-1
98776,-1
98777,-1
98778,-1
98779,-1
98780,1
98781,-1
98782,-1
98783,-1
98784,2
98785,-1
98786,-1
98787,-1
98788,-1
98789,-1
98790,-1
98791,-1
98792,3
98793,1
98794,-1
98795,-1
98796,-1
98797,-1
98798,-1
98799,-1
98800,-1
98801,-1
98802,2
98803,-1
98804,-1
98805,-1
98806,-1
98807,-1
98808,-1
98809,-1
98810,-1
98811,-1
98812,-1
98813,-1
98814,2
98815,-1
98816,-1
98817,-1
98818,-1
98819,-1
98820,-1
98821,-1
98822,-1
98823,-1
98824,1
98825,0
98826,3
98827,2
98828,1
98829,0
98830,-1
98831,-1
98832,-1
98833,-1
98834,3
98835,-1
98836,-1
98837,-1
98838,-1
98839,-1
98840,-1
98841,-1
98842,-1
98843,-1
98844,-1
98845,-1
98846,3
98847,1
98848,-1
98849,-1
98850,2
98851,1
98852,-1
98853,-1
98854,-1
98855,-1
98856,-1
98857,-1
98858,-1
98859,-1
98860,-1
98861,-1
98862,2
98863,0
98864,-1
98865,-1
98866,-1
98867,-1
98868,-1
98869,-1
98870,2
98871,1
98872,2
98873,-1
98874,-1
98875,-1
98876,-1
98877,-1
98878,-1
98879,-1
98880,-1
98881,-1
98882,-1
98883,-1
98884,2
98885,-1
98886,-1
98887,-1
98888,-1
98889,-1
98890,-1
98891,-1
98892,-1
98893,-1
98894,3
98895,-1
98896,-1
98897,-1
98898,-1
98899,-1
98900,-1
98901,-1
98902,-1
98903,-1
98904,-1
98905,-1
98906,1
98907,0
98908,-1
98909,-1
98910,-1
98911,-1
98912,-1
98913,-1
98914,-1
98915,-1
98916,-1
98917,-1
98918,-1
98919,-1
98920,-1
98921,-1
98922,-1
98923,-1
98924,-1
98925,-1
98926,-1
98927,-1
98928,-1
98929,-1
98930,-1
98931,-1
98932,-1
98933,-1
98934,1
98935,2
98936,-1
98937,-1
98938,3
98939,-1
98940,3
98941,-1
98942,-1
98943,-1
98944,-1
98945,-1
98946,1
98947,-1
98948,3
98949,2
98950,-1
98951,-1
98952,-1
98953,-1
98954,-1
98955,-1
98956,-1
98957,-1
98958,3
98959,-1
98960,2
98961,1
98962,-1
98963,-1
98964,-1
98965,-1
98966,3
98967,2
98968,-1
98969,-1
98970,-1
98971,-1
98972,-1
98973,-1
98974,-1
98975,-1
98976,-1
98977,-1
98978,-1
98979,-1
98980,2
98981,-1
98982,-1
98983,-1
98984,-1
98985,-1
98986,-1
98987,-1
98988,-1
98989,-1
98990,1
98991,-1
98992,-1
98993,-1
98994,-1
98995,-1
98996,-1
98997,-1
98998,-1
98999,-1
99000,3
99001,2
99002,-1
99003,-1
99004,-1
99005,-1
99006,-1
99007,-1
99008,-1
99009,-1
99010,-1
99011,-1
99012,-1
99013,-1
99014,-1
99015,-1
99016,-1
99017,-1
99018,-1
99019,-1
99020,-1
99021,-1
99022,-1
99023,-1
99024,-1
99025,-1
99026,-1
99027,-1
99028,-1
99029,-1
99030,-1
99031,-1
99032,-1
99033,-1
99034,-1
99035,-1
99036,-1
99037,-1
99038,2
99039,1
99040,-1
99041,-1
99042,-1
99043,-1
99044,-1
99045,-1
99046,-1
99047,-1
99048,-1
99049,-1
99050,-1
99051,-1
99052,-1
99053,-1
99054,-1
99055,-1
99056,1
99057,-1
99058,-1
99059,-1
99060,-1
99061,-1
99062,2
99063,-1
99064,-1
99065,-1
99066,-1
99067,-1
99068,-1
99069,-1
99070,-1
99071,-1
99072,-1
99073,-1
99074,-1
99075,-1
99076,-1
99077,-1
99078,-1
99079,-1
99080,2
99081,0
99082,1
99083,-1
99084,-1
99085,-1
99086,-1
99087,-1
99088,-1
99089,-1
99090,-1
99091,-1
99092,-1
99093,-1
99094,-1
99095,-1
99096,-1
99097,-1
99098,-1
99099,-1
99100,-1
99101,-1
99102,-1
99103,-1
99104,1
99105,-1
99106,-1
99107,-1
99108,-1
99109,-1
99110,-1
99111,-1
99112,-1
99113,-1
99114,-1
99115,-1
99116,-1
99117,-1
99118,-1
99119,-1
99120,-1
99121,-1
99122,-1
99123,-1
99124,1
99125,-1
99126,2
99127,2
99128,-1
99129,-1
99130,-1
99131,-1
99132,-1
99133,-1
99134,-1
99135,-1
99136,-1
99137,-1
99138,-1
99139,-1
99140,-1
99141,-1
99142,2
99143,2
99144,-1
99145,-1
99146,2
99147,2
99148,-1
99149,-1
99150,-1
99151,-1
99152,-1
99153,-1
99154,-1
99155,-1
99156,-1
99157,-1
99158,-1
99159,-1
99160,-1
99161,-1
99162,3
99163,-1
99164,-1
99165,-1
99166,-1
99167,-1
99168,-1
99169,-1
99170,-1
99171,-1
99172,-1
99173,-1
99174,-1
99175,-1
99176,-1
99177,-1
99178,-1
99179,-1
99180,-1
99181,-1
99182,-1
99183,-1
99184,-1
99185,-1
99186,-1
99187,-1
99188,1
99189,1
99190,-1
99191,-1
99192,-1
99193,-1
99194,-1
99195,-1
99196,-1
99197,-1
99198,2
99199,-1
99200,-1
99201,-1
99202,-1
99203,-1
99204,-1
99205,-1
99206,-1
99207,-1
99208,-1
99209,-1
99210,-1
99211,-1
99212,-1
99213,-1
99214,3
99215,-1
99216,1
99217,-1
99218,1
99219,1
99220,-1
99221,-1
99222,1
99223,0
99224,3
99225,-1
99226,-1
99227,-1
99228,-1
99229,-1
99230,-1
99231,-1
99232,-1
99233,-1
99234,-1
99235,-1
99236,-1
99237,-1
99238,-1
99239,-1
99240,-1
99241,-1
99242,2
99243,-1
99244,-1
99245,-1
99246,-1
99247,-1
99248,-1
99249,-1
99250,-1
99251,-1
99252,-1
99253,-1
99254,-1
99255,-1
99256,-1
99257,-1
99258,-1
99259,-1
99260,-1
99261,-1
99262,-1
99263,-1
99264,-1
99265,-1
99266,-1
99267,-1
99268,-1
99269,-1
99270,3
99271,-1
99272,-1
99273,-1
99274,-1
99275,-1
99276,-1
99277,-1
99278,-1
99279,-1
99280,-1
99281,-1
99282,-1
99283,-1
99284,-1
99285,-1
99286,-1
99287,-1
99288,1
99289,2
99290,3
99291,2
99292,-1
99293,-1
99294,-1
99295,-1
99296,-1
99297,-1
99298,-1
99299,-1
99300,1
99301,1
99302,-1
99303,-1
99304,-1
99305,-1
99306,1
99307,-1
99308,-1
99309,-1
99310,-1
99311,-1
99312,1
99313,1
99314,2
99315,-1
99316,-1
99317,-1
99318,-1
99319,-1
99320,-1
99321,-1
99322,-1
99323,-1
99324,3
99325,-1
99326,-1
99327,-1
99328,-1
99329,-1
99330,1
99331,0
99332,-1
99333,-1
99334,-1
99335,-1
99336,3
99337,-1
99338,-1
99339,-1
99340,-1
99341,-1
99342,-1
99343,-1
99344,1
99345,-1
99346,2
99347,-1
99348,-1
99349,-1
99350,-1
99351,-1
99352,-1
99353,-1
99354,-1
99355,-1
99356,-1
99357,-1
99358,-1
99359,-1
99360,-1
99361,-1
99362,-1
99363,-1
99364,-1
99365,-1
99366,-1
99367,-1
99368,-1
99369,-1
99370,-1
99371,-1
99372,-1
99373,-1
99374,-1
99375,-1
99376,-1
99377,-1
99378,-1
99379,-1
99380,-1
99381,-1
99382,-1
99383,-1
99384,-1
99385,-1
99386,-1
99387,-1
99388,2
99389,-1
99390,-1
99391,-1
99392,1
99393,0
99394,-1
99395,-1
99396,-1
99397,-1
99398,-1
99399,-1
99400,1
99401,2
99402,-1
99403,-1
99404,-1
99405,-1
99406,2
99407,-1
99408,2
99409,2
99410,1
99411,0
99412,-1
99413,-1
99414,-1
99415,-1
99416,-1
99417,-1
99418,-1
99419,-1
99420,-1
99421,-1
99422,2
99423,-1
99424,1
99425,2
99426,-1
99427,-1
99428,-1
99429,-1
99430,1
99431,1
99432,-1
99433,-1
99434,-1
99435,-1
99436,2
99437,-1
99438,1
99439,-1
99440,-1
99441,-1
99442,-1
99443,-1
99444,1
99445,0
99446,-1
99447,-1
99448,-1
99449,-1
99450,-1
99451,-1
99452,-1
99453,-1
99454,-1
99455,-1
99456,-1
99457,-1
99458,1
99459,0
99460,-1
99461,-1
99462,-1
99463,-1
99464,-1
99465,-1
99466,2
99467,1
99468,-1
99469,-1
99470,3
99471,-1
99472,2
99473,2
99474,-1
99475,-1
99476,-1
99477,-1
99478,-1
99479,-1
99480,3
99481,1
99482,-1
99483,-1
99484,-1
99485,-1
99486,1
99487,0
99488,2
99489,-1
99490,-1
99491,-1
99492,3
99493,-1
99494,-1
99495,-1
99496,-1
99497,-1
99498,1
99499,-1
99500,1
99501,-1
99502,3
99503,-1
99504,-1
99505,-1
99506,-1
99507,-1
99508,3
99509,-1
99510,3
99511,-1
99512,-1
99513,-1
99514,-1
99515,-1
99516,2
99517,-1
99518,-1
99519,-1
99520,1
99521,-1
99522,1
99523,1
99524,-1
99525,-1
99526,-1
99527,-1
99528,-1
99529,-1
99530,-1
99531,-1
99532,-1
99533,-1
99534,2
99535,-1
99536,-1
99537,-1
99538,1
99539,0
99540,-1
99541,-1
99542,-1
99543,-1
99544,-1
99545,-1
99546,3
99547,2
99548,-1
99549,-1
99550,-1
99551,-1
99552,-1
99553,-1
99554,-1
99555,-1
99556,-1
99557,-1
99558,-1
99559,-1
99560,-1
99561,-1
99562,2
99563,0
99564,-1
99565,-1
99566,-1
99567,-1
99568,-1
99569,-1
99570,-1
99571,-1
99572,2
99573,-1
99574,-1
99575,-1
99576,-1
99577,-1
99578,3
99579,-1
99580,-1
99581,-1
99582,1
99583,-1
99584,-1
99585,-1
99586,-1
99587,-1
99588,-1
99589,-1
99590,-1
99591,-1
99592,-1
99593,-1
99594,-1
99595,-1
99596,1
99597,0
99598,1
99599,0
99600,-1
99601,-1
99602,-1
99603,-1
99604,-1
99605,-1
99606,1
99607,0
99608,1
99609,0
99610,-1
99611,-1
99612,1
99613,2
99614,1
99615,-1
99616,3
99617,2
99618,-1
99619,-1
99620,-1
99621,-1
99622,1
99623,-1
99624,-1
99625,-1
99626,-1
99627,-1
99628,-1
99629,-1
99630,-1
99631,-1
99632,-1
99633,-1
99634,-1
99635,-1
99636,2
99637,-1
99638,-1
99639,-1
99640,1
99641,-1
99642,-1
99643,-1
99644,-1
99645,-1
99646,-1
99647,-1
99648,-1
99649,-1
99650,2
99651,-1
99652,-1
99653,-1
99654,2
99655,0
99656,1
99657,-1
99658,-1
99659,-1
99660,-1
99661,-1
99662,-1
99663,-1
99664,2
99665,1
99666,-1
99667,-1
99668,1
99669,0
99670,2
99671,1
99672,1
99673,-1
99674,-1
99675,-1
99676,1
99677,0
99678,-1
99679,-1
99680,-1
99681,-1
99682,-1
99683,-1
99684,3
99685,-1
99686,-1
99687,-1
99688,3
99689,2
99690,2
99691,2
99692,-1
99693,-1
99694,2
99695,-1
99696,1
99697,1
99698,-1
99699,-1
99700,-1
99701,-1
99702,-1
99703,-1
99704,2
99705,1
99706,1
99707,-1
99708,1
99709,-1
99710,-1
99711,-1
99712,1
99713,-1
99714,2
99715,-1
99716,-1
99717,-1
99718,3
99719,-1
99720,-1
99721,-1
99722,3
99723,1
99724,-1
99725,-1
99726,-1
99727,-1
99728,2
99729,-1
99730,-1
99731,-1
99732,1
99733,-1
99734,-1
99735,-1
99736,1
99737,-1
99738,-1
99739,-1
99740,-1
99741,-1
99742,-1
99743,-1
99744,1
99745,0
99746,-1
99747,-1
99748,-1
99749,-1
99750,-1
99751,-1
99752,1
99753,-1
99754,-1
99755,-1
99756,1
99757,2
99758,1
99759,1
99760,-1
99761,-1
99762,-1
99763,-1
99764,2
99765,-1
99766,-1
99767,-1
99768,-1
99769,-1
99770,2
99771,-1
99772,-1
99773,-1
99774,2
99775,1
99776,-1
99777,-1
99778,-1
99779,-1
99780,2
99781,-1
99782,-1
99783,-1
99784,-1
99785,-1
99786,-1
99787,-1
99788,1
99789,0
99790,-1
99791,-1
99792,-1
99793,-1
99794,-1
99795,-1
99796,-1
99797,-1
99798,1
99799,0
99800,1
99801,0
99802,-1
99803,-1
99804,-1
99805,-1
99806,-1
99807,-1
99808,2
99809,2
99810,1
99811,-1
99812,3
99813,-1
99814,-1
99815,-1
99816,1
99817,0
99818,-1
99819,-1
99820,1
99821,-1
99822,1
99823,-1
99824,2
99825,-1
99826,-1
99827,-1
99828,1
99829,0
99830,-1
99831,-1
99832,1
99833,-1
99834,1
99835,-1
99836,-1
99837,-1
99838,1
99839,0
99840,-1
99841,-1
99842,-1
99843,-1
99844,1
99845,-1
99846,2
99847,-1
99848,1
99849,-1
99850,2
99851,1
99852,1
99853,1
99854,2
99855,-1
99856,1
99857,-1
99858,-1
99859,-1
99860,-1
99861,-1
99862,-1
99863,-1
99864,-1
99865,-1
99866,-1
99867,-1
99868,2
99869,-1
99870,2
99871,2
99872,-1
99873,-1
99874,1
99875,-1
99876,-1
99877,-1
99878,1
99879,-1
99880,1
99881,-1
99882,1
99883,2
99884,-1
99885,-1
99886,-1
99887,-1
99888,-1
99889,-1
99890,-1
99891,-1
99892,2
99893,2
99894,-1
99895,-1
99896,1
99897,-1
99898,1
99899,-1
99900,-1
99901,-1
99902,-1
99903,-1
99904,3
99905,-1
99906,1
99907,-1
99908,1
99909,-1
99910,-1
99911,-1
99912,-1
99913,-1
99914,-1
99915,-1
99916,1
99917,-1
99918,-1
99919,-1
99920,-1
99921,-1
99922,-1
99923,-1
99924,-1
99925,-1
99926,3
99927,-1
99928,-1
99929,-1
99930,-1
99931,-1
99932,1
99933,-1
99934,2
99935,-1
99936,1
99937,0
99938,-1
99939,-1
99940,-1
99941,-1
99942,1
99943,-1
99944,-1
99945,-1
99946,-1
99947,-1
99948,-1
99949,-1
99950,-1
99951,-1
99952,2
99953,-1
99954,-1
99955,-1
99956,2
99957,1
99958,1
99959,-1
99960,2
99961,1
99962,-1
99963,-1
99964,-1
99965,-1
99966,3
99967,-1
99968,-1
99969,-1
99970,1
99971,-1
99972,1
99973,-1
99974,-1
99975,-1
99976,1
99977,0
99978,3
99979,-1
99980,2
99981,-1
99982,-1
99983,-1
99984,3
99985,2
99986,1
99987,-1
99988,-1
99989,-1
99990,1
99991,-1
99992,1
99993,-1
99994,3
99995,-1
99996,1
99997,-1
99998,-1
99999,-1
100000,1
100001,-1
100002,3
100003,1
100004,-1
100005,-1
100006,1
100007,-1
100008,-1
100009,-1
100010,2
100011,-1
100012,-1
100013,-1
100014,2
100015,-1
100016,-1
100017,-1
100018,3
100019,2
100020,2
100021,-1
100022,2
100023,-1
100024,-1
100025,-1
100026,1
100027,-1
100028,1
100029,-1
100030,-1
100031,-1
100032,1
100033,-1
100034,-1
100035,-1
100036,-1
100037,-1
100038,-1
100039,-1
100040,2
100041,1
100042,3
100043,-1
100044,-1
100045,-1
100046,-1
100047,-1
100048,2
100049,-1
100050,-1
100051,-1
100052,-1
100053,-1
100054,1
100055,-1
100056,-1
100057,-1
100058,-1
100059,-1
100060,2
100061,-1
100062,-1
100063,-1
100064,1
100065,0
100066,-1
100067,-1
100068,-1
100069,-1
100070,-1
100071,-1
100072,1
100073,-1
100074,1
100075,-1
100076,-1
100077,-1
100078,1
100079,-1
100080,1
100081,-1
100082,-1
100083,-1
100084,-1
100085,-1
100086,-1
100087,-1
100088,-1
100089,-1
100090,1
100091,-1
100092,3
100093,-1
100094,-1
100095,-1
100096,1
100097,0
100098,2
100099,2
100100,1
100101,-1
100102,-1
100103,-1
100104,1
100105,-1
100106,1
100107,-1
100108,1
100109,-1
100110,-1
100111,-1
100112,-1
100113,-1
100114,2
100115,-1
100116,-1
100117,-1
100118,-1
100119,-1
100120,3
100121,-1
100122,1
100123,-1
100124,1
100125,-1
100126,1
100127,-1
100128,2
100129,1
100130,2
100131,1
100132,1
100133,-1
100134,-1
100135,-1
100136,-1
100137,-1
100138,1
100139,1
100140,1
100141,-1
100142,-1
100143,-1
100144,1
100145,0
100146,-1
100147,-1
100148,3
100149,-1
100150,1
100151,-1
100152,-1
100153,-1
100154,1
100155,-1
100156,2
100157,1
100158,-1
100159,-1
100160,1
100161,0
100162,1
100163,-1
100164,-1
100165,-1
100166,-1
100167,-1
100168,2
100169,2
100170,1
100171,-1
100172,-1
100173,-1
100174,2
100175,-1
100176,3
100177,-1
100178,2
100179,1
100180,1
100181,2
100182,2
100183,-1
100184,-1
100185,-1
100186,2
100187,2
100188,1
100189,-1
100190,1
100191,-1
100192,-1
100193,-1
100194,1
100195,-1
100196,3
100197,-1
100198,-1
100199,-1
100200,1
100201,-1
100202,-1
100203,-1
100204,-1
100205,-1
100206,-1
100207,-1
100208,-1
100209,-1
100210,1
100211,0
100212,1
100213,-1
100214,-1
100215,-1
100216,1
100217,2
100218,3
100219,2
100220,-1
100221,-1
100222,1
100223,0
100224,1
100225,0
100226,-1
100227,-1
100228,-1
100229,-1
100230,3
100231,-1
100232,2
100233,-1
100234,1
100235,0
100236,1
100237,-1
100238,-1
100239,-1
100240,-1
100241,-1
100242,1
100243,1
100244,-1
100245,-1
100246,1
100247,-1
100248,-1
100249,-1
100250,2
100251,-1
100252,1
100253,-1
100254,-1
100255,-1
100256,2
100257,-1
100258,1
100259,-1
100260,-1
100261,-1
100262,-1
100263,-1
100264,1
100265,-1
100266,3
100267,2
100268,-1
100269,-1
100270,-1
100271,-1
100272,1
100273,-1
100274,-1
100275,-1
100276,-1
100277,-1
100278,1
100279,-1
100280,-1
100281,-1
100282,-1
100283,-1
100284,1
100285,0
100286,1
100287,-1
100288,-1
100289,-1
100290,1
100291,2
100292,-1
100293,-1
100294,1
100295,-1
100296,2
100297,2
100298,-1
100299,-1
100300,-1
100301,-1
100302,2
100303,-1
100304,2
100305,-1
100306,1
100307,-1
100308,-1
100309,-1
100310,-1
100311,-1
100312,-1
100313,-1
100314,3
100315,-1
100316,-1
100317,-1
100318,-1
100319,-1
100320,1
100321,-1
100322,-1
100323,-1
100324,3
100325,-1
100326,1
100327,0
100328,-1
100329,-1
100330,-1
100331,-1
100332,2
100333,-1
100334,1
100335,-1
100336,2
100337,1
100338,-1
100339,-1
100340,1
100341,-1
100342,-1
100343,-1
100344,-1
100345,-1
100346,-1
100347,-1
100348,-1
100349,-1
100350,-1
100351,-1
100352,-1
100353,-1
100354,1
100355,-1
100356,-1
100357,-1
100358,3
100359,-1
100360,-1
100361,-1
100362,1
100363,-1
100364,-1
100365,-1
100366,-1
100367,-1
100368,-1
100369,-1
100370,-1
100371,-1
100372,1
100373,-1
100374,1
100375,0
100376,-1
100377,-1
100378,1
100379,-1
100380,-1
100381,-1
100382,1
100383,-1
100384,-1
100385,-1
100386,1
100387,-1
100388,2
100389,-1
100390,-1
100391,-1
100392,2
100393,-1
100394,2
100395,1
100396,2
100397,-1
100398,1
100399,-1
100400,1
100401,-1
100402,-1
100403,-1
100404,1
100405,0
100406,-1
100407,-1
100408,-1
100409,-1
100410,-1
100411,-1
100412,1
100413,0
100414,2
100415,2
100416,-1
100417,-1
100418,1
100419,-1
100420,1
100421,0
100422,1
100423,0
100424,-1
100425,-1
100426,-1
100427,-1
100428,-1
100429,-1
100430,1
100431,-1
100432,1
100433,-1
100434,1
100435,-1
100436,1
100437,-1
100438,-1
100439,-1
100440,1
100441,-1
100442,1
100443,-1
100444,-1
100445,-1
100446,1
100447,-1
100448,-1
100449,-1
100450,-1
100451,-1
100452,-1
100453,-1
100454,2
100455,-1
100456,-1
100457,-1
100458,-1
100459,-1
100460,-1
100461,-1
100462,2
100463,1
100464,2
100465,-1
100466,2
100467,1
100468,3
100469,-1
100470,-1
100471,-1
100472,-1
100473,-1
100474,3
100475,-1
100476,3
100477,-1
100478,2
100479,-1
100480,-1
100481,-1
100482,2
100483,-1
100484,-1
100485,-1
100486,-1
100487,-1
100488,-1
100489,-1
100490,1
100491,-1
100492,1
100493,0
100494,-1
100495,-1
100496,-1
100497,-1
100498,3
100499,2
100500,-1
100501,-1
100502,2
100503,-1
100504,1
100505,-1
100506,1
100507,-1
100508,-1
100509,-1
100510,1
100511,-1
100512,1
100513,0
100514,-1
100515,-1
100516,-1
100517,-1
100518,1
100519,2
100520,1
100521,-1
100522,-1
100523,-1
100524,-1
100525,-1
100526,1
100527,-1
100528,-1
100529,-1
100530,-1
100531,-1
100532,-1
100533,-1
100534,1
100535,-1
100536,-1
100537,-1
100538,-1
100539,-1
100540,-1
100541,-1
100542,-1
100543,-1
100544,-1
100545,-1
100546,-1
100547,-1
100548,-1
100549,-1
100550,1
100551,-1
100552,1
100553,-1
100554,1
100555,-1
100556,2
100557,-1
100558,1
100559,-1
100560,3
100561,-1
100562,-1
100563,-1
100564,-1
100565,-1
100566,-1
100567,-1
100568,-1
100569,-1
100570,1
100571,-1
100572,2
100573,-1
100574,2
100575,1
100576,-1
100577,-1
100578,2
100579,-1
100580,-1
100581,-1
100582,1
100583,-1
100584,-1
100585,-1
100586,1
100587,-1
100588,1
100589,-1
100590,1
100591,-1
100592,2
100593,-1
100594,-1
100595,-1
100596,-1
100597,-1
100598,1
100599,-1
100600,-1
100601,-1
100602,3
100603,-1
100604,1
100605,-1
100606,1
100607,-1
100608,-1
100609,-1
100610,3
100611,-1
100612,-1
100613,-1
100614,-1
100615,-1
100616,1
100617,-1
100618,-1
100619,-1
100620,-1
100621,-1
100622,1
100623,-1
100624,-1
100625,-1
100626,3
100627,-1
100628,3
100629,-1
100630,-1
100631,-1
100632,-1
100633,-1
100634,-1
100635,-1
100636,1
100637,-1
100638,-1
100639,-1
100640,1
100641,-1
100642,1
100643,-1
100644,-1
100645,-1
100646,1
100647,-1
100648,-1
100649,-1
100650,-1
100651,-1
100652,2
100653,-1
100654,-1
100655,-1
100656,2
100657,-1
100658,-1
100659,-1
100660,-1
100661,-1
100662,-1
100663,-1
100664,3
100665,2
100666,-1
100667,-1
100668,-1
100669,-1
100670,-1
100671,-1
100672,-1
100673,-1
100674,-1
100675,-1
100676,-1
100677,-1
100678,-1
100679,-1
100680,1
100681,-1
100682,-1
100683,-1
100684,-1
100685,-1
100686,-1
100687,-1
100688,-1
100689,-1
100690,1
100691,-1
100692,2
100693,-1
100694,-1
100695,-1
100696,1
100697,-1
100698,-1
100699,-1
100700,1
100701,-1
100702,-1
100703,-1
100704,1
100705,-1
100706,-1
100707,-1
100708,1
100709,-1
100710,2
100711,-1
100712,-1
100713,-1
100714,-1
100715,-1
100716,1
100717,-1
100718,1
100719,-1
100720,-1
100721,-1
100722,1
100723,-1
100724,2
100725,-1
100726,-1
100727,-1
100728,1
100729,-1
100730,-1
100731,-1
100732,1
100733,-1
100734,-1
100735,-1
100736,-1
100737,-1
100738,-1
100739,-1
100740,-1
100741,-1
100742,-1
100743,-1
100744,-1
100745,-1
100746,-1
100747,-1
100748,-1
100749,-1
100750,-1
100751,-1
100752,-1
100753,-1
100754,1
100755,-1
100756,1
100757,-1
100758,1
100759,-1
100760,-1
100761,-1
100762,-1
100763,-1
100764,-1
100765,-1
100766,2
100767,-1
100768,-1
100769,-1
100770,2
100771,-1
100772,1
100773,-1
100774,1
100775,-1
100776,1
100777,-1
100778,1
100779,-1
100780,2
100781,-1
100782,1
100783,-1
100784,-1
100785,-1
100786,-1
100787,-1
100788,1
100789,-1
100790,1
100791,-1
100792,-1
100793,-1
100794,3
100795,-1
100796,-1
100797,-1
100798,2
100799,1
100800,1
100801,-1
100802,1
100803,-1
100804,-1
100805,-1
100806,3
100807,-1
100808,-1
100809,-1
100810,-1
100811,-1
100812,1
100813,-1
100814,-1
100815,-1
100816,2
100817,-1
100818,3
100819,-1
100820,-1
100821,-1
100822,1
100823,-1
100824,2
100825,-1
100826,1
100827,-1
100828,-1
100829,-1
100830,-1
100831,-1
100832,-1
100833,-1
100834,1
100835,-1
100836,1
100837,-1
100838,-1
100839,-1
100840,1
100841,-1
100842,-1
100843,-1
100844,2
100845,-1
100846,2
100847,-1
100848,-1
100849,-1
100850,-1
100851,-1
100852,-1
100853,-1
100854,-1
100855,-1
100856,1
100857,-1
100858,1
100859,-1
100860,-1
100861,-1
100862,2
100863,1
100864,-1
100865,-1
100866,1
100867,-1
100868,2
100869,-1
100870,2
100871,-1
100872,3
100873,-1
100874,-1
100875,-1
100876,2
100877,-1
100878,-1
100879,-1
100880,2
100881,-1
100882,-1
100883,-1
100884,1
100885,-1
100886,1
100887,-1
100888,-1
100889,-1
100890,-1
100891,-1
100892,-1
100893,-1
100894,-1
100895,-1
100896,2
100897,-1
100898,-1
100899,-1
100900,1
100901,-1
100902,3
100903,2
100904,1
100905,-1
100906,-1
100907,-1
100908,-1
100909,-1
100910,-1
100911,-1
100912,2
100913,-1
100914,-1
100915,-1
100916,-1
100917,-1
100918,-1
100919,-1
100920,3
100921,-1
100922,1
100923,-1
100924,-1
100925,-1
100926,-1
100927,-1
100928,-1
100929,-1
100930,3
100931,-1
100932,-1
100933,-1
100934,-1
100935,-1
100936,-1
100937,-1
100938,-1
100939,-1
100940,-1
100941,-1
100942,1
100943,-1
100944,3
100945,-1
100946,2
100947,-1
100948,-1
100949,-1
100950,-1
100951,-1
100952,2
100953,-1
100954,1
100955,-1
100956,-1
100957,-1
100958,1
100959,-1
100960,2
100961,-1
100962,-1
100963,-1
100964,-1
100965,-1
100966,1
100967,-1
100968,1
100969,-1
100970,-1
100971,-1
100972,-1
100973,-1
100974,-1
100975,-1
100976,1
100977,-1
100978,-1
100979,-1
100980,-1
100981,-1
100982,-1
100983,-1
100984,-1
100985,-1
100986,1
100987,-1
100988,-1
100989,-1
100990,-1
100991,-1
100992,1
100993,-1
100994,3
100995,-1
100996,-1
100997,-1
100998,-1
100999,-1
101000,-1
101001,-1
101002,2
101003,-1
101004,1
101005,-1
101006,1
101007,-1
101008,-1
101009,-1
101010,1
101011,-1
101012,-1
101013,-1
101014,-1
101015,-1
101016,-1
101017,-1
101018,1
101019,-1
101020,1
101021,-1
101022,-1
101023,-1
101024,3
101025,-1
101026,-1
101027,-1
101028,-1
101029,-1
101030,-1
101031,-1
101032,2
101033,-1
101034,-1
101035,-1
101036,-1
101037,-1
101038,1
101039,-1
101040,-1
101041,-1
101042,-1
101043,-1
101044,-1
101045,-1
101046,1
101047,0
101048,-1
101049,-1
101050,1
101051,-1
101052,-1
101053,-1
101054,-1
101055,-1
101056,1
101057,-1
101058,-1
101059,-1
101060,1
101061,-1
101062,-1
101063,-1
101064,-1
101065,-1
101066,-1
101067,-1
101068,-1
101069,-1
101070,-1
101071,-1
101072,-1
101073,-1
101074,1
101075,-1
101076,1
101077,-1
101078,-1
101079,-1
101080,1
101081,-1
101082,-1
101083,-1
101084,-1
101085,-1
101086,-1
101087,-1
101088,2
101089,-1
101090,-1
101091,-1
101092,1
101093,-1
101094,-1
101095,-1
101096,3
101097,-1
101098,-1
101099,-1
101100,-1
101101,-1
101102,-1
101103,-1
101104,-1
101105,-1
101106,-1
101107,-1
101108,-1
101109,-1
101110,-1
101111,-1
101112,-1
101113,-1
101114,-1
101115,-1
101116,-1
101117,-1
101118,-1
101119,-1
101120,-1
101121,-1
101122,-1
101123,-1
101124,-1
101125,-1
101126,-1
101127,-1
101128,1
101129,-1
101130,-1
101131,-1
101132,-1
101133,-1
101134,-1
101135,-1
101136,-1
101137,-1
101138,-1
101139,-1
101140,1
101141,-1
101142,-1
101143,-1
101144,-1
101145,-1
101146,-1
101147,-1
101148,-1
101149,-1
101150,-1
101151,-1
101152,-1
101153,-1
101154,1
101155,-1
101156,-1
101157,-1
101158,-1
101159,-1
101160,-1
101161,-1
101162,-1
101163,-1
101164,-1
101165,-1
101166,1
101167,-1
101168,1
101169,-1
101170,-1
101171,-1
101172,-1
101173,-1
101174,-1
101175,-1
101176,-1
101177,-1
101178,-1
101179,-1
101180,-1
101181,-1
101182,-1
101183,-1
101184,-1
101185,-1
101186,-1
101187,-1
101188,-1
101189,-1
101190,-1
101191,-1
101192,-1
101193,-1
101194,-1
101195,-1
101196,-1
101197,-1
101198,-1
101199,-1
101200,-1
101201,-1
101202,-1
101203,-1
101204,-1
101205,-1
101206,-1
101207,-1
101208,1
101209,-1
101210,-1
101211,-1
101212,-1
101213,-1
101214,-1
101215,-1
101216,-1
101217,-1
101218,-1
101219,-1
101220,1
101221,-1
101222,-1
101223,-1
101224,-1
101225,-1
101226,-1
101227,-1
101228,-1
101229,-1
101230,-1
101231,-1
101232,-1
101233,-1
101234,-1
101235,-1
101236,-1
101237,-1
101238,-1
101239,-1
101240,-1
101241,-1
101242,-1
101243,-1
101244,1
101245,-1
101246,-1
101247,-1
101248,-1
101249,-1
101250,-1
101251,-1
101252,-1
101253,-1
101254,-1
101255,-1
101256,-1
101257,-1
101258,-1
101259,-1
101260,-1
101261,-1
101262,-1
101263,-1
101264,-1
101265,-1
101266,-1
101267,-1
101268,-1
101269,-1
101270,-1
101271,-1
101272,-1
101273,-1
101274,1
101275,-1
101276,-1
101277,-1
101278,-1
101279,-1
101280,-1
101281,-1
101282,-1
101283,-1
101284,-1
101285,-1
101286,-1
101287,-1
101288,-1
101289,-1
101290,-1
101291,-1
101292,-1
101293,-1
101294,-1
101295,-1
101296,-1
101297,-1
101298,-1
101299,-1
101300,-1
101301,-1
101302,-1
101303,-1
101304,-1
101305,-1
101306,-1
101307,-1
101308,-1
101309,-1
101310,-1
101311,-1
101312,-1
101313,-1
101314,-1
101315,-1
101316,-1
101317,-1
